30401 陈柏林 109.0 84.0 112.0 80.0 70.0 85.0 305.0 235.0 540.0
30402 陈东晓 116.0 92.0 104.5 83.0 76.0 74.0 312.5 233.0 545.5
30403 陈冬仪 117.0 99.0 96.5 76.0 66.0 80.0 312.5 222.0 534.5
30404 陈金洲 111.0 130.0 110.0 88.0 98.0 84.0 351.0 270.0 621.0
30405 陈淑妍 117.0 108.0 120.0 100.0 83.0 85.0 345.0 268.0 613.0
30406 胡楷宇 105.0 130.0 104.5 75.0 59.0 79.0 339.5 213.0 552.5
30407 胡昱 116.0 116.0 112.5 82.0 83.0 88.0 344.5 253.0 597.5
30408 黄艾琪 120.0 111.0 125.5 86.0 91.0 92.0 356.5 269.0 625.5
30409 黄狄林 115.0 114.0 126.5 90.0 79.0 82.0 355.5 251.0 606.5
30410 黄琳婷 101.0 80.0 109.0 52.0 67.0 75.0 290.0 194.0 484.0
30411 黄云进 110.0 99.0 103.0 83.0 77.0 84.0 312.0 244.0 556.0
30412 纪慧煊 109.0 123.0 114.0 85.0 72.0 79.0 346.0 236.0 582.0
30413 蓝玉奇 107.0 86.0 119.5 63.0 65.0 71.0 312.5 199.0 511.5
30414 李宏森 107.0 85.0 83.5 56.0 40.0 64.0 275.5 160.0 435.5
30415 李艺晴 113.0 113.0 120.5 93.0 95.0 86.0 346.5 274.0 620.5
30416 李兆捷 113.0 127.0 112.0 100.0 95.0 92.0 352.0 287.0 639.0
30417 林达 114.0 113.0 111.5 82.0 69.0 92.0 338.5 243.0 581.5
30418 林镜辉 114.0 110.0 110.0 100.0 82.0 77.0 334.0 259.0 593.0
30419 林永佳 113.0 98.0 96.5 60.0 67.0 77.0 307.5 204.0 511.5
30420 林昱霖 110.0 134.0 108.5 89.0 86.0 84.0 352.5 259.0 611.5
30421 林泽楷 113.0 118.0 105.0 87.0 85.0 78.0 336.0 250.0 586.0
30422 刘琳菲 111.0 76.0 100.5 76.0 76.0 87.0 287.5 239.0 526.5
30423 刘壮鸣 70.0 5.0 53.0 28.0 21.0 26.0 128.0 75.0 203.0
30424 卢涵 106.0 94.0 113.0 82.0 68.0 64.0 313.0 214.0 527.0
30425 卢昕玥 106.0 100.0 114.5 90.0 73.0 76.0 320.5 239.0 559.5
30426 卢彦宇 101.0 95.0 96.0 81.0 66.0 76.0 292.0 223.0 515.0
30427 罗亦宋 110.0 71.0 114.0 65.0 68.0 74.0 295.0 207.0 502.0
30428 麦扬 110.0 91.0 109.0 78.0 84.0 82.0 310.0 244.0 554.0
30429 邵彦程 93.0 63.0 83.0 86.0 59.0 69.0 239.0 214.0 453.0
30430 沈丹琼 123.0 111.0 113.0 82.0 81.0 92.0 347.0 255.0 602.0
30431 王磊 121.0 116.0 114.0 98.0 78.0 86.0 351.0 262.0 613.0
30432 王震霆 102.0 73.0 79.5 55.0 50.0 71.0 254.5 176.0 430.5
30433 韦昕澄 115.0 133.0 118.5 95.0 82.0 86.0 366.5 263.0 629.5
30434 魏桐曦 122.0 123.0 126.5 82.0 86.0 87.0 371.5 255.0 626.5
30435 翁铭捷 114.0 98.0 101.0 83.0 63.0 80.0 313.0 226.0 539.0
30436 吴洁兰 102.0 104.0 106.0 85.0 58.0 76.0 312.0 219.0 531.0
30437 吴婕洵 113.0 124.0 118.5 93.0 88.0 88.0 355.5 269.0 624.5
30438 吴郁楠 106.0 109.0 113.0 89.0 72.0 84.0 328.0 245.0 573.0
30439 吴泽峰 109.0 113.0 105.0 95.0 91.0 84.0 327.0 270.0 597.0
30440 吴植慧 102.0 84.0 100.5 63.0 54.0 62.0 286.5 179.0 465.5
30441 谢庆欣 106.0 114.0 105.0 79.0 60.0 75.0 325.0 214.0 539.0
30442 辛孜玫 116.0 115.0 99.0 78.0 69.0 85.0 330.0 232.0 562.0
30443 徐浩锴 105.0 119.0 91.5 89.0 58.0 85.0 315.5 232.0 547.5
30444 许可淳 129.0 135.0 129.5 97.0 95.0 85.0 393.5 277.0 670.5
30445 许林菁 121.0 105.0 102.5 73.0 54.0 74.0 328.5 201.0 529.5
30446 许统辉 103.0 101.0 83.0 76.0 63.0 83.0 287.0 222.0 509.0
30447 许旭东 127.0 104.0 130.0 95.0 79.0 89.0 361.0 263.0 624.0
30448 杨博锐 118.0 77.0 104.5 69.0 53.0 79.0 299.5 201.0 500.5
30449 杨乔 109.0 101.0 111.0 60.0 64.0 85.0 321.0 209.0 530.0
30450 杨宇镔 107.0 105.0 95.0 85.0 58.0 82.0 307.0 225.0 532.0
30451 杨芷涵 114.0 108.0 126.5 93.0 90.0 87.0 348.5 270.0 618.5
30452 姚楷炫 122.0 120.0 109.0 97.0 91.0 90.0 351.0 278.0 629.0
30453 张若涵 117.0 84.0 122.0 82.0 88.0 79.0 323.0 249.0 572.0
30454 张雪妍 119.0 92.0 105.5 84.0 78.0 78.0 316.5 240.0 556.5
30455 赵明明 115.0 113.0 116.0 70.0 72.0 93.0 344.0 235.0 579.0
30456 赵晓明 118.0 121.0 110.0 73.0 70.0 76.0 349.0 219.0 568.0
30457 郑沐林 117.0 139.0 119.5 81.0 85.0 88.0 375.5 254.0 629.5
30458 郑镛墉 117.0 104.0 106.5 60.0 67.0 91.0 327.5 218.0 545.5
30459 钟献彪 109.0 103.0 90.5 76.0 78.0 86.0 302.5 240.0 542.5
30460 周梓勃 102.0 117.0 112.0 85.0 77.0 80.0 331.0 242.0 573.0
30461 朱丹琪 108.0 103.0 105.0 75.0 63.0 87.0 316.0 225.0 541.0
30462 庄漪婷 95.0 100.0 97.0 98.0 68.0 77.0 292.0 243.0 535.0
30501 蔡苑虹 116.0 132.0 117.5 95.0 86.0 89.0 365.5 270.0 635.5
30502 陈福溢 121.0 100.0 114.5 96.0 82.0 86.0 335.5 264.0 599.5
30503 陈泓 112.0 53.0 119.5 87.0 65.0 66.0 284.5 218.0 502.5
30504 陈佳泓 117.0 121.0 103.0 78.0 89.0 76.0 341.0 243.0 584.0
30505 陈嘉胜 106.0 74.0 98.0 44.0 61.0 80.0 278.0 185.0 463.0
30506 陈丽娜 114.0 119.0 103.5 91.0 82.0 83.0 336.5 256.0 592.5
30507 陈沛震 105.0 113.0 97.0 78.0 73.0 74.0 315.0 225.0 540.0
30508 陈乔林 113.0 101.0 105.5 72.0 80.0 77.0 319.5 229.0 548.5
30509 陈疏桐 123.0 124.0 127.5 84.0 82.0 82.0 374.5 248.0 622.5
30510 陈欣洋 102.0 102.0 95.5 70.0 62.0 68.0 299.5 200.0 499.5
30511 陈雅琪 115.0 113.0 120.0 89.0 69.0 80.0 348.0 238.0 586.0
30512 陈一凡 98.0 114.0 93.5 82.0 87.0 87.0 305.5 256.0 561.5
30513 陈禹廷 101.0 122.0 112.5 92.0 78.0 81.0 335.5 251.0 586.5
30514 陈煜琳 120.0 130.0 123.5 83.0 82.0 91.0 373.5 256.0 629.5
30515 陈梓瀚 113.0 119.0 112.0 81.0 87.0 88.0 344.0 256.0 600.0
30517 陈梓宇 111.0 114.0 101.0 91.0 74.0 83.0 326.0 248.0 574.0
30518 方灿鸿 113.0 126.0 114.5 86.0 93.0 87.0 353.5 266.0 619.5
30519 郭梓淇 105.0 99.0 104.0 86.0 66.0 79.0 308.0 231.0 539.0
30520 黄泓鉴 113.0 126.0 119.5 99.0 96.0 84.0 358.5 279.0 637.5
30521 黄金涛 106.0 123.0 112.5 84.0 81.0 81.0 341.5 246.0 587.5
30522 黄式铨 112.0 112.0 103.5 90.0 72.0 87.0 327.5 249.0 576.5
30523 黄孜睿 105.0 101.0 111.0 96.0 80.0 79.0 317.0 255.0 572.0
30524 江卓聪 119.0 126.0 127.0 99.0 78.0 86.0 372.0 263.0 635.0
30525 李依璘 110.0 109.0 122.5 92.0 75.0 76.0 341.5 243.0 584.5
30526 李子聪 111.0 113.0 115.0 97.0 82.0 90.0 339.0 269.0 608.0
30527 林钡钡 119.0 117.0 103.5 87.0 77.0 86.0 339.5 250.0 589.5
30528 林洁萍 110.0 94.0 99.0 88.0 72.0 77.0 303.0 237.0 540.0
30529 林煜涛 107.0 119.0 96.5 100.0 87.0 87.0 322.5 274.0 596.5
30530 林泽滢 116.0 89.0 115.0 84.0 49.0 71.0 320.0 204.0 524.0
30531 刘榕飒 110.0 108.0 112.0 73.0 79.0 83.0 330.0 235.0 565.0
30532 陆凡冰 110.0 118.0 105.0 98.0 75.0 81.0 333.0 254.0 587.0
30533 马万里 82.0 101.0 106.0 78.0 69.0 75.0 289.0 222.0 511.0
30534 马伟涛 122.0 141.0 122.5 94.0 92.0 85.0 385.5 271.0 656.5
30535 潘俞霏 112.0 116.0 115.5 87.0 74.0 89.0 343.5 250.0 593.5
30536 沈哲沛 112.0 103.0 96.0 71.0 65.0 75.0 311.0 211.0 522.0
30537 孙玮 116.0 112.0 100.0 76.0 73.0 85.0 328.0 234.0 562.0
30538 王楠 115.0 101.0 113.0 69.0 60.0 82.0 329.0 211.0 540.0
30539 王天乐 110.0 83.0 105.5 67.0 57.0 82.0 298.5 206.0 504.5
30540 吴博 114.0 125.0 125.5 82.0 82.0 85.0 364.5 249.0 613.5
30541 吴佳芸 104.0 90.0 113.0 85.0 58.0 70.0 307.0 213.0 520.0
30542 吴淇升 109.0 119.0 100.0 80.0 58.0 76.0 328.0 214.0 542.0
30543 吴易达 113.0 132.0 92.5 85.0 81.0 85.0 337.5 251.0 588.5
30544 肖泽楷 111.0 93.0 105.0 62.0 76.0 85.0 309.0 223.0 532.0
30545 谢函瀚 113.0 94.0 118.5 66.0 70.0 79.0 325.5 215.0 540.5
30547 谢思婷 118.0 113.0 118.5 90.0 83.0 81.0 349.5 254.0 603.5
30548 谢育锋 108.0 114.0 102.0 84.0 82.0 82.0 324.0 248.0 572.0
30549 徐芷欣 113.0 109.0 122.0 87.0 86.0 87.0 344.0 260.0 604.0
30550 杨昕 121.0 109.0 123.0 77.0 81.0 83.0 353.0 241.0 594.0
30551 姚雪萍 109.0 92.0 107.5 79.0 72.0 79.0 308.5 230.0 538.5
30552 姚逸峰 111.0 119.0 110.0 91.0 77.0 77.0 340.0 245.0 585.0
30553 余泓涛 100.0 79.0 77.5 61.0 68.0 72.0 256.5 201.0 457.5
30554 余珮镕 112.0 114.0 109.5 95.0 75.0 83.0 335.5 253.0 588.5
30555 曾烁 119.0 92.0 104.5 89.0 68.0 79.0 315.5 236.0 551.5
30556 张基烨 115.0 99.0 101.0 85.0 81.0 77.0 315.0 243.0 558.0
30557 张锦河 118.0 122.0 98.5 95.0 85.0 85.0 338.5 265.0 603.5
30558 张子斌 115.0 125.0 117.0 89.0 89.0 83.0 357.0 261.0 618.0
30559 张宗泽 94.0 102.0 106.5 81.0 76.0 78.0 302.5 235.0 537.5
30560 郑涵 121.0 122.0 122.5 84.0 90.0 92.0 365.5 266.0 631.5
30561 郑主加 109.0 102.0 106.0 92.0 65.0 80.0 317.0 237.0 554.0
30562 钟婉灵 104.0 108.0 99.5 86.0 80.0 84.0 311.5 250.0 561.5
30563 周哲 99.0 119.0 115.0 98.0 88.0 74.0 333.0 260.0 593.0
30601 蔡楚怡 105.0 105.0 104.5 81.0 77.0 76.0 314.5 234.0 548.5
30602 蔡瀚锋 112.0 121.0 107.5 80.0 65.0 70.0 340.5 215.0 555.5
30603 蔡弋炀 121.0 111.0 114.0 77.0 94.0 83.0 346.0 254.0 600.0
30604 陈金涛 116.0 112.0 99.5 85.0 76.0 69.0 327.5 230.0 557.5
30605 陈谨 112.0 91.0 112.5 82.0 80.0 78.0 315.5 240.0 555.5
30606 陈庆 100.0 96.0 93.0 88.0 66.0 75.0 289.0 229.0 518.0
30607 陈帅琦 115.0 92.0 113.5 67.0 71.0 82.0 320.5 220.0 540.5
30608 陈锶涛 106.0 99.0 107.5 90.0 63.0 71.0 312.5 224.0 536.5
30609 陈雅文 115.0 118.0 125.0 78.0 75.0 87.0 358.0 240.0 598.0
30610 陈妍 113.0 106.0 122.5 67.0 81.0 85.0 341.5 233.0 574.5
30611 陈振霖 105.0 122.0 97.0 85.0 73.0 87.0 324.0 245.0 569.0
30612 陈震寅 106.0 138.0 78.5 98.0 83.0 81.0 322.5 262.0 584.5
30613 陈梓泓 107.0 108.0 91.5 93.0 81.0 77.0 306.5 251.0 557.5
30614 陈梓演 128.0 118.0 116.0 100.0 84.0 83.0 362.0 267.0 629.0
30615 戴德燊 113.0 127.0 96.0 83.0 73.0 83.0 336.0 239.0 575.0
30616 方家浩 113.0 76.0 85.5 98.0 78.0 66.0 274.5 242.0 516.5
30617 方玮绚 114.0 97.0 102.5 63.0 70.0 79.0 313.5 212.0 525.5
30618 方小涵 104.0 55.0 101.5 86.0 61.0 75.0 260.5 222.0 482.5
30619 方梓昊 97.0 104.0 105.0 74.0 60.0 76.0 306.0 210.0 516.0
30620 郭悦宁 112.0 75.0 93.5 68.0 60.0 76.0 280.5 204.0 484.5
30622 洪斯沛 107.0 103.0 124.0 83.0 60.0 67.0 334.0 210.0 544.0
30623 黄蔓蔓 120.0 104.0 106.5 93.0 75.0 77.0 330.5 245.0 575.5
30624 黄树炫 123.0 111.0 110.5 100.0 89.0 87.0 344.5 276.0 620.5
30625 黄晚至 115.0 96.0 117.0 77.0 64.0 87.0 328.0 228.0 556.0
30626 黄粤奇 118.0 89.0 112.5 79.0 73.0 76.0 319.5 228.0 547.5
30627 李传璞 109.0 109.0 113.5 72.0 77.0 77.0 331.5 226.0 557.5
30628 李科谋 105.0 136.0 104.0 93.0 67.0 75.0 345.0 235.0 580.0
30629 李婉宜 117.0 111.0 104.5 85.0 87.0 80.0 332.5 252.0 584.5
30630 李心彤 112.0 91.0 106.5 54.0 75.0 77.0 309.5 206.0 515.5
30631 梁婧 104.0 98.0 105.0 79.0 74.0 71.0 307.0 224.0 531.0
30632 林琦 106.0 115.0 106.5 95.0 94.0 88.0 327.5 277.0 604.5
30633 林润峰 110.0 63.0 107.0 65.0 70.0 67.0 280.0 202.0 482.0
30634 林烁 110.0 122.0 110.0 79.0 77.0 82.0 342.0 238.0 580.0
30635 林钰祺 115.0 115.0 104.0 89.0 74.0 85.0 334.0 248.0 582.0
30636 林泽聪 110.0 123.0 103.5 92.0 98.0 86.0 336.5 276.0 612.5
30637 林泽娜 113.0 96.0 120.5 84.0 77.0 89.0 329.5 250.0 579.5
30638 刘学智 105.0 118.0 111.0 88.0 84.0 84.0 334.0 256.0 590.0
30639 马思奇 115.0 122.0 102.0 72.0 66.0 80.0 339.0 218.0 557.0
30640 佘卓键 102.0 119.0 95.5 93.0 72.0 84.0 316.5 249.0 565.5
30641 沈畅泳 120.0 133.0 125.0 93.0 97.0 81.0 378.0 271.0 649.0
30642 汤庆琳 105.0 99.0 113.0 76.0 67.0 74.0 317.0 217.0 534.0
30643 王嘉如 122.0 117.0 101.5 81.0 74.0 80.0 340.5 235.0 575.5
30644 王琳 112.0 108.0 117.0 81.0 77.0 77.0 337.0 235.0 572.0
30645 王梓渲 105.0 120.0 110.0 83.0 76.0 82.0 335.0 241.0 576.0
30646 吴文澜 109.0 78.0 101.0 53.0 61.0 76.0 288.0 190.0 478.0
30647 吴妍 124.0 122.0 110.5 93.0 75.0 88.0 356.5 256.0 612.5
30648 许夏帆 122.0 134.0 127.5 99.0 86.0 86.0 383.5 271.0 654.5
30649 许烨琪 88.0 123.0 100.5 93.0 66.0 77.0 311.5 236.0 547.5
30650 杨金满 116.0 123.0 114.5 93.0 99.0 91.0 353.5 283.0 636.5
30651 杨壬 96.0 54.0 88.0 61.0 55.0 69.0 238.0 185.0 423.0
30652 杨依云 113.0 94.0 126.5 74.0 72.0 68.0 333.5 214.0 547.5
30653 蚁维聪 118.0 111.0 104.5 93.0 84.0 85.0 333.5 262.0 595.5
30654 余信荣 115.0 112.0 127.0 76.0 89.0 86.0 354.0 251.0 605.0
30655 喻子韬 104.0 115.0 93.0 98.0 74.0 82.0 312.0 254.0 566.0
30656 詹育东 123.0 136.0 104.5 89.0 86.0 88.0 363.5 263.0 626.5
30657 张棣炫 100.0 97.0 120.5 93.0 70.0 73.0 317.5 236.0 553.5
30658 张欣悦 109.0 95.0 103.0 84.0 76.0 84.0 307.0 244.0 551.0
30659 郑东能 112.0 140.0 102.5 98.0 91.0 78.0 354.5 267.0 621.5
30660 郑凯元 109.0 120.0 131.5 90.0 81.0 85.0 360.5 256.0 616.5
30661 郑泽楠 107.0 101.0 117.0 96.0 89.0 88.0 325.0 273.0 598.0
30662 钟贝琪 110.0 120.0 112.5 76.0 78.0 82.0 342.5 236.0 578.5
30663 周盈贝 119.0 114.0 91.0 72.0 86.0 84.0 324.0 242.0 566.0
30701 蔡博涵 107.0 104.0 92.5 76.0 79.0 88.0 303.5 243.0 546.5
30702 蔡琪 110.0 96.0 87.0 70.0 69.0 73.0 293.0 212.0 505.0
30703 蔡淑熙 109.0 114.0 122.5 77.0 69.0 82.0 345.5 228.0 573.5
30704 蔡晓仪 122.0 100.0 114.5 86.0 73.0 87.0 336.5 246.0 582.5
30705 蔡泽莹 102.0 124.0 94.0 90.0 65.0 76.0 320.0 231.0 551.0
30706 蔡之雅 111.0 94.0 108.5 58.0 54.0 79.0 313.5 191.0 504.5
30707 蔡至钿 103.0 88.0 103.5 83.0 52.0 70.0 294.5 205.0 499.5
30708 陈畅 109.0 111.0 106.0 72.0 62.0 73.0 326.0 207.0 533.0
30709 陈铎仑 121.0 128.0 126.0 87.0 90.0 90.0 375.0 267.0 642.0
30710 陈俊成 117.0 117.0 103.0 83.0 92.0 82.0 337.0 257.0 594.0
30711 陈思冰 111.0 94.0 108.5 78.0 67.0 80.0 313.5 225.0 538.5
30712 陈思桦 108.0 94.0 97.5 85.0 78.0 71.0 299.5 234.0 533.5
30713 陈武杰 107.0 90.0 109.0 71.0 53.0 78.0 306.0 202.0 508.0
30714 陈晓雯 124.0 136.0 129.5 90.0 80.0 84.0 389.5 254.0 643.5
30715 陈奕纯 103.0 83.0 112.0 66.0 73.0 77.0 298.0 216.0 514.0
30716 陈钟之 105.0 104.0 103.0 81.0 75.0 84.0 312.0 240.0 552.0
30717 陈梓博 115.0 119.0 112.5 85.0 79.0 85.0 346.5 249.0 595.5
30718 陈梓全 104.0 124.0 118.0 95.0 83.0 82.0 346.0 260.0 606.0
30719 丁烜 107.0 102.0 90.0 82.0 67.0 76.0 299.0 225.0 524.0
30720 杜昕 105.0 84.0 119.0 87.0 72.0 89.0 308.0 248.0 556.0
30721 杜展 121.0 105.0 105.5 95.0 89.0 91.0 331.5 275.0 606.5
30722 郭枫阳 125.0 119.0 120.5 88.0 73.0 90.0 364.5 251.0 615.5
30723 洪欣苑 111.0 92.0 94.0 52.0 66.0 71.0 297.0 189.0 486.0
30724 洪梓昂 115.0 122.0 114.5 92.0 78.0 89.0 351.5 259.0 610.5
30725 黄心婷 113.0 110.0 113.5 98.0 75.0 84.0 336.5 257.0 593.5
30726 黄芷琳 109.0 99.0 125.0 70.0 68.0 80.0 333.0 218.0 551.0
30727 李博恩 108.0 93.0 103.5 89.0 90.0 80.0 304.5 259.0 563.5
30728 李恺寰 110.0 104.0 106.5 88.0 87.0 90.0 320.5 265.0 585.5
30729 李沛熙 112.0 130.0 101.5 95.0 98.0 87.0 343.5 280.0 623.5
30730 李翊亨 112.0 124.0 112.5 94.0 78.0 90.0 348.5 262.0 610.5
30731 林宏杰 111.0 114.0 100.5 87.0 77.0 86.0 325.5 250.0 575.5
30732 林熙 107.0 73.0 85.5 76.0 62.0 81.0 265.5 219.0 484.5
30733 林映含 105.0 121.0 121.0 92.0 76.0 73.0 347.0 241.0 588.0
30734 林芸 103.0 119.0 110.5 84.0 87.0 83.0 332.5 254.0 586.5
30735 刘乐欣 110.0 112.0 123.5 80.0 83.0 80.0 345.5 243.0 588.5
30736 刘依雯 95.0 63.0 107.0 52.0 56.0 81.0 265.0 189.0 454.0
30737 刘雨奇 115.0 121.0 121.5 94.0 86.0 89.0 357.5 269.0 626.5
30738 刘子烁 110.0 92.0 107.0 88.0 79.0 86.0 309.0 253.0 562.0
30739 陆伟坤 115.0 101.0 94.0 66.0 70.0 82.0 310.0 218.0 528.0
30740 马学宽 115.0 100.0 114.0 59.0 80.0 81.0 329.0 220.0 549.0
30741 彭博澄 110.0 117.0 103.0 85.0 63.0 80.0 330.0 228.0 558.0
30742 邱可盈 107.0 122.0 101.0 88.0 80.0 80.0 330.0 248.0 578.0
30743 佘晓仪 98.0 77.0 110.0 84.0 59.0 76.0 285.0 219.0 504.0
30744 盛若岚 114.0 89.0 95.5 82.0 86.0 81.0 298.5 249.0 547.5
30745 苏烁航 104.0 132.0 94.0 96.0 65.0 69.0 330.0 230.0 560.0
30746 苏斯楠 102.0 73.0 91.0 91.0 64.0 74.0 266.0 229.0 495.0
30747 孙润楷 105.0 109.0 105.0 67.0 79.0 81.0 319.0 227.0 546.0
30748 吴佳生 106.0 108.0 117.0 97.0 87.0 94.0 331.0 278.0 609.0
30749 吴昕 117.0 108.0 104.5 85.0 73.0 72.0 329.5 230.0 559.5
30750 谢伟坤 115.0 115.0 95.0 89.0 87.0 81.0 325.0 257.0 582.0
30751 谢宗泰 103.0 112.0 102.0 95.0 87.0 72.0 317.0 254.0 571.0
30752 徐子媛 115.0 81.0 106.5 78.0 74.0 76.0 302.5 228.0 530.5
30753 许楷扬 109.0 113.0 117.5 88.0 65.0 82.0 339.5 235.0 574.5
30754 许艺瀛 116.0 98.0 124.0 88.0 73.0 83.0 338.0 244.0 582.0
30755 杨深林 117.0 101.0 91.0 99.0 81.0 90.0 309.0 270.0 579.0
30756 杨烨爽 112.0 136.0 114.5 87.0 91.0 87.0 362.5 265.0 627.5
30757 叶乐萱 120.0 122.0 141.5 96.0 95.0 92.0 383.5 283.0 666.5
30758 张睿 108.0 88.0 103.0 86.0 60.0 78.0 299.0 224.0 523.0
30759 张少伟 108.0 99.0 101.5 89.0 71.0 80.0 308.5 240.0 548.5
30760 张煜坚 108.0 111.0 121.5 77.0 53.0 76.0 340.5 206.0 546.5
30761 郑逸晖 105.0 116.0 127.0 72.0 95.0 86.0 348.0 253.0 601.0
30762 钟耿钦 114.0 110.0 95.0 94.0 78.0 77.0 319.0 249.0 568.0
30801 蔡筱蕊 120.0 100.0 102.0 86.0 72.0 83.0 322.0 241.0 563.0
30802 蔡奕桐 115.0 125.0 105.0 86.0 79.0 82.0 345.0 247.0 592.0
30803 蔡泽泓 110.0 98.0 100.5 91.0 81.0 82.0 308.5 254.0 562.5
30804 陈达可 118.0 119.0 110.0 94.0 90.0 93.0 347.0 277.0 624.0
30805 陈丹仪 125.0 132.0 107.0 98.0 91.0 90.0 364.0 279.0 643.0
30806 陈锴榆 119.0 123.0 95.5 84.0 74.0 93.0 337.5 251.0 588.5
30807 陈润慷 110.0 128.0 113.0 98.0 90.0 82.0 351.0 270.0 621.0
30808 陈淑芳 108.0 89.0 110.5 87.0 65.0 84.0 307.5 236.0 543.5
30809 陈彦宇 110.0 114.0 112.5 65.0 49.0 66.0 336.5 180.0 516.5
30810 陈钰琦 110.0 85.0 120.0 74.0 57.0 77.0 315.0 208.0 523.0
30811 陈志航 104.0 95.0 95.5 82.0 69.0 70.0 294.5 221.0 515.5
30812 单浩铭 122.0 81.0 101.0 87.0 84.0 74.0 304.0 245.0 549.0
30813 董煜然 106.0 101.0 88.0 92.0 83.0 83.0 295.0 258.0 553.0
30814 杜庚育 116.0 127.0 130.5 89.0 90.0 96.0 373.5 275.0 648.5
30815 方淑钰 104.0 91.0 94.0 78.0 66.0 80.0 289.0 224.0 513.0
30816 方殷锴 110.0 122.0 127.0 84.0 84.0 87.0 359.0 255.0 614.0
30817 葛颖 109.0 110.0 96.0 92.0 69.0 82.0 315.0 243.0 558.0
30818 郭粉红 120.0 98.0 105.0 75.0 76.0 81.0 323.0 232.0 555.0
30819 郭景瀚 102.0 64.0 109.5 89.0 61.0 79.0 275.5 229.0 504.5
30820 洪立强 113.0 112.0 121.5 87.0 70.0 78.0 346.5 235.0 581.5
30821 洪少锐 117.0 128.0 113.0 85.0 93.0 86.0 358.0 264.0 622.0
30822 黄端 104.0 105.0 120.5 76.0 96.0 76.0 329.5 248.0 577.5
30823 黄丰 109.0 117.0 103.0 91.0 83.0 87.0 329.0 261.0 590.0
30824 黄俊斐 100.0 114.0 96.5 88.0 77.0 78.0 310.5 243.0 553.5
30825 黄可欣 121.0 115.0 123.0 80.0 83.0 92.0 359.0 255.0 614.0
30826 金泽薰 118.0 133.0 114.0 90.0 87.0 94.0 365.0 271.0 636.0
30827 蓝旸 113.0 93.0 109.0 71.0 78.0 76.0 315.0 225.0 540.0
30828 林炳丽 114.0 136.0 120.0 88.0 97.0 91.0 370.0 276.0 646.0
30829 林栾荀 111.0 120.0 114.5 78.0 92.0 85.0 345.5 255.0 600.5
30830 林若彤 112.0 119.0 118.0 83.0 76.0 80.0 349.0 239.0 588.0
30832 林钇 109.0 105.0 113.5 93.0 77.0 78.0 327.5 248.0 575.5
30833 林毓莹 112.0 107.0 122.5 83.0 66.0 84.0 341.5 233.0 574.5
30834 林泽凯 117.0 114.0 81.5 91.0 74.0 74.0 312.5 239.0 551.5
30835 刘尔嘉 117.0 116.0 116.0 99.0 80.0 89.0 349.0 268.0 617.0
30836 马旭宁 115.0 114.0 100.5 98.0 72.0 83.0 329.5 253.0 582.5
30837 彭诗妍 110.0 73.0 97.0 68.0 48.0 72.0 280.0 188.0 468.0
30838 宋洁榕 109.0 112.0 110.5 88.0 65.0 78.0 331.5 231.0 562.5
30839 王绿蔚 126.0 111.0 125.0 85.0 86.0 86.0 362.0 257.0 619.0
30840 王维佳 98.0 100.0 100.5 64.0 57.0 67.0 298.5 188.0 486.5
30841 王知往 105.0 114.0 113.0 87.0 64.0 80.0 332.0 231.0 563.0
30842 王志扬 101.0 107.0 97.5 84.0 80.0 75.0 305.5 239.0 544.5
30843 温一海 106.0 107.0 113.5 75.0 69.0 74.0 326.5 218.0 544.5
30844 吴丹妮 103.0 84.0 110.5 48.0 49.0 77.0 297.5 174.0 471.5
30845 吴赋 120.0 130.0 123.5 99.0 88.0 87.0 373.5 274.0 647.5
30846 吴润铭 107.0 90.0 94.5 74.0 58.0 70.0 291.5 202.0 493.5
30847 吴夏韵 92.0 133.0 101.5 87.0 78.0 76.0 326.5 241.0 567.5
30848 辛铄浩 115.0 108.0 102.0 97.0 58.0 85.0 325.0 240.0 565.0
30849 杨婷婷 119.0 82.0 97.5 75.0 61.0 74.0 298.5 210.0 508.5
30850 曾宇丹 116.0 130.0 123.0 100.0 83.0 93.0 369.0 276.0 645.0
30851 曾宇煌 109.0 117.0 106.0 84.0 61.0 65.0 332.0 210.0 542.0
30852 张晓斐 110.0 86.0 120.0 87.0 73.0 80.0 316.0 240.0 556.0
30853 张梓涵 121.0 96.0 113.0 96.0 88.0 81.0 330.0 265.0 595.0
30854 郑聪 106.0 131.0 117.0 82.0 73.0 84.0 354.0 239.0 593.0
30855 郑岱锋 111.0 93.0 96.5 75.0 47.0 83.0 300.5 205.0 505.5
30856 郑楷融 116.0 100.0 108.0 69.0 74.0 85.0 324.0 228.0 552.0
30857 郑欣琳 118.0 91.0 115.5 76.0 66.0 70.0 324.5 212.0 536.5
30858 郑宇平 110.0 126.0 110.0 92.0 64.0 73.0 346.0 229.0 575.0
30859 周弋钿 115.0 121.0 132.5 84.0 87.0 86.0 368.5 257.0 625.5
30860 朱宇寅 117.0 94.0 105.5 71.0 53.0 68.0 316.5 192.0 508.5
30861 庄先正 98.0 96.0 84.0 73.0 61.0 75.0 278.0 209.0 487.0
30862 邹彤彤 108.0 97.0 104.5 74.0 73.0 81.0 309.5 228.0 537.5
30901 蔡仰涵 118.0 108.0 118.0 91.0 80.0 81.0 344.0 252.0 596.0
30902 陈玳翊 110.0 92.0 102.5 73.0 73.0 75.0 304.5 221.0 525.5
30903 陈方梓淳 117.0 111.0 114.0 79.0 56.0 73.0 342.0 208.0 550.0
30904 陈俊锴 107.0 108.0 112.0 87.0 67.0 79.0 327.0 233.0 560.0
30905 陈铿 104.0 96.0 108.5 73.0 67.0 77.0 308.5 217.0 525.5
30906 陈琳 104.0 118.0 109.0 78.0 57.0 82.0 331.0 217.0 548.0
30907 陈淼泓 120.0 103.0 103.5 70.0 81.0 82.0 326.5 233.0 559.5
30908 陈诺 117.0 132.0 112.5 77.0 82.0 88.0 361.5 247.0 608.5
30909 陈申 113.0 114.0 114.5 89.0 82.0 84.0 341.5 255.0 596.5
30910 陈曦芃 111.0 113.0 112.5 84.0 64.0 86.0 336.5 234.0 570.5
30911 陈逸挺 95.0 109.0 93.5 78.0 54.0 69.0 297.5 201.0 498.5
30912 陈钰媛 105.0 133.0 116.5 86.0 75.0 84.0 354.5 245.0 599.5
30913 陈裕 104.0 111.0 112.5 88.0 72.0 76.0 327.5 236.0 563.5
30914 陈钊燚 104.0 130.0 104.0 100.0 92.0 89.0 338.0 281.0 619.0
30915 丁琪瑄 106.0 111.0 108.5 83.0 72.0 74.0 325.5 229.0 554.5
30916 丁泽晟 114.0 131.0 102.5 92.0 96.0 79.0 347.5 267.0 614.5
30917 董信步 110.0 117.0 98.0 85.0 63.0 87.0 325.0 235.0 560.0
30918 郭婉祺 113.0 103.0 125.0 97.0 89.0 91.0 341.0 277.0 618.0
30919 郭潇凯 112.0 124.0 114.0 66.0 79.0 82.0 350.0 227.0 577.0
30920 洪愿足 106.0 123.0 113.5 98.0 81.0 87.0 342.5 266.0 608.5
30921 黄川 112.0 125.0 113.5 95.0 69.0 81.0 350.5 245.0 595.5
30922 黄建凱 109.0 81.0 89.5 57.0 60.0 69.0 279.5 186.0 465.5
30923 黄晓彤 99.0 37.0 96.0 35.0 47.0 72.0 232.0 154.0 386.0
30924 黄泽钦 107.0 121.0 105.0 90.0 85.0 87.0 333.0 262.0 595.0
30925 黄梓媛 110.0 105.0 102.0 60.0 74.0 86.0 317.0 220.0 537.0
30926 蓝菁 117.0 99.0 103.0 95.0 80.0 78.0 319.0 253.0 572.0
30927 李金洺 97.0 87.0 99.0 75.0 51.0 70.0 283.0 196.0 479.0
30928 李乐浩 114.0 117.0 107.0 90.0 75.0 66.0 338.0 231.0 569.0
30929 李泽銮 116.0 114.0 112.5 93.0 88.0 89.0 342.5 270.0 612.5
30930 林翰 107.0 84.0 98.5 82.0 71.0 79.0 289.5 232.0 521.5
30931 林洁娜 117.0 114.0 101.0 71.0 75.0 82.0 332.0 228.0 560.0
30932 林锦燕 117.0 135.0 127.0 96.0 91.0 89.0 379.0 276.0 655.0
30933 林仕居 116.0 109.0 122.5 90.0 81.0 88.0 347.5 259.0 606.5
30934 林铄浩 112.0 97.0 97.0 68.0 80.0 84.0 306.0 232.0 538.0
30935 林晓琪 118.0 109.0 124.5 72.0 79.0 86.0 351.5 237.0 588.5
30936 林依洁 113.0 122.0 116.5 91.0 75.0 75.0 351.5 241.0 592.5
30937 刘泳钊 110.0 72.0 98.0 82.0 56.0 68.0 280.0 206.0 486.0
30938 罗泽鑫 108.0 136.0 102.0 96.0 91.0 75.0 346.0 262.0 608.0
30939 欧阳苇航 113.0 137.0 108.5 96.0 93.0 87.0 358.5 276.0 634.5
30940 潘沛 108.0 130.0 113.0 82.0 73.0 79.0 351.0 234.0 585.0
30941 邱子涵 119.0 126.0 124.0 94.0 88.0 83.0 369.0 265.0 634.0
30942 芮滢 121.0 117.0 124.5 76.0 80.0 78.0 362.5 234.0 596.5
30943 沈子钦 119.0 119.0 123.5 87.0 83.0 82.0 361.5 252.0 613.5
30944 王逸楠 106.0 95.0 115.0 84.0 63.0 78.0 316.0 225.0 541.0
30945 王梓宜 104.0 127.0 95.5 87.0 69.0 91.0 326.5 247.0 573.5
30946 吴佳锡 108.0 117.0 116.5 89.0 87.0 80.0 341.5 256.0 597.5
30947 吴奕艾 98.0 106.0 92.5 77.0 80.0 77.0 296.5 234.0 530.5
30948 吴逸慈 115.0 110.0 109.5 75.0 72.0 78.0 334.5 225.0 559.5
30949 徐仰男 106.0 122.0 112.0 95.0 91.0 89.0 340.0 275.0 615.0
30950 杨亦茜 115.0 131.0 120.5 96.0 84.0 86.0 366.5 266.0 632.5
30951 姚炜琳 110.0 83.0 94.5 75.0 58.0 72.0 287.5 205.0 492.5
30952 余烁 120.0 110.0 117.0 92.0 84.0 77.0 347.0 253.0 600.0
30953 袁一欣 117.0 110.0 115.0 74.0 75.0 79.0 342.0 228.0 570.0
30954 曾慧宾 109.0 106.0 94.5 75.0 70.0 79.0 309.5 224.0 533.5
30955 张涵 110.0 132.0 129.0 98.0 87.0 89.0 371.0 274.0 645.0
30956 张禾 104.0 114.0 113.0 88.0 59.0 80.0 331.0 227.0 558.0
30957 郑瑞锐 107.0 110.0 114.5 94.0 94.0 92.0 331.5 280.0 611.5
30958 郑闻铎 102.0 125.0 88.5 87.0 80.0 79.0 315.5 246.0 561.5
30959 郑勋 113.0 88.0 122.5 74.0 71.0 69.0 323.5 214.0 537.5
30960 郑哲 101.0 78.0 97.5 96.0 37.0 60.0 276.5 193.0 469.5
30961 朱海平 113.0 123.0 107.0 93.0 71.0 74.0 343.0 238.0 581.0
30962 庄瑞临 100.0 91.0 107.5 82.0 74.0 84.0 298.5 240.0 538.5
31001 蔡凡 109.0 103.0 107.0 82.0 78.0 84.0 319.0 244.0 563.0
31002 蔡若珂 104.0 109.0 113.5 91.0 67.0 81.0 326.5 239.0 565.5
31003 蔡晓霓 107.0 93.0 91.0 84.0 77.0 82.0 291.0 243.0 534.0
31004 蔡周峰 109.0 79.0 110.5 72.0 77.0 83.0 298.5 232.0 530.5
31005 陈蓓蓓 110.0 106.0 100.0 82.0 72.0 62.0 316.0 216.0 532.0
31006 陈钧哲 120.0 139.0 110.5 90.0 76.0 81.0 369.5 247.0 616.5
31007 陈树煜 114.0 107.0 95.5 93.0 80.0 85.0 316.5 258.0 574.5
31008 陈泰霖 113.0 104.0 94.5 95.0 79.0 81.0 311.5 255.0 566.5
31009 陈童菲 122.0 99.0 109.0 69.0 83.0 80.0 330.0 232.0 562.0
31010 陈泽锋 108.0 94.0 108.5 79.0 81.0 79.0 310.5 239.0 549.5
31011 陈泽锐 104.0 100.0 101.0 70.0 64.0 79.0 305.0 213.0 518.0
31012 池逸和 110.0 111.0 133.0 87.0 91.0 87.0 354.0 265.0 619.0
31013 杜鑫 113.0 137.0 121.0 87.0 89.0 87.0 371.0 263.0 634.0
31014 范冬倪 120.0 101.0 100.5 76.0 69.0 77.0 321.5 222.0 543.5
31015 房瑜仪 114.0 124.0 109.0 85.0 90.0 90.0 347.0 265.0 612.0
31016 高帅博 102.0 81.0 112.5 78.0 66.0 76.0 295.5 220.0 515.5
31017 黄钿津 99.0 112.0 90.0 68.0 69.0 51.0 301.0 188.0 489.0
31018 黄兰馨 104.0 120.0 99.0 66.0 61.0 77.0 323.0 204.0 527.0
31019 黄立涵 116.0 111.0 113.5 79.0 75.0 88.0 340.5 242.0 582.5
31020 黄泽瀚 117.0 133.0 125.0 99.0 89.0 78.0 375.0 266.0 641.0
31021 纪南帆 99.0 100.0 88.0 82.0 76.0 79.0 287.0 237.0 524.0
31022 纪欣格 112.0 103.0 108.0 85.0 80.0 71.0 323.0 236.0 559.0
31023 金敏桦 122.0 123.0 120.0 96.0 90.0 91.0 365.0 277.0 642.0
31024 李嘉桦 109.0 91.0 100.5 78.0 62.0 68.0 300.5 208.0 508.5
31025 李芷佳 117.0 77.0 112.0 84.0 71.0 85.0 306.0 240.0 546.0
31026 林翠环 119.0 112.0 115.0 83.0 63.0 82.0 346.0 228.0 574.0
31027 林丹娜 108.0 102.0 101.5 86.0 88.0 84.0 311.5 258.0 569.5
31028 林婷婷 113.0 133.0 104.0 84.0 68.0 89.0 350.0 241.0 591.0
31029 林钰 119.0 123.0 130.5 78.0 83.0 90.0 372.5 251.0 623.5
31030 林展锋 107.0 120.0 99.0 88.0 66.0 86.0 326.0 240.0 566.0
31031 林子潼 115.0 125.0 119.5 89.0 91.0 87.0 359.5 267.0 626.5
31032 刘派佳 104.0 65.0 108.0 83.0 52.0 74.0 277.0 209.0 486.0
31033 陆天宇 103.0 93.0 97.0 89.0 60.0 72.0 293.0 221.0 514.0
31034 马殊 123.0 95.0 112.0 85.0 67.0 81.0 330.0 233.0 563.0
31035 邱驰 108.0 113.0 107.5 97.0 87.0 84.0 328.5 268.0 596.5
31036 邱煜群 98.0 134.0 102.5 91.0 78.0 88.0 334.5 257.0 591.5
31037 王昊东 107.0 118.0 95.0 95.0 80.0 66.0 320.0 241.0 561.0
31038 王新荣 122.0 117.0 117.5 93.0 89.0 88.0 356.5 270.0 626.5
31039 王岳 98.0 108.0 99.0 86.0 80.0 84.0 305.0 250.0 555.0
31040 王芸 106.0 60.0 92.5 81.0 78.0 74.0 258.5 233.0 491.5
31041 翁培锴 109.0 116.0 129.5 78.0 87.0 87.0 354.5 252.0 606.5
31042 吴铭洵 116.0 109.0 113.0 81.0 62.0 85.0 338.0 228.0 566.0
31043 吴楠 104.0 125.0 105.5 92.0 84.0 91.0 334.5 267.0 601.5
31044 吴新仪 115.0 115.0 107.0 77.0 73.0 78.0 337.0 228.0 565.0
31045 夏立嘉 107.0 121.0 125.0 86.0 73.0 78.0 353.0 237.0 590.0
31046 辛焜媛 115.0 111.0 106.5 88.0 70.0 80.0 332.5 238.0 570.5
31047 辛源锋 96.0 110.0 127.0 86.0 73.0 81.0 333.0 240.0 573.0
31048 许思琪 98.0 92.0 110.5 80.0 68.0 83.0 300.5 231.0 531.5
31049 羊雪琪 116.0 118.0 119.5 97.0 81.0 83.0 353.5 261.0 614.5
31050 杨基石 119.0 118.0 109.0 92.0 84.0 81.0 346.0 257.0 603.0
31051 杨璐羽 106.0 98.0 116.0 75.0 77.0 81.0 320.0 233.0 553.0
31052 曾炀铃 113.0 112.0 111.5 78.0 67.0 84.0 336.5 229.0 565.5
31053 曾钰辉 122.0 122.0 95.5 76.0 80.0 83.0 339.5 239.0 578.5
31054 张森烔 106.0 122.0 124.5 90.0 72.0 72.0 352.5 234.0 586.5
31055 赵博瑄 113.0 60.0 97.0 30.0 45.0 81.0 270.0 156.0 426.0
31056 郑乐镔 103.0 123.0 98.0 90.0 67.0 90.0 324.0 247.0 571.0
31057 郑若晗 116.0 124.0 115.0 77.0 62.0 75.0 355.0 214.0 569.0
31058 郑少铭 118.0 119.0 131.0 93.0 88.0 92.0 368.0 273.0 641.0
31059 郑伟纯 112.0 133.0 124.5 99.0 96.0 94.0 369.5 289.0 658.5
31060 周宇程 104.0 105.0 112.5 83.0 76.0 76.0 321.5 235.0 556.5
31061 周之祺 115.0 119.0 107.5 63.0 94.0 84.0 341.5 241.0 582.5
31062 庄杰涛 109.0 135.0 121.0 100.0 96.0 90.0 365.0 286.0 651.0
31101 蔡滨 121.0 111.0 122.5 89.0 90.0 89.0 354.5 268.0 622.5
31102 曹耿槟 100.0 104.0 99.0 85.0 71.0 76.0 303.0 232.0 535.0
31103 陈浩钦 116.0 129.0 117.5 90.0 76.0 86.0 362.5 252.0 614.5
31104 陈洪昱 108.0 111.0 110.0 96.0 79.0 84.0 329.0 259.0 588.0
31105 陈令烨 115.0 110.0 131.0 76.0 78.0 84.0 356.0 238.0 594.0
31106 陈斯昂 107.0 141.0 128.5 92.0 99.0 97.0 376.5 288.0 664.5
31107 陈逸南 111.0 134.0 113.0 79.0 87.0 95.0 358.0 261.0 619.0
31108 陈逸天 119.0 121.0 110.5 64.0 76.0 78.0 350.5 218.0 568.5
31109 陈詠萩 116.0 119.0 126.5 99.0 89.0 85.0 361.5 273.0 634.5
31110 代桂敏 104.0 80.0 109.0 69.0 75.0 77.0 293.0 221.0 514.0
31111 方江鑫 116.0 127.0 119.0 100.0 87.0 90.0 362.0 277.0 639.0
31112 方武智 96.0 82.0 109.5 80.0 66.0 71.0 287.5 217.0 504.5
31113 高亦婷 117.0 121.0 127.5 88.0 73.0 85.0 365.5 246.0 611.5
31114 郭林凯 111.0 77.0 114.5 87.0 60.0 72.0 302.5 219.0 521.5
31115 黄航 109.0 140.0 116.5 88.0 84.0 88.0 365.5 260.0 625.5
31116 黄腾 104.0 101.0 112.5 75.0 76.0 78.0 317.5 229.0 546.5
31117 黄钰涵 101.0 101.0 97.5 92.0 58.0 71.0 299.5 221.0 520.5
31118 黄仲铖 117.0 120.0 117.0 92.0 74.0 84.0 354.0 250.0 604.0
31119 蓝欣悦 118.0 83.0 114.0 92.0 62.0 80.0 315.0 234.0 549.0
31120 李琳纯 110.0 108.0 108.5 65.0 55.0 78.0 326.5 198.0 524.5
31121 李世濠 106.0 95.0 116.5 88.0 87.0 85.0 317.5 260.0 577.5
31122 李晓琳 112.0 101.0 110.0 76.0 72.0 87.0 323.0 235.0 558.0
31123 李旭纯 118.0 121.0 124.5 80.0 90.0 95.0 363.5 265.0 628.5
31124 林德明 112.0 125.0 106.5 94.0 77.0 82.0 343.5 253.0 596.5
31126 林琳 114.0 118.0 100.5 67.0 68.0 68.0 332.5 203.0 535.5
31127 林南裕 113.0 116.0 111.5 86.0 70.0 81.0 340.5 237.0 577.5
31128 林烁 111.0 115.0 100.5 82.0 79.0 72.0 326.5 233.0 559.5
31129 林媛 100.0 108.0 100.0 96.0 76.0 80.0 308.0 252.0 560.0
31130 林泽豪 114.0 128.0 110.0 88.0 76.0 75.0 352.0 239.0 591.0
31131 林曾越 108.0 109.0 124.0 93.0 82.0 82.0 341.0 257.0 598.0
31132 卢楠 106.0 104.0 105.5 56.0 69.0 68.0 315.5 193.0 508.5
31133 罗世跃 98.0 93.0 93.0 66.0 65.0 74.0 284.0 205.0 489.0
31134 佘晓洁 115.0 86.0 111.5 84.0 57.0 78.0 312.5 219.0 531.5
31135 宋畅 113.0 127.0 119.0 81.0 83.0 92.0 359.0 256.0 615.0
31136 苏梓禄 101.0 77.0 103.0 71.0 51.0 70.0 281.0 192.0 473.0
31137 孙可欣 119.0 127.0 109.5 96.0 91.0 95.0 355.5 282.0 637.5
31138 王冬梅 113.0 103.0 115.5 98.0 88.0 90.0 331.5 276.0 607.5
31139 王睿琪 116.0 126.0 114.0 82.0 75.0 80.0 356.0 237.0 593.0
31140 王松波 105.0 105.0 113.0 85.0 67.0 85.0 323.0 237.0 560.0
31141 王宇涵 120.0 113.0 118.0 82.0 94.0 82.0 351.0 258.0 609.0
31142 翁锐鹏 111.0 96.0 91.0 71.0 67.0 62.0 298.0 200.0 498.0
31143 翁慎喆 121.0 106.0 105.5 92.0 71.0 85.0 332.5 248.0 580.5
31144 吴吉莉 114.0 101.0 117.0 50.0 60.0 83.0 332.0 193.0 525.0
31145 吴锦涛 91.0 95.0 93.0 80.0 64.0 86.0 279.0 230.0 509.0
31146 吴泽钟 118.0 110.0 100.5 90.0 65.0 81.0 328.5 236.0 564.5
31147 肖涵 116.0 116.0 117.0 93.0 62.0 80.0 349.0 235.0 584.0
31148 肖芷雅 113.0 112.0 117.0 88.0 67.0 79.0 342.0 234.0 576.0
31149 谢冬纯 121.0 134.0 122.0 85.0 76.0 83.0 377.0 244.0 621.0
31150 谢晴 109.0 130.0 122.5 81.0 75.0 87.0 361.5 243.0 604.5
31151 徐子东 111.0 128.0 96.5 84.0 91.0 87.0 335.5 262.0 597.5
31152 杨薇 116.0 130.0 121.5 89.0 95.0 88.0 367.5 272.0 639.5
31153 杨艺霞 123.0 138.0 127.0 87.0 89.0 90.0 388.0 266.0 654.0
31154 姚曙凯 113.0 116.0 98.0 85.0 67.0 67.0 327.0 219.0 546.0
31155 曾扬航 100.0 91.0 110.5 68.0 55.0 70.0 301.5 193.0 494.5
31156 张新阳 116.0 108.0 105.0 93.0 97.0 91.0 329.0 281.0 610.0
31157 郑长河 103.0 114.0 103.5 72.0 68.0 80.0 320.5 220.0 540.5
31158 郑力中 122.0 136.0 127.5 88.0 80.0 84.0 385.5 252.0 637.5
31159 郑润华 108.0 124.0 105.0 88.0 58.0 80.0 337.0 226.0 563.0
31160 郑逸锋 121.0 132.0 103.5 100.0 91.0 85.0 356.5 276.0 632.5
31161 周锦煜 94.0 88.0 100.5 58.0 54.0 80.0 282.5 192.0 474.5
31201 陈健颖 112.0 123.0 114.5 92.0 88.0 86.0 349.5 266.0 615.5
31202 陈楠弘 110.0 108.0 115.5 86.0 63.0 76.0 333.5 225.0 558.5
31203 陈祈丹 93.0 120.0 102.0 87.0 73.0 80.0 315.0 240.0 555.0
31204 陈舒颖 117.0 126.0 102.5 93.0 85.0 85.0 345.5 263.0 608.5
31205 陈晓婷 109.0 96.0 114.5 74.0 70.0 79.0 319.5 223.0 542.5
31206 陈雅昕 108.0 133.0 121.5 90.0 93.0 89.0 362.5 272.0 634.5
31207 陈逸泓 109.0 105.0 112.5 64.0 74.0 73.0 326.5 211.0 537.5
31208 陈裕渊 121.0 121.0 127.5 98.0 90.0 94.0 369.5 282.0 651.5
31209 程梓 104.0 63.0 103.5 68.0 54.0 75.0 270.5 197.0 467.5
31210 池霖锋 118.0 124.0 97.0 80.0 70.0 71.0 339.0 221.0 560.0
31211 高丹敏 106.0 89.0 115.0 78.0 60.0 80.0 310.0 218.0 528.0
31212 洪耿鑫 121.0 124.0 99.0 93.0 75.0 73.0 344.0 241.0 585.0
31213 洪泳琪 116.0 111.0 113.5 79.0 78.0 82.0 340.5 239.0 579.5
31214 黄骏涵 106.0 97.0 84.5 93.0 60.0 71.0 287.5 224.0 511.5
31215 黄丽楠 104.0 110.0 98.0 97.0 70.0 79.0 312.0 246.0 558.0
31216 黄绵煌 100.0 105.0 108.5 80.0 74.0 74.0 313.5 228.0 541.5
31217 黄曦宇 119.0 88.0 110.5 62.0 73.0 79.0 317.5 214.0 531.5
31218 李洁淳 111.0 104.0 115.0 68.0 64.0 82.0 330.0 214.0 544.0
31219 李晓波 111.0 92.0 94.0 86.0 83.0 68.0 297.0 237.0 534.0
31220 李育纯 114.0 106.0 113.5 89.0 84.0 82.0 333.5 255.0 588.5
31221 李云山 114.0 109.0 105.5 73.0 82.0 67.0 328.5 222.0 550.5
31222 林翰韬 102.0 106.0 124.5 72.0 77.0 75.0 332.5 224.0 556.5
31223 林靖 116.0 128.0 114.5 97.0 91.0 91.0 358.5 279.0 637.5
31224 林敏英 122.0 111.0 108.5 85.0 64.0 84.0 341.5 233.0 574.5
31225 林汪灏 117.0 101.0 88.5 72.0 63.0 79.0 306.5 214.0 520.5
31226 林晓仰 115.0 94.0 123.5 90.0 64.0 84.0 332.5 238.0 570.5
31227 刘陈婷 116.0 105.0 118.0 86.0 85.0 83.0 339.0 254.0 593.0
31228 刘淇文 113.0 102.0 117.0 88.0 74.0 87.0 332.0 249.0 581.0
31229 刘逸璋 112.0 96.0 118.0 88.0 66.0 77.0 326.0 231.0 557.0
31230 罗立扬 115.0 135.0 96.5 80.0 78.0 85.0 346.5 243.0 589.5
31231 马尚霖 113.0 91.0 107.5 74.0 76.0 76.0 311.5 226.0 537.5
31232 沈楠 102.0 119.0 110.5 76.0 74.0 77.0 331.5 227.0 558.5
31233 孙奇 116.0 134.0 123.0 92.0 94.0 88.0 373.0 274.0 647.0
31234 孙泽鑫 103.0 125.0 94.5 85.0 69.0 74.0 322.5 228.0 550.5
31235 王锴 118.0 111.0 109.5 96.0 87.0 85.0 338.5 268.0 606.5
31236 王婉仪 102.0 80.0 111.0 71.0 60.0 85.0 293.0 216.0 509.0
31237 王炜 106.0 112.0 115.5 93.0 95.0 85.0 333.5 273.0 606.5
31238 王志鹏 110.0 133.0 118.0 72.0 78.0 79.0 361.0 229.0 590.0
31239 王梓菁 95.0 97.0 105.5 88.0 79.0 74.0 297.5 241.0 538.5
31240 翁子腾 108.0 134.0 108.5 98.0 83.0 77.0 350.5 258.0 608.5
31241 吴宏振 102.0 73.0 99.0 66.0 50.0 70.0 274.0 186.0 460.0
31242 吴捷健 120.0 126.0 124.0 100.0 97.0 88.0 370.0 285.0 655.0
31243 吴晓杰 112.0 117.0 121.5 96.0 96.0 94.0 350.5 286.0 636.5
31244 肖扬秀 121.0 111.0 116.0 97.0 81.0 81.0 348.0 259.0 607.0
31245 谢艾津 114.0 120.0 110.0 88.0 80.0 73.0 344.0 241.0 585.0
31246 谢泽杰 110.0 108.0 123.0 93.0 70.0 90.0 341.0 253.0 594.0
31247 许涵英 103.0 113.0 113.0 79.0 79.0 78.0 329.0 236.0 565.0
31248 许佳森 104.0 96.0 56.0 71.0 58.0 80.0 256.0 209.0 465.0
31249 许桐辉 112.0 99.0 98.5 96.0 62.0 84.0 309.5 242.0 551.5
31250 杨时骅 99.0 62.0 105.5 80.0 49.0 67.0 266.5 196.0 462.5
31251 杨时颖 107.0 101.0 107.5 89.0 73.0 92.0 315.5 254.0 569.5
31252 余洢彤 112.0 122.0 123.5 79.0 71.0 83.0 357.5 233.0 590.5
31253 曾婵娟 105.0 122.0 130.5 93.0 79.0 80.0 357.5 252.0 609.5
31254 张漫卿 113.0 104.0 106.5 93.0 69.0 77.0 323.5 239.0 562.5
31255 张睿莹 115.0 126.0 108.5 60.0 74.0 82.0 349.5 216.0 565.5
31256 张艺涵 110.0 125.0 114.0 81.0 86.0 85.0 349.0 252.0 601.0
31257 郑思思 109.0 77.0 87.5 79.0 59.0 70.0 273.5 208.0 481.5
31258 郑希彦 115.0 94.0 109.5 90.0 74.0 89.0 318.5 253.0 571.5
31259 郑以豪 107.0 84.0 115.0 84.0 61.0 77.0 306.0 222.0 528.0
31260 周名弦 115.0 135.0 130.0 98.0 92.0 88.0 380.0 278.0 658.0
31261 朱源腾 99.0 102.0 107.0 77.0 70.0 79.0 308.0 226.0 534.0
31262 朱越 111.0 120.0 120.5 87.0 78.0 89.0 351.5 254.0 605.5
31301 蔡祎晖 102.0 131.0 109.5 71.0 62.0 74.0 342.5 207.0 549.5
31302 蔡永杰 105.0 65.0 84.0 55.0 63.0 71.0 254.0 189.0 443.0
31303 蔡泽莎 120.0 103.0 117.5 93.0 70.0 90.0 340.5 253.0 593.5
31304 蔡芝恬 122.0 93.0 114.0 83.0 71.0 81.0 329.0 235.0 564.0
31305 陈璐 117.0 112.0 113.5 66.0 74.0 87.0 342.5 227.0 569.5
31306 陈冉 114.0 97.0 127.5 75.0 78.0 81.0 338.5 234.0 572.5
31307 陈文博 107.0 133.0 107.0 86.0 96.0 90.0 347.0 272.0 619.0
31308 陈宇铭 113.0 93.0 121.0 83.0 89.0 83.0 327.0 255.0 582.0
31309 陈岳彬 107.0 92.0 105.5 85.0 75.0 79.0 304.5 239.0 543.5
31310 郭剑豪 109.0 94.0 119.5 71.0 65.0 80.0 322.5 216.0 538.5
31311 黄凯丽 118.0 111.0 113.0 95.0 75.0 86.0 342.0 256.0 598.0
31312 黄宇阳 116.0 131.0 125.5 96.0 98.0 97.0 372.5 291.0 663.5
31313 黄桢栩 120.0 74.0 124.0 81.0 65.0 84.0 318.0 230.0 548.0
31314 黄柱铭 101.0 102.0 109.0 85.0 73.0 75.0 312.0 233.0 545.0
31315 赖浩锋 115.0 134.0 115.5 90.0 91.0 87.0 364.5 268.0 632.5
31316 李斯涵 103.0 98.0 98.5 76.0 66.0 84.0 299.5 226.0 525.5
31317 林耿烨 111.0 97.0 119.0 84.0 79.0 85.0 327.0 248.0 575.0
31318 林炜钿 98.0 87.0 92.5 63.0 64.0 70.0 277.5 197.0 474.5
31319 林业渺 107.0 93.0 101.0 91.0 75.0 84.0 301.0 250.0 551.0
31320 林子棉 114.0 133.0 97.5 80.0 75.0 86.0 344.5 241.0 585.5
31321 刘佳彤 110.0 99.0 104.0 81.0 71.0 79.0 313.0 231.0 544.0
31322 刘珊 112.0 120.0 128.0 92.0 71.0 81.0 360.0 244.0 604.0
31323 陆齐 114.0 68.0 116.5 62.0 60.0 77.0 298.5 199.0 497.5
31324 马丹泓 118.0 128.0 75.5 86.0 89.0 82.0 321.5 257.0 578.5
31325 马伟根 112.0 116.0 111.5 96.0 86.0 79.0 339.5 261.0 600.5
31326 欧斐斐 119.0 106.0 130.5 87.0 78.0 84.0 355.5 249.0 604.5
31327 宋伊钿 104.0 92.0 109.5 81.0 77.0 83.0 305.5 241.0 546.5
31328 苏昉 115.0 110.0 112.0 82.0 81.0 80.0 337.0 243.0 580.0
31329 孙佳笙 113.0 97.0 106.5 67.0 75.0 73.0 316.5 215.0 531.5
31330 孙隽源 114.0 116.0 123.5 83.0 87.0 86.0 353.5 256.0 609.5
31331 吴国炀 103.0 86.0 115.0 86.0 81.0 79.0 304.0 246.0 550.0
31332 吴铭泓 115.0 112.0 117.0 83.0 76.0 86.0 344.0 245.0 589.0
31333 吴任诚 97.0 110.0 94.0 74.0 61.0 68.0 301.0 203.0 504.0
31334 吴之林 116.0 118.0 117.0 95.0 64.0 84.0 351.0 243.0 594.0
31335 肖林昕 105.0 69.0 85.5 65.0 51.0 81.0 259.5 197.0 456.5
31336 谢键焕 102.0 134.0 115.5 92.0 74.0 83.0 351.5 249.0 600.5
31337 谢向川 90.0 112.0 75.5 56.0 58.0 75.0 277.5 189.0 466.5
31338 徐略 106.0 65.0 101.5 50.0 66.0 63.0 272.5 179.0 451.5
31339 徐紫丹 104.0 102.0 98.5 59.0 71.0 73.0 304.5 203.0 507.5
31340 许锦涛 117.0 125.0 104.5 91.0 80.0 89.0 346.5 260.0 606.5
31341 许稚芝 104.0 120.0 114.0 79.0 83.0 82.0 338.0 244.0 582.0
31342 许宗蕾 107.0 123.0 95.0 83.0 63.0 69.0 325.0 215.0 540.0
31343 颜舒洁 117.0 94.0 108.0 62.0 46.0 66.0 319.0 174.0 493.0
31344 羊恩跃 109.0 127.0 101.0 94.0 73.0 87.0 337.0 254.0 591.0
31345 杨璐洁 110.0 121.0 119.5 90.0 65.0 81.0 350.5 236.0 586.5
31346 杨宓 107.0 120.0 119.5 97.0 87.0 83.0 346.5 267.0 613.5
31347 杨晓虹 107.0 93.0 109.5 60.0 68.0 86.0 309.5 214.0 523.5
31348 姚佳宜 110.0 132.0 121.5 95.0 75.0 82.0 363.5 252.0 615.5
31349 姚星宇 104.0 92.0 92.5 61.0 58.0 71.0 288.5 190.0 478.5
31350 姚映苗 124.0 116.0 130.5 75.0 79.0 82.0 370.5 236.0 606.5
31351 余嘉梓 115.0 124.0 101.5 87.0 87.0 79.0 340.5 253.0 593.5
31352 曾博宇 97.0 106.0 133.5 97.0 91.0 88.0 336.5 276.0 612.5
31353 曾海榕 99.0 41.0 115.0 68.0 53.0 68.0 255.0 189.0 444.0
31354 曾坚锐 109.0 111.0 96.5 80.0 73.0 81.0 316.5 234.0 550.5
31355 曾妍 100.0 113.0 107.5 89.0 72.0 83.0 320.5 244.0 564.5
31356 詹海鹏 109.0 127.0 117.5 94.0 83.0 79.0 353.5 256.0 609.5
31357 詹絮素 112.0 107.0 104.5 74.0 54.0 73.0 323.5 201.0 524.5
31358 张泽恩 97.0 90.0 87.5 84.0 58.0 66.0 274.5 208.0 482.5
31359 章智秋 120.0 136.0 114.0 100.0 91.0 89.0 370.0 280.0 650.0
31360 郑少锐 104.0 76.0 91.5 84.0 73.0 76.0 271.5 233.0 504.5
31361 郑泽明 119.0 103.0 102.5 96.0 69.0 81.0 324.5 246.0 570.5
31362 庄鸿鑫 108.0 123.0 118.0 88.0 83.0 80.0 349.0 251.0 600.0
31401 陈岱芃 113.0 109.0 133.0 91.0 83.0 87.0 355.0 261.0 616.0
31402 陈端华 106.0 116.0 108.0 94.0 81.0 75.0 330.0 250.0 580.0
31403 陈挥遒 110.0 93.0 101.5 73.0 71.0 70.0 304.5 214.0 518.5
31404 陈建诚 114.0 103.0 119.5 99.0 87.0 87.0 336.5 273.0 609.5
31405 陈沛峰 106.0 86.0 89.5 70.0 54.0 65.0 281.5 189.0 470.5
31406 陈芃 116.0 134.0 110.5 94.0 82.0 85.0 360.5 261.0 621.5
31407 陈铄霓 116.0 57.0 102.0 60.0 60.0 78.0 275.0 198.0 473.0
31408 陈奕希 113.0 90.0 125.0 90.0 72.0 72.0 328.0 234.0 562.0
31409 陈泽伟 108.0 114.0 93.0 90.0 90.0 77.0 315.0 257.0 572.0
31410 陈喆慧 105.0 101.0 100.5 79.0 78.0 78.0 306.5 235.0 541.5
31411 陈至渲 119.0 133.0 128.0 92.0 87.0 90.0 380.0 269.0 649.0
31412 陈佐治 109.0 125.0 135.0 92.0 93.0 80.0 369.0 265.0 634.0
31413 邓昱聪 108.0 100.0 103.5 78.0 63.0 72.0 311.5 213.0 524.5
31414 邓泽淳 110.0 86.0 101.5 80.0 63.0 79.0 297.5 222.0 519.5
31415 冯嘉俊 119.0 116.0 93.0 81.0 86.0 96.0 328.0 263.0 591.0
31416 龚泽颖 119.0 129.0 122.5 99.0 94.0 89.0 370.5 282.0 652.5
31417 郭冰桦 111.0 96.0 120.0 79.0 59.0 83.0 327.0 221.0 548.0
31418 黄恩童 119.0 128.0 111.0 94.0 67.0 78.0 358.0 239.0 597.0
31419 黄桂凤 113.0 127.0 96.5 79.0 55.0 75.0 336.5 209.0 545.5
31420 江锦虹 108.0 80.0 120.0 71.0 57.0 89.0 308.0 217.0 525.0
31421 李佳晟 111.0 117.0 132.5 83.0 75.0 85.0 360.5 243.0 603.5
31422 李楠 115.0 120.0 111.5 79.0 85.0 92.0 346.5 256.0 602.5
31423 李舒婷 116.0 118.0 104.0 81.0 77.0 79.0 338.0 237.0 575.0
31424 李易熹 113.0 127.0 123.5 92.0 77.0 83.0 363.5 252.0 615.5
31425 林泓 114.0 105.0 107.0 84.0 71.0 83.0 326.0 238.0 564.0
31426 林可依 122.0 112.0 106.0 93.0 59.0 78.0 340.0 230.0 570.0
31427 林珮汝 110.0 120.0 111.5 78.0 58.0 86.0 341.5 222.0 563.5
31428 林心玥 108.0 88.0 107.5 71.0 48.0 63.0 303.5 182.0 485.5
31429 刘硕霓 104.0 134.0 109.0 87.0 78.0 90.0 347.0 255.0 602.0
31430 刘易恺 118.0 133.0 115.0 87.0 82.0 78.0 366.0 247.0 613.0
31431 卢琳绵 122.0 110.0 107.5 79.0 72.0 80.0 339.5 231.0 570.5
31432 吕远东 96.0 121.0 110.5 86.0 92.0 74.0 327.5 252.0 579.5
31433 马旭民 116.0 124.0 100.0 92.0 84.0 82.0 340.0 258.0 598.0
31434 麦泽涵 115.0 124.0 116.5 93.0 88.0 91.0 355.5 272.0 627.5
31435 邱鸿鑫 114.0 119.0 106.0 62.0 67.0 86.0 339.0 215.0 554.0
31436 邱诗钿 112.0 94.0 91.0 60.0 65.0 71.0 297.0 196.0 493.0
31437 邱梓妍 113.0 125.0 102.0 77.0 74.0 86.0 340.0 237.0 577.0
31438 谭妍真 109.0 108.0 103.5 84.0 60.0 84.0 320.5 228.0 548.5
31439 王毓佳 109.0 85.0 89.5 80.0 87.0 66.0 283.5 233.0 516.5
31440 吴昊 106.0 74.0 122.0 50.0 70.0 74.0 302.0 194.0 496.0
31441 吴浩瀚 118.0 106.0 104.5 86.0 76.0 76.0 328.5 238.0 566.5
31442 吴彤君 104.0 107.0 106.5 84.0 89.0 78.0 317.5 251.0 568.5
31443 肖培亮 111.0 122.0 112.0 83.0 89.0 86.0 345.0 258.0 603.0
31444 谢碧瑶 105.0 94.0 101.5 91.0 73.0 74.0 300.5 238.0 538.5
31445 辛杨淳 103.0 114.0 103.0 82.0 80.0 79.0 320.0 241.0 561.0
31446 徐国玮 113.0 106.0 111.0 89.0 70.0 76.0 330.0 235.0 565.0
31447 徐铤 121.0 138.0 119.5 96.0 95.0 89.0 378.5 280.0 658.5
31448 许凯涵 108.0 105.0 108.5 86.0 59.0 91.0 321.5 236.0 557.5
31449 许正纲 123.0 109.0 79.5 83.0 82.0 79.0 311.5 244.0 555.5
31450 杨琳 105.0 85.0 106.0 60.0 71.0 79.0 296.0 210.0 506.0
31451 杨泽仪 113.0 107.0 119.0 92.0 80.0 76.0 339.0 248.0 587.0
31452 姚广濠 113.0 124.0 117.5 92.0 78.0 83.0 354.5 253.0 607.5
31453 叶济东 110.0 84.0 107.0 81.0 72.0 68.0 301.0 221.0 522.0
31454 叶洋 107.0 93.0 101.0 82.0 80.0 70.0 301.0 232.0 533.0
31455 余旭玮 111.0 110.0 113.5 77.0 68.0 81.0 334.5 226.0 560.5
31456 曾思沛 106.0 124.0 87.0 70.0 69.0 83.0 317.0 222.0 539.0
31457 张睿博 116.0 111.0 113.0 72.0 76.0 76.0 340.0 224.0 564.0
31458 章炫锐 126.0 124.0 112.5 90.0 73.0 78.0 362.5 241.0 603.5
31459 章梓烨 96.0 124.0 95.5 73.0 61.0 74.0 315.5 208.0 523.5
31460 郑康 108.0 103.0 110.0 89.0 66.0 77.0 321.0 232.0 553.0
31461 郑宇婷 122.0 85.0 113.5 54.0 62.0 88.0 320.5 204.0 524.5
31462 庄泽达 96.0 43.0 94.5 37.0 47.0 50.0 233.5 134.0 367.5
31501 蔡嘉煜 102.0 93.0 99.5 65.0 71.0 38.0 294.5 174.0 468.5
31502 陈力 114.0 121.0 107.5 86.0 84.0 87.0 342.5 257.0 599.5
31503 陈梦琪 111.0 121.0 118.0 88.0 90.0 89.0 350.0 267.0 617.0
31504 陈培铭 106.0 96.0 104.0 72.0 68.0 79.0 306.0 219.0 525.0
31505 陈佩恋 117.0 95.0 105.5 87.0 67.0 84.0 317.5 238.0 555.5
31506 陈斯哲 110.0 109.0 100.5 91.0 72.0 82.0 319.5 245.0 564.5
31507 陈文浩 108.0 128.0 108.0 73.0 69.0 87.0 344.0 229.0 573.0
31508 陈漪皓 110.0 118.0 124.0 99.0 77.0 83.0 352.0 259.0 611.0
31509 陈溢煌 106.0 117.0 90.5 86.0 82.0 88.0 313.5 256.0 569.5
31510 陈梓轩 104.0 94.0 97.0 73.0 54.0 72.0 295.0 199.0 494.0
31511 程晓婷 113.0 117.0 122.5 88.0 73.0 90.0 352.5 251.0 603.5
31512 杜浜弘 109.0 71.0 104.5 57.0 45.0 69.0 284.5 171.0 455.5
31513 杜佳锴 100.0 135.0 107.0 93.0 66.0 82.0 342.0 241.0 583.0
31514 方宇驰 113.0 118.0 85.0 94.0 79.0 82.0 316.0 255.0 571.0
31515 高越 117.0 140.0 110.0 94.0 77.0 81.0 367.0 252.0 619.0
31516 洪戈 120.0 124.0 117.5 100.0 87.0 76.0 361.5 263.0 624.5
31517 黄向鸿 121.0 127.0 114.5 82.0 93.0 94.0 362.5 269.0 631.5
31518 黄泽山 110.0 87.0 82.5 91.0 61.0 61.0 279.5 213.0 492.5
31519 黄梓彤 103.0 95.0 114.5 61.0 75.0 80.0 312.5 216.0 528.5
31520 柯金宏 122.0 138.0 117.5 94.0 56.0 86.0 377.5 236.0 613.5
31521 赖炜豪 115.0 109.0 116.5 86.0 85.0 79.0 340.5 250.0 590.5
31522 李涵 106.0 126.0 108.5 93.0 79.0 72.0 340.5 244.0 584.5
31523 李沐峻 99.0 91.0 98.0 85.0 75.0 67.0 288.0 227.0 515.0
31524 李润熹 110.0 100.0 111.5 72.0 78.0 80.0 321.5 230.0 551.5
31525 李舒婷 112.0 122.0 116.0 67.0 71.0 89.0 350.0 227.0 577.0
31526 李梓煌 107.0 117.0 116.5 73.0 71.0 72.0 340.5 216.0 556.5
31527 林钗 107.0 104.0 100.0 70.0 62.0 88.0 311.0 220.0 531.0
31528 林若欣 121.0 97.0 121.0 83.0 81.0 87.0 339.0 251.0 590.0
31529 林爽 118.0 106.0 117.0 68.0 76.0 91.0 341.0 235.0 576.0
31530 刘粉婷 115.0 126.0 115.0 94.0 72.0 91.0 356.0 257.0 613.0
31531 刘烨桦 117.0 111.0 104.0 85.0 77.0 74.0 332.0 236.0 568.0
31532 彭瀚锟 120.0 103.0 96.5 92.0 91.0 86.0 319.5 269.0 588.5
31533 邱霜晓 120.0 79.0 117.0 76.0 65.0 80.0 316.0 221.0 537.0
31534 沈晓琦 115.0 107.0 109.0 96.0 85.0 85.0 331.0 266.0 597.0
31535 王曙丹 113.0 82.0 113.5 72.0 71.0 83.0 308.5 226.0 534.5
31536 王泽翔 111.0 91.0 87.0 67.0 53.0 78.0 289.0 198.0 487.0
31537 翁梓洪 103.0 71.0 105.5 59.0 56.0 61.0 279.5 176.0 455.5
31538 吴林瀚 99.0 131.0 96.0 94.0 84.0 89.0 326.0 267.0 593.0
31539 夏梓斌 104.0 67.0 102.5 73.0 64.0 68.0 273.5 205.0 478.5
31540 谢梦霞 117.0 123.0 116.5 100.0 72.0 78.0 356.5 250.0 606.5
31541 谢泳凯 117.0 121.0 113.5 97.0 96.0 93.0 351.5 286.0 637.5
31542 谢植煌 113.0 127.0 83.5 87.0 75.0 82.0 323.5 244.0 567.5
31543 徐国瑞 102.0 99.0 99.0 76.0 72.0 85.0 300.0 233.0 533.0
31544 许欢 109.0 102.0 98.5 74.0 71.0 82.0 309.5 227.0 536.5
31545 许越 108.0 93.0 121.5 82.0 80.0 74.0 322.5 236.0 558.5
31546 杨小嬉 114.0 100.0 112.5 85.0 70.0 81.0 326.5 236.0 562.5
31547 杨铮楷 119.0 104.0 124.0 90.0 77.0 80.0 347.0 247.0 594.0
31548 姚喆仪 107.0 129.0 103.5 56.0 68.0 86.0 339.5 210.0 549.5
31549 袁若瑶 111.0 133.0 98.0 99.0 89.0 89.0 342.0 277.0 619.0
31550 曾少擎 118.0 86.0 127.0 77.0 65.0 87.0 331.0 229.0 560.0
31551 曾欣哲 130.0 117.0 113.0 99.0 84.0 81.0 360.0 264.0 624.0
31552 张志鹏 102.0 126.0 98.0 95.0 87.0 91.0 326.0 273.0 599.0
31553 赵晓冰 115.0 100.0 111.0 80.0 73.0 74.0 326.0 227.0 553.0
31554 郑帆 114.0 113.0 122.5 87.0 85.0 85.0 349.5 257.0 606.5
31555 郑杰 114.0 140.0 120.5 95.0 98.0 92.0 374.5 285.0 659.5
31556 郑婕 108.0 108.0 104.5 83.0 79.0 81.0 320.5 243.0 563.5
31557 郑钧璟 122.0 104.0 122.5 92.0 63.0 81.0 348.5 236.0 584.5
31558 郑丽璇 115.0 99.0 125.0 82.0 72.0 91.0 339.0 245.0 584.0
31559 郑婷芝 99.0 94.0 104.0 48.0 58.0 77.0 297.0 183.0 480.0
31560 郑鑫海 115.0 138.0 115.0 96.0 63.0 84.0 368.0 243.0 611.0
31561 周健驰 107.0 116.0 112.5 82.0 75.0 85.0 335.5 242.0 577.5
31562 邹丹纯 109.0 90.0 113.5 46.0 69.0 86.0 312.5 201.0 513.5
31601 蔡慈瀚 112.0 132.0 123.5 96.0 76.0 91.0 367.5 263.0 630.5
31602 蔡君悦 119.0 80.0 103.5 82.0 53.0 76.0 302.5 211.0 513.5
31603 陈东晗 99.0 76.0 124.0 72.0 71.0 82.0 299.0 225.0 524.0
31604 陈佳伶 116.0 116.0 106.0 95.0 83.0 74.0 338.0 252.0 590.0
31605 陈佳盈 116.0 137.0 108.5 92.0 81.0 91.0 361.5 264.0 625.5
31606 陈力 122.0 110.0 122.5 100.0 92.0 90.0 354.5 282.0 636.5
31607 陈敏儿 119.0 105.0 109.0 88.0 76.0 82.0 333.0 246.0 579.0
31608 陈派捷 96.0 122.0 93.5 89.0 73.0 71.0 311.5 233.0 544.5
31609 陈日 113.0 99.0 102.0 68.0 66.0 80.0 314.0 214.0 528.0
31610 陈逸镕 104.0 94.0 114.0 73.0 88.0 79.0 312.0 240.0 552.0
31611 陈莹 106.0 122.0 115.5 89.0 87.0 90.0 343.5 266.0 609.5
31612 陈滢 96.0 75.0 123.0 85.0 74.0 87.0 294.0 246.0 540.0
31613 陈梓鑫 114.0 96.0 118.0 81.0 71.0 80.0 328.0 232.0 560.0
31614 方浩锴 109.0 105.0 118.5 80.0 50.0 81.0 332.5 211.0 543.5
31615 黄谷 99.0 119.0 97.0 75.0 77.0 86.0 315.0 238.0 553.0
31616 黄浩扬 112.0 127.0 129.5 99.0 84.0 86.0 368.5 269.0 637.5
31617 黄锐敏 111.0 104.0 124.5 82.0 83.0 83.0 339.5 248.0 587.5
31618 黄少邑 116.0 111.0 109.0 84.0 69.0 87.0 336.0 240.0 576.0
31620 江佳仪 118.0 124.0 114.0 94.0 91.0 94.0 356.0 279.0 635.0
31621 李嘉鑫 112.0 106.0 103.5 82.0 74.0 80.0 321.5 236.0 557.5
31622 李琳丹 118.0 107.0 117.5 88.0 88.0 88.0 342.5 264.0 606.5
31623 李暄婷 110.0 91.0 106.0 42.0 51.0 65.0 307.0 158.0 465.0
31624 李奕 110.0 87.0 108.5 74.0 61.0 72.0 305.5 207.0 512.5
31625 廖骊涵 115.0 108.0 113.5 89.0 74.0 82.0 336.5 245.0 581.5
31626 廖澍镔 107.0 120.0 111.0 96.0 82.0 86.0 338.0 264.0 602.0
31627 林灿荣 104.0 132.0 101.5 90.0 71.0 73.0 337.5 234.0 571.5
31628 林冠之 119.0 92.0 101.5 92.0 86.0 86.0 312.5 264.0 576.5
31629 林楠 111.0 109.0 95.0 73.0 73.0 79.0 315.0 225.0 540.0
31630 林树红 125.0 96.0 112.0 79.0 75.0 79.0 333.0 233.0 566.0
31631 林仪 109.0 113.0 120.5 84.0 74.0 75.0 342.5 233.0 575.5
31632 林意 107.0 102.0 103.0 74.0 69.0 87.0 312.0 230.0 542.0
31633 刘思煌 98.0 123.0 99.0 88.0 96.0 86.0 320.0 270.0 590.0
31634 刘奕 106.0 112.0 111.0 93.0 86.0 76.0 329.0 255.0 584.0
31635 刘泽 101.0 88.0 83.5 77.0 73.0 75.0 272.5 225.0 497.5
31636 柳婷 111.0 110.0 109.0 99.0 89.0 88.0 330.0 276.0 606.0
31637 卢开书 114.0 102.0 116.0 81.0 73.0 70.0 332.0 224.0 556.0
31638 马润青 123.0 122.0 132.0 92.0 87.0 86.0 377.0 265.0 642.0
31639 彭灏 108.0 92.0 122.0 94.0 63.0 77.0 322.0 234.0 556.0
31640 孙熹珣 108.0 121.0 109.0 76.0 72.0 77.0 338.0 225.0 563.0
31641 孙烨 119.0 114.0 119.5 76.0 73.0 78.0 352.5 227.0 579.5
31642 王海槟 112.0 126.0 106.5 82.0 84.0 84.0 344.5 250.0 594.5
31643 王晓钟 104.0 120.0 122.0 89.0 88.0 80.0 346.0 257.0 603.0
31644 王雨青 108.0 104.0 97.5 92.0 72.0 85.0 309.5 249.0 558.5
31645 吴毅聪 98.0 82.0 97.0 59.0 63.0 72.0 277.0 194.0 471.0
31646 吴梓帆 116.0 104.0 124.0 91.0 73.0 83.0 344.0 247.0 591.0
31647 谢尘沐 115.0 104.0 107.0 75.0 69.0 83.0 326.0 227.0 553.0
31648 谢锦珮 113.0 105.0 118.5 72.0 75.0 83.0 336.5 230.0 566.5
31649 谢小雪 108.0 119.0 121.5 100.0 93.0 92.0 348.5 285.0 633.5
31650 谢奕纯 111.0 77.0 112.5 67.0 65.0 61.0 300.5 193.0 493.5
31651 杨涵 121.0 90.0 101.5 89.0 83.0 69.0 312.5 241.0 553.5
31652 姚采妮 108.0 86.0 111.0 88.0 53.0 79.0 305.0 220.0 525.0
31653 余泽泰 114.0 110.0 108.0 84.0 77.0 77.0 332.0 238.0 570.0
31654 张泽琳 120.0 125.0 124.5 84.0 83.0 87.0 369.5 254.0 623.5
31655 张泽宇 116.0 128.0 121.0 77.0 83.0 84.0 365.0 244.0 609.0
31656 章婉仪 110.0 130.0 126.0 85.0 63.0 88.0 366.0 236.0 602.0
31657 赵先铎 103.0 126.0 116.5 98.0 82.0 85.0 345.5 265.0 610.5
31658 郑涵禧 107.0 99.0 99.0 88.0 65.0 80.0 305.0 233.0 538.0
31659 郑林楷 109.0 134.0 100.0 92.0 86.0 79.0 343.0 257.0 600.0
31660 郑镇灏 107.0 102.0 96.5 68.0 68.0 66.0 305.5 202.0 507.5
31661 郑重 104.0 121.0 104.0 94.0 75.0 71.0 329.0 240.0 569.0
31662 朱俊宇 108.0 91.0 93.0 77.0 68.0 67.0 292.0 212.0 504.0
31663 庄声锐 105.0 101.0 85.0 53.0 0 72.0 291.0 0 0
31701 蔡金沛 96.0 107.0 102.0 76.0 76.0 72.0 305.0 224.0 529.0
31702 蔡俊峰 120.0 124.0 111.0 98.0 73.0 87.0 355.0 258.0 613.0
31703 曹宇韬 114.0 105.0 107.5 79.0 90.0 92.0 326.5 261.0 587.5
31704 陈大立 111.0 119.0 116.5 83.0 79.0 90.0 346.5 252.0 598.5
31705 陈浩杰 105.0 98.0 110.5 86.0 80.0 87.0 313.5 253.0 566.5
31706 陈沛润 108.0 130.0 120.5 80.0 67.0 85.0 358.5 232.0 590.5
31707 陈锐 122.0 131.0 101.0 92.0 97.0 83.0 354.0 272.0 626.0
31708 陈烁 84.0 125.0 91.5 69.0 77.0 86.0 300.5 232.0 532.5
31709 陈学诚 109.0 106.0 111.5 98.0 71.0 86.0 326.5 255.0 581.5
31710 陈韫颖 113.0 111.0 129.0 89.0 61.0 78.0 353.0 228.0 581.0
31711 陈泽鑫 100.0 107.0 108.5 71.0 72.0 76.0 315.5 219.0 534.5
31712 陈中一 113.0 102.0 109.0 88.0 86.0 83.0 324.0 257.0 581.0
31713 何伊慧 112.0 100.0 122.5 66.0 76.0 78.0 334.5 220.0 554.5
31714 侯思涵 95.0 99.0 124.0 64.0 77.0 86.0 318.0 227.0 545.0
31715 黄彬霆 108.0 0 0 0 0 0 0 0 0
31716 黄丹 96.0 32.0 70.0 18.0 22.0 34.0 198.0 74.0 272.0
31717 黄光炳 103.0 102.0 99.0 58.0 51.0 60.0 304.0 169.0 473.0
31718 黄慧敏 123.0 121.0 123.5 89.0 80.0 87.0 367.5 256.0 623.5
31719 黄思翰 123.0 122.0 113.5 94.0 87.0 81.0 358.5 262.0 620.5
31720 黄伟纯 118.0 103.0 104.5 84.0 61.0 84.0 325.5 229.0 554.5
31721 黄莹 120.0 133.0 106.5 94.0 82.0 86.0 359.5 262.0 621.5
31722 黄梓芸 109.0 87.0 102.0 41.0 49.0 70.0 298.0 160.0 458.0
31723 江相渝 106.0 101.0 94.5 65.0 85.0 79.0 301.5 229.0 530.5
31724 李洁瀚 118.0 126.0 121.5 100.0 83.0 85.0 365.5 268.0 633.5
31725 林仰 107.0 110.0 119.5 88.0 76.0 74.0 336.5 238.0 574.5
31726 林雍权 118.0 91.0 104.5 95.0 87.0 85.0 313.5 267.0 580.5
31727 刘嘉鑫 0 70.0 0 0 59.0 65.0 0 0 0
31728 卢荣泰 119.0 134.0 120.0 93.0 89.0 92.0 373.0 274.0 647.0
31730 马学盈 111.0 94.0 107.5 68.0 65.0 72.0 312.5 205.0 517.5
31731 马直先 107.0 118.0 106.5 84.0 84.0 82.0 331.5 250.0 581.5
31732 麦博 112.0 124.0 133.0 97.0 92.0 88.0 369.0 277.0 646.0
31733 欧阳生 112.0 132.0 111.0 92.0 91.0 78.0 355.0 261.0 616.0
31734 彭琪 108.0 96.0 84.5 90.0 76.0 72.0 288.5 238.0 526.5
31735 佘晓环 110.0 92.0 121.5 67.0 69.0 83.0 323.5 219.0 542.5
31736 王基鸿 119.0 114.0 109.0 100.0 89.0 85.0 342.0 274.0 616.0
31737 王俊澎 109.0 112.0 109.5 74.0 66.0 89.0 330.5 229.0 559.5
31739 王钰 118.0 94.0 103.0 69.0 56.0 80.0 315.0 205.0 520.0
31740 王真子 116.0 113.0 95.0 85.0 73.0 88.0 324.0 246.0 570.0
31741 吴俊翰 104.0 118.0 98.5 97.0 82.0 90.0 320.5 269.0 589.5
31742 吴彤沛 103.0 85.0 106.5 79.0 80.0 85.0 294.5 244.0 538.5
31743 吴伟霞 112.0 100.0 114.5 74.0 72.0 85.0 326.5 231.0 557.5
31744 谢锶琦 115.0 117.0 112.0 77.0 83.0 83.0 344.0 243.0 587.0
31745 许锶妍 118.0 113.0 116.5 93.0 63.0 81.0 347.5 237.0 584.5
31746 许奕烁 106.0 97.0 81.0 32.0 56.0 77.0 284.0 165.0 449.0
31747 许哲浩 112.0 121.0 96.5 92.0 90.0 76.0 329.5 258.0 587.5
31748 杨铠翔 102.0 125.0 96.5 89.0 81.0 92.0 323.5 262.0 585.5
31749 杨腾 104.0 112.0 89.5 73.0 59.0 74.0 305.5 206.0 511.5
31750 姚佳妮 115.0 91.0 110.5 94.0 82.0 89.0 316.5 265.0 581.5
31751 张纯 107.0 100.0 107.5 84.0 70.0 84.0 314.5 238.0 552.5
31752 张锐翰 107.0 62.0 106.5 70.0 59.0 69.0 275.5 198.0 473.5
31753 张维 113.0 102.0 106.0 95.0 69.0 82.0 321.0 246.0 567.0
31754 张奕 107.0 76.0 100.5 67.0 59.0 72.0 283.5 198.0 481.5
31755 张翼 114.0 106.0 121.0 85.0 87.0 89.0 341.0 261.0 602.0
31756 章家竣 119.0 121.0 121.5 90.0 93.0 91.0 361.5 274.0 635.5
31757 郑慈香 113.0 94.0 103.0 86.0 75.0 88.0 310.0 249.0 559.0
31758 郑曼燕 123.0 97.0 110.0 69.0 69.0 79.0 330.0 217.0 547.0
31759 郑铭 122.0 98.0 109.5 89.0 72.0 82.0 329.5 243.0 572.5
31761 周锴捷 128.0 129.0 122.5 89.0 89.0 89.0 379.5 267.0 646.5
31762 庄本熙 112.0 133.0 84.0 89.0 64.0 78.0 329.0 231.0 560.0
31763 黄钰莹 117.0 99.0 114.5 91.0 73.0 78.0 330.5 242.0 572.5
31764 王宏 113.0 127.0 124.5 78.0 87.0 79.0 364.5 244.0 608.5
31801 陈鸿飞 118.0 102.0 103.5 82.0 78.0 87.0 323.5 247.0 570.5
31802 陈家思 117.0 125.0 106.0 97.0 91.0 82.0 348.0 270.0 618.0
31803 陈立芃 117.0 89.0 116.0 80.0 79.0 88.0 322.0 247.0 569.0
31805 陈润铎 111.0 93.0 107.5 94.0 57.0 80.0 311.5 231.0 542.5
31806 陈润楷 110.0 127.0 102.0 92.0 75.0 78.0 339.0 245.0 584.0
31807 陈鑫冰 109.0 111.0 104.5 82.0 79.0 76.0 324.5 237.0 561.5
31808 陈永佳 121.0 127.0 95.5 91.0 85.0 82.0 343.5 258.0 601.5
31809 陈元嘉 108.0 117.0 95.5 88.0 81.0 78.0 320.5 247.0 567.5
31810 冯钰冰 113.0 91.0 113.0 76.0 81.0 80.0 317.0 237.0 554.0
31811 何畅 96.0 82.0 112.5 40.0 52.0 72.0 290.5 164.0 454.5
31812 黄怀瑶 118.0 109.0 110.0 81.0 63.0 68.0 337.0 212.0 549.0
31813 黄凯鹏 94.0 108.0 113.5 69.0 68.0 78.0 315.5 215.0 530.5
31814 黄昕仪 115.0 147.0 138.0 92.0 91.0 98.0 400.0 281.0 681.0
31815 黄泽宇 105.0 80.0 106.0 73.0 70.0 82.0 291.0 225.0 516.0
31816 康思妹 116.0 60.0 99.5 64.0 55.0 79.0 275.5 198.0 473.5
31817 孔雪欣 118.0 108.0 96.0 88.0 82.0 77.0 322.0 247.0 569.0
31818 赖淑凌 121.0 93.0 99.5 70.0 61.0 76.0 313.5 207.0 520.5
31819 李俊 115.0 104.0 115.0 83.0 65.0 81.0 334.0 229.0 563.0
31820 李楠 115.0 99.0 120.0 68.0 70.0 79.0 334.0 217.0 551.0
31821 李蔚东 117.0 136.0 104.5 100.0 88.0 81.0 357.5 269.0 626.5
31822 李昕 108.0 123.0 111.0 94.0 88.0 87.0 342.0 269.0 611.0
31823 连泓杰 114.0 122.0 118.5 96.0 73.0 86.0 354.5 255.0 609.5
31824 林泓 113.0 108.0 94.0 92.0 75.0 72.0 315.0 239.0 554.0
31825 林培润 116.0 102.0 113.5 69.0 75.0 75.0 331.5 219.0 550.5
31826 林绮娜 118.0 123.0 112.5 75.0 90.0 87.0 353.5 252.0 605.5
31827 林昕 118.0 122.0 112.0 96.0 63.0 78.0 352.0 237.0 589.0
31828 林奕敏 109.0 106.0 105.5 69.0 68.0 80.0 320.5 217.0 537.5
31829 林泽辉 90.0 70.0 96.5 76.0 65.0 73.0 256.5 214.0 470.5
31830 林泽炜 108.0 131.0 105.0 88.0 90.0 83.0 344.0 261.0 605.0
31831 林增瑞 124.0 129.0 108.0 85.0 76.0 78.0 361.0 239.0 600.0
31832 刘丁玮 103.0 114.0 103.0 93.0 74.0 82.0 320.0 249.0 569.0
31833 卢呈焕 110.0 97.0 95.5 87.0 63.0 77.0 302.5 227.0 529.5
31834 卢智扬 113.0 73.0 110.0 68.0 70.0 79.0 296.0 217.0 513.0
31835 罗亿权 115.0 98.0 110.5 88.0 63.0 72.0 323.5 223.0 546.5
31836 邱乐思 110.0 114.0 115.5 80.0 82.0 77.0 339.5 239.0 578.5
31837 佘涵 110.0 121.0 108.0 92.0 84.0 88.0 339.0 264.0 603.0
31838 汤钰瑛 102.0 89.0 124.5 59.0 75.0 80.0 315.5 214.0 529.5
31839 王佩佩 116.0 136.0 110.5 78.0 92.0 84.0 362.5 254.0 616.5
31840 王思佳 115.0 118.0 103.5 79.0 68.0 87.0 336.5 234.0 570.5
31841 王晓泽 109.0 97.0 111.5 68.0 73.0 83.0 317.5 224.0 541.5
31842 王振东 114.0 126.0 124.0 93.0 87.0 92.0 364.0 272.0 636.0
31843 王子瑜 111.0 116.0 102.0 80.0 61.0 77.0 329.0 218.0 547.0
31844 吴绍邦 108.0 126.0 126.5 87.0 86.0 81.0 360.5 254.0 614.5
31845 吴水滇 101.0 115.0 113.0 85.0 71.0 74.0 329.0 230.0 559.0
31846 吴晓琪 111.0 110.0 118.0 93.0 74.0 75.0 339.0 242.0 581.0
31847 吴昕 111.0 116.0 121.5 89.0 61.0 78.0 348.5 228.0 576.5
31848 谢昱康 109.0 100.0 114.5 77.0 73.0 71.0 323.5 221.0 544.5
31849 姚少云 99.0 92.0 97.0 67.0 74.0 80.0 288.0 221.0 509.0
31850 余博浩 100.0 117.0 114.5 34.0 77.0 86.0 331.5 197.0 528.5
31851 曾泓燊 108.0 112.0 118.0 89.0 75.0 76.0 338.0 240.0 578.0
31852 曾佳泓 114.0 112.0 99.0 85.0 87.0 83.0 325.0 255.0 580.0
31854 曾宪瀚 100.0 77.0 80.0 74.0 57.0 69.0 257.0 200.0 457.0
31855 曾伊琳 102.0 105.0 112.0 91.0 69.0 71.0 319.0 231.0 550.0
31856 张随娜 116.0 109.0 100.0 76.0 81.0 74.0 325.0 231.0 556.0
31857 张育铭 109.0 101.0 119.5 92.0 67.0 86.0 329.5 245.0 574.5
31858 章滢蓥 120.0 120.0 106.5 98.0 86.0 79.0 346.5 263.0 609.5
31859 郑任翔 105.0 104.0 123.5 92.0 75.0 78.0 332.5 245.0 577.5
31860 郑子昂 117.0 113.0 107.5 78.0 68.0 76.0 337.5 222.0 559.5
31861 钟浩川 117.0 121.0 105.0 82.0 78.0 84.0 343.0 244.0 587.0
31862 周苑婷 118.0 122.0 115.0 90.0 89.0 89.0 355.0 268.0 623.0
31863 庄妍 109.0 126.0 132.5 93.0 78.0 97.0 367.5 268.0 635.5
31901 蔡育铮 123.0 121.0 128.0 79.0 92.0 91.0 372.0 262.0 634.0
31902 蔡卓颖 117.0 110.0 112.0 75.0 81.0 85.0 339.0 241.0 580.0
31903 陈功超 100.0 65.0 100.5 54.0 45.0 55.0 265.5 154.0 419.5
31904 陈浩宇 116.0 116.0 95.0 89.0 84.0 86.0 327.0 259.0 586.0
31905 陈红 116.0 106.0 118.0 81.0 76.0 74.0 340.0 231.0 571.0
31906 陈嘉杭 121.0 95.0 115.0 78.0 73.0 83.0 331.0 234.0 565.0
31907 陈锴灏 110.0 127.0 106.5 86.0 76.0 88.0 343.5 250.0 593.5
31908 陈孟耀 112.0 88.0 100.0 69.0 63.0 75.0 300.0 207.0 507.0
31909 陈伟杰 116.0 140.0 126.5 88.0 84.0 80.0 382.5 252.0 634.5
31910 陈宇霏 119.0 124.0 108.5 74.0 75.0 79.0 351.5 228.0 579.5
31911 陈卓妮 103.0 100.0 115.5 70.0 58.0 70.0 318.5 198.0 516.5
31912 杜振超 107.0 139.0 118.5 91.0 94.0 90.0 364.5 275.0 639.5
31913 方家颖 102.0 96.0 115.5 90.0 64.0 67.0 313.5 221.0 534.5
31914 郭佳鑫 121.0 132.0 120.0 100.0 94.0 93.0 373.0 287.0 660.0
31915 黄超铄 115.0 119.0 95.5 91.0 85.0 81.0 329.5 257.0 586.5
31916 黄海铭 111.0 98.0 100.0 84.0 63.0 77.0 309.0 224.0 533.0
31917 黄融杰 104.0 126.0 113.5 84.0 71.0 85.0 343.5 240.0 583.5
31921 纪沛桐 84.0 102.0 99.5 90.0 66.0 80.0 285.5 236.0 521.5
31922 李岱谚 119.0 140.0 126.5 92.0 95.0 93.0 385.5 280.0 665.5
31923 李光泽 110.0 108.0 103.5 82.0 70.0 76.0 321.5 228.0 549.5
31924 李鸿 111.0 116.0 100.5 90.0 76.0 84.0 327.5 250.0 577.5
31925 李林昕 109.0 105.0 103.0 88.0 74.0 81.0 317.0 243.0 560.0
31926 李欣然 108.0 86.0 126.5 82.0 77.0 86.0 320.5 245.0 565.5
31927 李鑫 111.0 89.0 111.5 63.0 73.0 70.0 311.5 206.0 517.5
31928 李彦腾 118.0 104.0 110.5 75.0 80.0 73.0 332.5 228.0 560.5
31929 林坚生 115.0 125.0 110.5 95.0 71.0 77.0 350.5 243.0 593.5
31930 林乐贤 111.0 120.0 115.5 98.0 89.0 84.0 346.5 271.0 617.5
31931 林萌子 109.0 112.0 119.5 80.0 77.0 88.0 340.5 245.0 585.5
31932 林银虹 104.0 101.0 121.0 92.0 78.0 89.0 326.0 259.0 585.0
31933 林岳青 111.0 104.0 113.5 92.0 80.0 86.0 328.5 258.0 586.5
31934 卢晓杰 112.0 135.0 111.0 87.0 89.0 87.0 358.0 263.0 621.0
31935 马思昀 117.0 106.0 110.0 81.0 90.0 88.0 333.0 259.0 592.0
31936 彭丽妹 119.0 94.0 88.0 50.0 70.0 87.0 301.0 207.0 508.0
31937 彭扬帆 102.0 128.0 108.0 87.0 74.0 84.0 338.0 245.0 583.0
31938 沈桂菱 113.0 90.0 89.0 84.0 93.0 88.0 292.0 265.0 557.0
31939 沈益聪 110.0 140.0 102.5 98.0 92.0 87.0 352.5 277.0 629.5
31940 苏思澄 115.0 87.0 102.0 99.0 89.0 80.0 304.0 268.0 572.0
31941 苏泽坤 96.0 116.0 86.0 91.0 72.0 73.0 298.0 236.0 534.0
31942 王璐 115.0 109.0 125.5 90.0 95.0 87.0 349.5 272.0 621.5
31943 王梓琦 116.0 128.0 96.5 93.0 84.0 80.0 340.5 257.0 597.5
31944 文渲 104.0 95.0 105.5 69.0 69.0 73.0 304.5 211.0 515.5
31945 翁涵 114.0 105.0 101.5 76.0 84.0 81.0 320.5 241.0 561.5
31946 吴虹燕 109.0 87.0 91.0 91.0 58.0 65.0 287.0 214.0 501.0
31947 吴佳銮 120.0 121.0 132.0 94.0 78.0 87.0 373.0 259.0 632.0
31948 吴怡玫 114.0 114.0 112.0 78.0 63.0 81.0 340.0 222.0 562.0
31949 谢罗瀚 110.0 97.0 61.0 65.0 55.0 79.0 268.0 199.0 467.0
31950 谢泽钊 97.0 104.0 88.0 74.0 73.0 72.0 289.0 219.0 508.0
31951 徐润峰 102.0 112.0 88.5 86.0 76.0 76.0 302.5 238.0 540.5
31952 许滨楠 111.0 114.0 116.5 85.0 83.0 81.0 341.5 249.0 590.5
31953 许玫 115.0 108.0 127.5 82.0 81.0 82.0 350.5 245.0 595.5
31954 许子源 110.0 119.0 101.0 98.0 71.0 75.0 330.0 244.0 574.0
31955 杨利秋 104.0 114.0 102.5 81.0 61.0 79.0 320.5 221.0 541.5
31956 余子涵 108.0 109.0 108.5 74.0 80.0 76.0 325.5 230.0 555.5
31957 曾奕楠 102.0 95.0 102.5 75.0 78.0 83.0 299.5 236.0 535.5
31958 张超逸 106.0 123.0 92.0 82.0 85.0 94.0 321.0 261.0 582.0
31959 张曼琪 116.0 106.0 108.5 61.0 65.0 74.0 330.5 200.0 530.5
31960 赵彦纯 123.0 113.0 107.0 78.0 91.0 79.0 343.0 248.0 591.0
31961 郑钧漾 109.0 113.0 97.5 74.0 68.0 75.0 319.5 217.0 536.5
31962 郑玮涛 112.0 109.0 112.0 89.0 85.0 86.0 333.0 260.0 593.0
31963 郑锨淇 119.0 128.0 117.5 90.0 93.0 89.0 364.5 272.0 636.5
31964 庄开翔 106.0 107.0 109.0 100.0 76.0 75.0 322.0 251.0 573.0
32001 蔡佳琪 112.0 92.0 105.0 66.0 67.0 85.0 309.0 218.0 527.0
32002 蔡淑玲 113.0 105.0 114.5 69.0 71.0 76.0 332.5 216.0 548.5
32003 蔡伟龙 114.0 122.0 120.0 92.0 74.0 77.0 356.0 243.0 599.0
32004 陈博涵 114.0 118.0 113.5 92.0 76.0 87.0 345.5 255.0 600.5
32005 陈畅洪 102.0 96.0 93.0 76.0 70.0 63.0 291.0 209.0 500.0
32006 陈润洋 116.0 111.0 103.0 100.0 73.0 86.0 330.0 259.0 589.0
32007 陈思桦 119.0 109.0 114.5 78.0 69.0 83.0 342.5 230.0 572.5
32008 陈雪仪 125.0 98.0 109.5 89.0 73.0 81.0 332.5 243.0 575.5
32009 洪奕祥 106.0 98.0 117.5 91.0 83.0 72.0 321.5 246.0 567.5
32010 胡期升 117.0 119.0 117.5 84.0 70.0 80.0 353.5 234.0 587.5
32011 黄斌伟 102.0 122.0 107.5 86.0 60.0 83.0 331.5 229.0 560.5
32012 黄洪雯 95.0 56.0 102.5 81.0 58.0 78.0 253.5 217.0 470.5
32013 黄敏华 113.0 84.0 104.5 90.0 84.0 85.0 301.5 259.0 560.5
32014 黄舜娴 119.0 118.0 113.5 100.0 88.0 89.0 350.5 277.0 627.5
32015 黄于峻 105.0 88.0 91.0 76.0 49.0 61.0 284.0 186.0 470.0
32017 李东烁 118.0 107.0 106.5 94.0 73.0 79.0 331.5 246.0 577.5
32018 李洁 107.0 113.0 129.0 95.0 89.0 85.0 349.0 269.0 618.0
32019 李易霖 98.0 93.0 94.0 66.0 61.0 79.0 285.0 206.0 491.0
32020 李治 98.0 134.0 110.0 97.0 86.0 82.0 342.0 265.0 607.0
32021 李卓明 115.0 117.0 118.0 97.0 96.0 89.0 350.0 282.0 632.0
32022 林佳煌 109.0 118.0 91.5 88.0 77.0 81.0 318.5 246.0 564.5
32023 林钦鸿 107.0 132.0 122.5 98.0 86.0 86.0 361.5 270.0 631.5
32024 林小琪 105.0 93.0 121.5 84.0 65.0 89.0 319.5 238.0 557.5
32025 林烨 114.0 104.0 112.0 71.0 61.0 77.0 330.0 209.0 539.0
32026 刘艾莉 123.0 125.0 118.5 91.0 88.0 77.0 366.5 256.0 622.5
32027 刘旭东 120.0 136.0 122.5 95.0 82.0 85.0 378.5 262.0 640.5
32028 刘依菁 95.0 133.0 110.5 97.0 77.0 81.0 338.5 255.0 593.5
32029 刘悦韵 118.0 123.0 124.5 84.0 0 0 365.5 0 0
32030 马洪量 97.0 67.0 102.0 69.0 56.0 64.0 266.0 189.0 455.0
32031 马茵茵 102.0 95.0 102.0 80.0 62.0 70.0 299.0 212.0 511.0
32032 潘莹涵 106.0 79.0 101.5 66.0 56.0 77.0 286.5 199.0 485.5
32033 沈敏勇 121.0 134.0 120.5 85.0 86.0 89.0 375.5 260.0 635.5
32034 沈晓燕 117.0 90.0 108.5 97.0 66.0 84.0 315.5 247.0 562.5
32035 苏诚章 109.0 118.0 113.5 100.0 88.0 85.0 340.5 273.0 613.5
32036 唐梦洋 106.0 61.0 84.0 55.0 53.0 74.0 251.0 182.0 433.0
32037 王灿杜 105.0 101.0 104.5 92.0 71.0 82.0 310.5 245.0 555.5
32038 王鸿吉 109.0 110.0 92.5 80.0 56.0 78.0 311.5 214.0 525.5
32039 王杰鑫 116.0 114.0 124.0 83.0 89.0 87.0 354.0 259.0 613.0
32040 王泽锴 104.0 85.0 83.5 56.0 57.0 63.0 272.5 176.0 448.5
32041 王子铟 119.0 128.0 122.5 93.0 92.0 83.0 369.5 268.0 637.5
32042 吴斯彤 123.0 121.0 98.0 77.0 77.0 81.0 342.0 235.0 577.0
32043 吴泽锐 120.0 139.0 139.0 97.0 95.0 93.0 398.0 285.0 683.0
32044 谢锦珊 113.0 109.0 119.5 99.0 87.0 86.0 341.5 272.0 613.5
32045 谢铠羽 102.0 75.0 109.5 58.0 65.0 68.0 286.5 191.0 477.5
32046 谢婉婷 109.0 108.0 117.5 69.0 65.0 78.0 334.5 212.0 546.5
32047 谢懿锐 117.0 109.0 113.0 90.0 82.0 84.0 339.0 256.0 595.0
32048 徐英芸 119.0 90.0 102.0 82.0 69.0 77.0 311.0 228.0 539.0
32049 许晓刚 120.0 125.0 110.0 87.0 80.0 76.0 355.0 243.0 598.0
32050 许永泓 118.0 127.0 110.0 98.0 86.0 89.0 355.0 273.0 628.0
32051 颜莞尔 115.0 113.0 107.5 80.0 70.0 95.0 335.5 245.0 580.5
32052 姚树耿 116.0 125.0 108.5 85.0 89.0 81.0 349.5 255.0 604.5
32053 姚悦扬 111.0 131.0 116.0 93.0 75.0 85.0 358.0 253.0 611.0
32054 余钊 105.0 96.0 87.5 79.0 70.0 77.0 288.5 226.0 514.5
32055 詹金伟 108.0 108.0 92.0 87.0 83.0 74.0 308.0 244.0 552.0
32056 张皓洵 113.0 114.0 111.5 79.0 72.0 81.0 338.5 232.0 570.5
32057 张扬 99.0 108.0 108.5 91.0 84.0 87.0 315.5 262.0 577.5
32058 张奕欣 109.0 95.0 100.5 54.0 58.0 68.0 304.5 180.0 484.5
32059 郑铠 104.0 120.0 96.5 80.0 81.0 82.0 320.5 243.0 563.5
32060 郑哲然 119.0 117.0 111.0 86.0 74.0 81.0 347.0 241.0 588.0
32061 周泽妍 109.0 120.0 100.0 90.0 86.0 91.0 329.0 267.0 596.0
32062 周子毓 113.0 100.0 106.5 79.0 50.0 69.0 319.5 198.0 517.5
