30401 陈柏林 114.0 99.0 88.0 96.0 85.0 77.0 301.0 258.0 559.0
30402 陈东晓 113.0 93.0 111.0 85.0 81.0 79.0 317.0 245.0 562.0
30403 陈冬仪 105.0 97.0 89.0 83.0 87.0 77.0 291.0 247.0 538.0
30404 陈金洲 105.0 120.0 107.0 99.0 98.0 76.0 332.0 273.0 605.0
30405 陈淑妍 108.0 102.0 111.0 99.0 92.0 81.0 321.0 272.0 593.0
30406 胡楷宇 98.0 117.0 81.0 86.0 71.0 76.0 296.0 233.0 529.0
30407 胡昱 110.0 108.0 109.0 89.0 89.0 81.0 327.0 259.0 586.0
30408 黄艾琪 100.0 124.0 116.0 91.0 93.0 76.0 340.0 260.0 600.0
30409 黄狄林 113.0 85.0 111.0 96.0 86.0 84.0 309.0 266.0 575.0
30410 黄琳婷 100.0 102.0 98.0 96.0 82.0 66.0 300.0 244.0 544.0
30411 黄云进 104.0 114.0 104.0 94.0 79.0 86.0 322.0 259.0 581.0
30412 纪慧煊 97.0 134.0 92.0 92.0 81.0 63.0 323.0 236.0 559.0
30413 蓝玉奇 99.0 95.0 96.0 80.0 80.0 68.0 290.0 228.0 518.0
30414 李宏森 93.0 74.0 60.0 63.0 71.0 62.0 227.0 196.0 423.0
30415 李艺晴 100.0 111.0 118.0 95.0 92.0 85.0 329.0 272.0 601.0
30416 李兆捷 107.0 125.0 105.0 95.0 97.0 77.0 337.0 269.0 606.0
30417 林达 111.0 108.0 102.0 95.0 78.0 83.0 321.0 256.0 577.0
30418 林镜辉 100.0 99.0 81.0 82.0 87.0 83.0 280.0 252.0 532.0
30419 林永佳 99.0 105.0 95.0 79.0 78.0 60.0 299.0 217.0 516.0
30420 林昱霖 101.0 135.0 90.0 95.0 90.0 81.0 326.0 266.0 592.0
30421 林泽楷 100.0 101.0 91.0 92.0 91.0 78.0 292.0 261.0 553.0
30422 刘琳菲 101.0 87.0 98.0 87.0 80.0 87.0 286.0 254.0 540.0
30423 刘壮鸣 57.0 40.0 66.0 44.0 44.0 29.0 163.0 117.0 280.0
30424 卢涵 108.0 73.0 94.0 98.0 86.0 81.0 275.0 265.0 540.0
30425 卢昕玥 103.0 99.0 104.0 85.0 86.0 70.0 306.0 241.0 547.0
30426 卢彦宇 103.0 103.0 83.0 88.0 83.0 75.0 289.0 246.0 535.0
30427 罗亦宋 102.0 86.0 110.0 95.0 77.0 73.0 298.0 245.0 543.0
30428 麦扬 95.0 88.0 90.0 86.0 80.0 78.0 273.0 244.0 517.0
30429 邵彦程 92.0 77.0 84.0 83.0 72.0 64.0 253.0 219.0 472.0
30430 沈丹琼 115.0 114.0 109.0 99.0 94.0 92.0 338.0 285.0 623.0
30431 王磊 105.0 112.0 108.0 92.0 91.0 79.0 325.0 262.0 587.0
30432 王震霆 90.0 105.0 73.0 89.0 68.0 51.0 268.0 208.0 476.0
30433 韦昕澄 121.0 126.0 116.0 86.0 90.0 83.0 363.0 259.0 622.0
30434 魏桐曦 97.0 126.0 125.0 97.0 97.0 84.0 348.0 278.0 626.0
30435 翁铭捷 101.0 93.0 100.0 91.0 69.0 66.0 294.0 226.0 520.0
30436 吴洁兰 107.0 84.0 87.0 83.0 80.0 70.0 278.0 233.0 511.0
30437 吴婕洵 106.0 119.0 108.0 84.0 81.0 80.0 333.0 245.0 578.0
30438 吴郁楠 95.0 106.0 111.0 87.0 90.0 89.0 312.0 266.0 578.0
30439 吴泽峰 125.0 107.0 105.0 99.0 89.0 89.0 337.0 277.0 614.0
30440 吴植慧 102.0 84.0 82.0 81.0 72.0 61.0 268.0 214.0 482.0
30441 谢庆欣 101.0 83.0 98.0 81.0 68.0 61.0 282.0 210.0 492.0
30442 辛孜玫 105.0 119.0 88.0 85.0 80.0 69.0 312.0 234.0 546.0
30443 徐浩锴 100.0 98.0 108.0 94.0 77.0 75.0 306.0 246.0 552.0
30444 许可淳 111.0 135.0 105.0 98.0 93.0 93.0 351.0 284.0 635.0
30445 许林菁 99.0 100.0 100.0 73.0 82.0 65.0 299.0 220.0 519.0
30446 许统辉 91.0 103.0 76.0 80.0 67.0 64.0 270.0 211.0 481.0
30447 许旭东 119.0 125.0 115.0 96.0 90.0 90.0 359.0 276.0 635.0
30448 杨博锐 102.0 93.0 91.0 82.0 70.0 68.0 286.0 220.0 506.0
30449 杨乔 97.0 88.0 95.0 90.0 77.0 71.0 280.0 238.0 518.0
30450 杨宇镔 103.0 103.0 101.0 80.0 84.0 75.0 307.0 239.0 546.0
30451 杨芷涵 97.0 115.0 106.0 88.0 94.0 86.0 318.0 268.0 586.0
30452 姚楷炫 108.0 133.0 104.0 82.0 89.0 77.0 345.0 248.0 593.0
30453 张若涵 117.0 96.0 125.0 85.0 88.0 76.0 338.0 249.0 587.0
30454 张雪妍 107.0 97.0 103.0 94.0 86.0 75.0 307.0 255.0 562.0
30455 赵明明 111.0 88.0 97.0 97.0 69.0 93.0 296.0 259.0 555.0
30456 赵晓明 102.0 90.0 100.0 81.0 81.0 69.0 292.0 231.0 523.0
30457 郑沐林 116.0 112.0 122.0 100.0 97.0 86.0 350.0 283.0 633.0
30458 郑镛墉 107.0 106.0 88.0 75.0 76.0 80.0 301.0 231.0 532.0
30459 钟献彪 111.0 122.0 89.0 84.0 84.0 81.0 322.0 249.0 571.0
30460 周梓勃 104.0 110.0 104.0 92.0 88.0 77.0 318.0 257.0 575.0
30461 朱丹琪 101.0 108.0 95.0 85.0 67.0 71.0 304.0 223.0 527.0
30462 庄漪婷 107.0 94.0 92.0 89.0 76.0 66.0 293.0 231.0 524.0
30501 蔡苑虹 110.0 106.0 111.0 100.0 89.0 86.0 327.0 275.0 602.0
30502 陈福溢 117.0 116.0 109.0 91.0 78.0 78.0 342.0 247.0 589.0
30503 陈泓 94.0 89.0 114.0 92.0 63.0 55.0 297.0 210.0 507.0
30504 陈佳泓 101.0 110.0 92.0 90.0 88.0 74.0 303.0 252.0 555.0
30505 陈嘉胜 89.0 87.0 87.0 72.0 71.0 69.0 263.0 212.0 475.0
30506 陈丽娜 112.0 106.0 86.0 85.0 87.0 74.0 304.0 246.0 550.0
30507 陈沛震 97.0 76.0 84.0 98.0 88.0 72.0 257.0 258.0 515.0
30508 陈乔林 103.0 92.0 98.0 87.0 92.0 73.0 293.0 252.0 545.0
30509 陈疏桐 116.0 128.0 128.0 92.0 93.0 89.0 372.0 274.0 646.0
30510 陈欣洋 88.0 84.0 88.0 87.0 64.0 61.0 260.0 212.0 472.0
30511 陈雅琪 101.0 114.0 117.0 93.0 86.0 78.0 332.0 257.0 589.0
30512 陈一凡 97.0 125.0 89.0 95.0 92.0 92.0 311.0 279.0 590.0
30513 陈禹廷 98.0 120.0 105.0 100.0 88.0 67.0 323.0 255.0 578.0
30514 陈煜琳 113.0 129.0 113.0 90.0 82.0 81.0 355.0 253.0 608.0
30515 陈梓瀚 101.0 117.0 99.0 97.0 90.0 73.0 317.0 260.0 577.0
30517 陈梓宇 109.0 101.0 100.0 92.0 83.0 83.0 310.0 258.0 568.0
30518 方灿鸿 114.0 108.0 100.0 92.0 88.0 76.0 322.0 256.0 578.0
30519 郭梓淇 108.0 80.0 104.0 77.0 48.0 61.0 292.0 186.0 478.0
30520 黄泓鉴 104.0 124.0 113.0 85.0 90.0 81.0 341.0 256.0 597.0
30521 黄金涛 107.0 106.0 90.0 79.0 75.0 79.0 303.0 233.0 536.0
30522 黄式铨 91.0 118.0 98.0 86.0 84.0 69.0 307.0 239.0 546.0
30523 黄孜睿 90.0 111.0 119.0 92.0 90.0 72.0 320.0 254.0 574.0
30524 江卓聪 97.0 125.0 109.0 96.0 91.0 89.0 331.0 276.0 607.0
30525 李依璘 107.0 73.0 113.0 92.0 91.0 82.0 293.0 265.0 558.0
30526 李子聪 93.0 107.0 96.0 95.0 83.0 76.0 296.0 254.0 550.0
30527 林钡钡 112.0 122.0 90.0 92.0 91.0 82.0 324.0 265.0 589.0
30528 林洁萍 106.0 89.0 98.0 94.0 82.0 83.0 293.0 259.0 552.0
30529 林煜涛 95.0 121.0 96.0 96.0 87.0 78.0 312.0 261.0 573.0
30530 林泽滢 100.0 93.0 96.0 92.0 82.0 74.0 289.0 248.0 537.0
30531 刘榕飒 101.0 87.0 101.0 78.0 83.0 76.0 289.0 237.0 526.0
30532 陆凡冰 111.0 112.0 88.0 96.0 88.0 85.0 311.0 269.0 580.0
30533 马万里 99.0 97.0 104.0 91.0 73.0 70.0 300.0 234.0 534.0
30534 马伟涛 99.0 117.0 100.0 97.0 91.0 87.0 316.0 275.0 591.0
30535 潘俞霏 110.0 121.0 107.0 93.0 87.0 76.0 338.0 256.0 594.0
30536 沈哲沛 84.0 73.0 83.0 84.0 79.0 67.0 240.0 230.0 470.0
30537 孙玮 105.0 123.0 96.0 78.0 80.0 78.0 324.0 236.0 560.0
30538 王楠 95.0 95.0 109.0 79.0 70.0 76.0 299.0 225.0 524.0
30539 王天乐 101.0 78.0 82.0 78.0 71.0 65.0 261.0 214.0 475.0
30540 吴博 114.0 120.0 115.0 90.0 86.0 80.0 349.0 256.0 605.0
30541 吴佳芸 102.0 89.0 100.0 74.0 81.0 63.0 291.0 218.0 509.0
30542 吴淇升 110.0 106.0 106.0 93.0 83.0 80.0 322.0 256.0 578.0
30543 吴易达 117.0 118.0 92.0 96.0 87.0 65.0 327.0 248.0 575.0
30544 肖泽楷 124.0 90.0 103.0 89.0 83.0 71.0 317.0 243.0 560.0
30545 谢函瀚 105.0 92.0 111.0 81.0 90.0 73.0 308.0 244.0 552.0
30547 谢思婷 104.0 110.0 116.0 94.0 85.0 71.0 330.0 250.0 580.0
30548 谢育锋 92.0 94.0 91.0 81.0 81.0 74.0 277.0 236.0 513.0
30550 杨昕 115.0 105.0 113.0 90.0 96.0 82.0 333.0 268.0 601.0
30551 姚雪萍 113.0 116.0 89.0 88.0 77.0 65.0 318.0 230.0 548.0
30552 姚逸峰 102.0 97.0 97.0 90.0 89.0 72.0 296.0 251.0 547.0
30553 余泓涛 94.0 102.0 77.0 68.0 77.0 72.0 273.0 217.0 490.0
30554 余珮镕 103.0 114.0 95.0 88.0 80.0 70.0 312.0 238.0 550.0
30555 曾烁 107.0 84.0 75.0 85.0 85.0 59.0 266.0 229.0 495.0
30556 张基烨 90.0 103.0 110.0 81.0 91.0 79.0 303.0 251.0 554.0
30557 张锦河 93.0 121.0 93.0 93.0 93.0 88.0 307.0 274.0 581.0
30558 张子斌 103.0 116.0 105.0 88.0 87.0 79.0 324.0 254.0 578.0
30559 张宗泽 102.0 116.0 102.0 84.0 91.0 72.0 320.0 247.0 567.0
30560 郑涵 110.0 112.0 118.0 92.0 91.0 83.0 340.0 266.0 606.0
30561 郑主加 105.0 101.0 93.0 89.0 59.0 79.0 299.0 227.0 526.0
30562 钟婉灵 111.0 97.0 90.0 84.0 87.0 73.0 298.0 244.0 542.0
30563 周哲 90.0 115.0 106.0 100.0 99.0 67.0 311.0 266.0 577.0
30601 蔡楚怡 98.0 110.0 95.0 80.0 79.0 72.0 303.0 231.0 534.0
30602 蔡瀚锋 103.0 99.0 99.0 91.0 85.0 86.0 301.0 262.0 563.0
30603 蔡弋炀 95.0 115.0 88.0 93.0 83.0 74.0 298.0 250.0 548.0
30604 陈金涛 115.0 99.0 91.0 90.0 84.0 68.0 305.0 242.0 547.0
30605 陈谨 116.0 89.0 100.0 88.0 82.0 80.0 305.0 250.0 555.0
30606 陈庆 86.0 115.0 89.0 93.0 81.0 73.0 290.0 247.0 537.0
30607 陈帅琦 96.0 100.0 95.0 87.0 89.0 72.0 291.0 248.0 539.0
30608 陈锶涛 86.0 84.0 95.0 88.0 64.0 51.0 265.0 203.0 468.0
30609 陈雅文 110.0 115.0 120.0 83.0 94.0 79.0 345.0 256.0 601.0
30610 陈妍 96.0 102.0 108.0 70.0 83.0 82.0 306.0 235.0 541.0
30611 陈振霖 105.0 118.0 79.0 88.0 79.0 71.0 302.0 238.0 540.0
30612 陈震寅 96.0 129.0 81.0 89.0 85.0 77.0 306.0 251.0 557.0
30613 陈梓泓 109.0 111.0 105.0 96.0 76.0 76.0 325.0 248.0 573.0
30614 陈梓演 100.0 121.0 117.0 80.0 85.0 79.0 338.0 244.0 582.0
30615 戴德燊 95.0 124.0 96.0 90.0 85.0 80.0 315.0 255.0 570.0
30616 方家浩 105.0 82.0 72.0 80.0 91.0 72.0 259.0 243.0 502.0
30617 方玮绚 104.0 96.0 99.0 89.0 71.0 65.0 299.0 225.0 524.0
30618 方小涵 99.0 105.0 96.0 76.0 67.0 73.0 300.0 216.0 516.0
30619 方梓昊 96.0 105.0 97.0 72.0 73.0 71.0 298.0 216.0 514.0
30620 郭悦宁 100.0 93.0 86.0 83.0 61.0 61.0 279.0 205.0 484.0
30622 洪斯沛 102.0 111.0 116.0 87.0 87.0 75.0 329.0 249.0 578.0
30623 黄蔓蔓 109.0 104.0 87.0 90.0 77.0 67.0 300.0 234.0 534.0
30624 黄树炫 109.0 111.0 102.0 88.0 91.0 86.0 322.0 265.0 587.0
30625 黄晚至 98.0 93.0 124.0 81.0 81.0 78.0 315.0 240.0 555.0
30626 黄粤奇 89.0 116.0 91.0 100.0 92.0 75.0 296.0 267.0 563.0
30627 李传璞 101.0 94.0 102.0 93.0 92.0 77.0 297.0 262.0 559.0
30628 李科谋 114.0 118.0 99.0 90.0 92.0 76.0 331.0 258.0 589.0
30629 李婉宜 109.0 100.0 84.0 87.0 86.0 85.0 293.0 258.0 551.0
30630 李心彤 106.0 96.0 104.0 79.0 87.0 74.0 306.0 240.0 546.0
30631 梁婧 97.0 87.0 88.0 97.0 78.0 68.0 272.0 243.0 515.0
30632 林琦 103.0 108.0 109.0 95.0 98.0 81.0 320.0 274.0 594.0
30633 林润峰 95.0 83.0 80.0 78.0 74.0 54.0 258.0 206.0 464.0
30634 林烁 98.0 119.0 97.0 89.0 75.0 79.0 314.0 243.0 557.0
30635 林钰祺 103.0 100.0 83.0 90.0 86.0 76.0 286.0 252.0 538.0
30636 林泽聪 100.0 109.0 102.0 94.0 97.0 82.0 311.0 273.0 584.0
30637 林泽娜 106.0 98.0 112.0 75.0 75.0 85.0 316.0 235.0 551.0
30638 刘学智 104.0 109.0 97.0 84.0 94.0 78.0 310.0 256.0 566.0
30639 马思奇 114.0 121.0 100.0 90.0 85.0 78.0 335.0 253.0 588.0
30640 佘卓键 95.0 103.0 61.0 86.0 0 80.0 259.0 0 0
30641 沈畅泳 99.0 126.0 120.0 100.0 89.0 79.0 345.0 268.0 613.0
30642 汤庆琳 94.0 80.0 111.0 69.0 76.0 61.0 285.0 206.0 491.0
30643 王嘉如 114.0 112.0 96.0 99.0 82.0 81.0 322.0 262.0 584.0
30644 王琳 101.0 96.0 83.0 78.0 90.0 83.0 280.0 251.0 531.0
30645 王梓渲 108.0 103.0 99.0 94.0 86.0 81.0 310.0 261.0 571.0
30646 吴文澜 95.0 70.0 88.0 80.0 71.0 67.0 253.0 218.0 471.0
30647 吴妍 106.0 115.0 100.0 86.0 80.0 80.0 321.0 246.0 567.0
30648 许夏帆 108.0 108.0 113.0 88.0 89.0 81.0 329.0 258.0 587.0
30649 许烨琪 92.0 111.0 91.0 84.0 85.0 59.0 294.0 228.0 522.0
30650 杨金满 117.0 112.0 119.0 92.0 94.0 89.0 348.0 275.0 623.0
30651 杨壬 86.0 70.0 81.0 66.0 69.0 58.0 237.0 193.0 430.0
30652 杨依云 116.0 115.0 126.0 85.0 86.0 72.0 357.0 243.0 600.0
30653 蚁维聪 103.0 120.0 86.0 85.0 82.0 88.0 309.0 255.0 564.0
30654 余信荣 103.0 109.0 117.0 87.0 89.0 85.0 329.0 261.0 590.0
30655 喻子韬 106.0 104.0 107.0 93.0 87.0 80.0 317.0 260.0 577.0
30656 詹育东 115.0 126.0 91.0 88.0 89.0 80.0 332.0 257.0 589.0
30657 张棣炫 102.0 86.0 116.0 98.0 73.0 66.0 304.0 237.0 541.0
30658 张欣悦 102.0 106.0 96.0 85.0 74.0 76.0 304.0 235.0 539.0
30659 郑东能 100.0 128.0 93.0 99.0 96.0 85.0 321.0 280.0 601.0
30660 郑凯元 104.0 134.0 113.0 98.0 94.0 82.0 351.0 274.0 625.0
30661 郑泽楠 94.0 103.0 97.0 95.0 83.0 89.0 294.0 267.0 561.0
30662 钟贝琪 107.0 104.0 113.0 95.0 84.0 70.0 324.0 249.0 573.0
30663 周盈贝 107.0 81.0 87.0 83.0 75.0 77.0 275.0 235.0 510.0
30701 蔡博涵 93.0 113.0 79.0 88.0 90.0 59.0 285.0 237.0 522.0
30702 蔡琪 102.0 79.0 79.0 76.0 66.0 65.0 260.0 207.0 467.0
30703 蔡淑熙 101.0 103.0 95.0 85.0 70.0 78.0 299.0 233.0 532.0
30704 蔡晓仪 110.0 112.0 113.0 85.0 88.0 82.0 335.0 255.0 590.0
30705 蔡泽莹 93.0 94.0 103.0 85.0 70.0 60.0 290.0 215.0 505.0
30706 蔡之雅 104.0 90.0 99.0 88.0 80.0 68.0 293.0 236.0 529.0
30707 蔡至钿 102.0 82.0 104.0 80.0 67.0 69.0 288.0 216.0 504.0
30708 陈畅 104.0 90.0 87.0 85.0 76.0 68.0 281.0 229.0 510.0
30709 陈铎仑 108.0 99.0 126.0 95.0 94.0 82.0 333.0 271.0 604.0
30710 陈俊成 101.0 108.0 104.0 88.0 90.0 75.0 313.0 253.0 566.0
30711 陈思冰 95.0 73.0 94.0 81.0 80.0 66.0 262.0 227.0 489.0
30712 陈思桦 105.0 93.0 87.0 91.0 77.0 57.0 285.0 225.0 510.0
30713 陈武杰 88.0 113.0 95.0 80.0 85.0 63.0 296.0 228.0 524.0
30714 陈晓雯 119.0 125.0 126.0 88.0 97.0 89.0 370.0 274.0 644.0
30715 陈奕纯 104.0 107.0 101.0 87.0 74.0 75.0 312.0 236.0 548.0
30716 陈钟之 92.0 100.0 114.0 87.0 87.0 74.0 306.0 248.0 554.0
30717 陈梓博 108.0 87.0 88.0 86.0 88.0 77.0 283.0 251.0 534.0
30718 陈梓全 106.0 120.0 107.0 94.0 93.0 82.0 333.0 269.0 602.0
30719 丁烜 93.0 98.0 77.0 82.0 82.0 77.0 268.0 241.0 509.0
30720 杜昕 109.0 110.0 106.0 97.0 79.0 87.0 325.0 263.0 588.0
30721 杜展 108.0 126.0 100.0 93.0 94.0 88.0 334.0 275.0 609.0
30722 郭枫阳 111.0 109.0 121.0 98.0 92.0 82.0 341.0 272.0 613.0
30723 洪欣苑 102.0 93.0 86.0 83.0 74.0 71.0 281.0 228.0 509.0
30724 洪梓昂 99.0 115.0 119.0 93.0 96.0 78.0 333.0 267.0 600.0
30725 黄心婷 107.0 121.0 101.0 97.0 94.0 80.0 329.0 271.0 600.0
30726 黄芷琳 91.0 99.0 109.0 71.0 80.0 79.0 299.0 230.0 529.0
30727 李博恩 105.0 124.0 111.0 89.0 86.0 84.0 340.0 259.0 599.0
30728 李恺寰 94.0 113.0 92.0 95.0 86.0 78.0 299.0 259.0 558.0
30729 李沛熙 110.0 132.0 104.0 96.0 90.0 84.0 346.0 270.0 616.0
30730 李翊亨 115.0 88.0 106.0 92.0 93.0 76.0 309.0 261.0 570.0
30731 林宏杰 100.0 123.0 84.0 93.0 78.0 76.0 307.0 247.0 554.0
30732 林熙 86.0 84.0 74.0 74.0 79.0 61.0 244.0 214.0 458.0
30733 林映含 114.0 112.0 102.0 92.0 86.0 76.0 328.0 254.0 582.0
30734 林芸 106.0 108.0 107.0 89.0 91.0 87.0 321.0 267.0 588.0
30735 刘乐欣 106.0 110.0 108.0 100.0 89.0 81.0 324.0 270.0 594.0
30736 刘依雯 101.0 66.0 83.0 44.0 67.0 46.0 250.0 157.0 407.0
30737 刘雨奇 114.0 128.0 112.0 97.0 83.0 79.0 354.0 259.0 613.0
30738 刘子烁 103.0 70.0 80.0 88.0 78.0 75.0 253.0 241.0 494.0
30739 陆伟坤 96.0 108.0 78.0 78.0 92.0 85.0 282.0 255.0 537.0
30740 马学宽 104.0 90.0 103.0 81.0 78.0 55.0 297.0 214.0 511.0
30741 彭博澄 104.0 119.0 95.0 98.0 83.0 71.0 318.0 252.0 570.0
30742 邱可盈 96.0 107.0 94.0 96.0 83.0 64.0 297.0 243.0 540.0
30743 佘晓仪 102.0 86.0 85.0 73.0 72.0 74.0 273.0 219.0 492.0
30744 盛若岚 106.0 119.0 96.0 99.0 89.0 76.0 321.0 264.0 585.0
30745 苏烁航 98.0 100.0 74.0 86.0 85.0 60.0 272.0 231.0 503.0
30746 苏斯楠 98.0 99.0 84.0 91.0 62.0 63.0 281.0 216.0 497.0
30747 孙润楷 105.0 120.0 103.0 80.0 84.0 73.0 328.0 237.0 565.0
30748 吴佳生 121.0 122.0 111.0 92.0 94.0 90.0 354.0 276.0 630.0
30749 吴昕 98.0 93.0 102.0 79.0 84.0 68.0 293.0 231.0 524.0
30750 谢伟坤 107.0 108.0 90.0 95.0 84.0 75.0 305.0 254.0 559.0
30751 谢宗泰 93.0 101.0 96.0 79.0 74.0 66.0 290.0 219.0 509.0
30752 徐子媛 104.0 77.0 112.0 79.0 89.0 75.0 293.0 243.0 536.0
30753 许楷扬 98.0 98.0 107.0 86.0 86.0 73.0 303.0 245.0 548.0
30754 许艺瀛 114.0 104.0 117.0 91.0 85.0 78.0 335.0 254.0 589.0
30755 杨深林 120.0 111.0 79.0 98.0 87.0 83.0 310.0 268.0 578.0
30756 杨烨爽 93.0 133.0 103.0 98.0 91.0 78.0 329.0 267.0 596.0
30757 叶乐萱 107.0 128.0 125.0 100.0 98.0 87.0 360.0 285.0 645.0
30758 张睿 94.0 97.0 91.0 81.0 81.0 73.0 282.0 235.0 517.0
30759 张少伟 90.0 106.0 86.0 92.0 74.0 67.0 282.0 233.0 515.0
30760 张煜坚 102.0 90.0 113.0 76.0 71.0 73.0 305.0 220.0 525.0
30761 郑逸晖 100.0 122.0 130.0 97.0 83.0 76.0 352.0 256.0 608.0
30762 钟耿钦 102.0 104.0 91.0 87.0 86.0 69.0 297.0 242.0 539.0
30801 蔡筱蕊 104.0 115.0 102.0 92.0 88.0 77.0 321.0 257.0 578.0
30802 蔡奕桐 105.0 97.0 104.0 98.0 79.0 88.0 306.0 265.0 571.0
30803 蔡泽泓 102.0 111.0 93.0 87.0 71.0 75.0 306.0 233.0 539.0
30804 陈达可 111.0 111.0 119.0 93.0 94.0 80.0 341.0 267.0 608.0
30805 陈丹仪 111.0 109.0 115.0 95.0 89.0 88.0 335.0 272.0 607.0
30806 陈锴榆 109.0 112.0 101.0 94.0 96.0 81.0 322.0 271.0 593.0
30807 陈润慷 106.0 137.0 97.0 92.0 96.0 67.0 340.0 255.0 595.0
30808 陈淑芳 106.0 100.0 91.0 72.0 77.0 61.0 297.0 210.0 507.0
30809 陈彦宇 107.0 104.0 101.0 83.0 60.0 72.0 312.0 215.0 527.0
30810 陈钰琦 106.0 70.0 94.0 58.0 63.0 76.0 270.0 197.0 467.0
30811 陈志航 98.0 87.0 101.0 71.0 75.0 65.0 286.0 211.0 497.0
30812 单浩铭 101.0 102.0 99.0 92.0 83.0 73.0 302.0 248.0 550.0
30813 董煜然 101.0 110.0 88.0 93.0 82.0 79.0 299.0 254.0 553.0
30814 杜庚育 96.0 97.0 108.0 100.0 87.0 91.0 301.0 278.0 579.0
30815 方淑钰 103.0 75.0 80.0 90.0 66.0 68.0 258.0 224.0 482.0
30816 方殷锴 114.0 122.0 114.0 87.0 86.0 88.0 350.0 261.0 611.0
30817 葛颖 105.0 111.0 89.0 97.0 80.0 73.0 305.0 250.0 555.0
30818 郭粉红 113.0 98.0 90.0 84.0 79.0 80.0 301.0 243.0 544.0
30819 郭景瀚 92.0 79.0 100.0 77.0 70.0 74.0 271.0 221.0 492.0
30820 洪立强 111.0 110.0 108.0 95.0 81.0 69.0 329.0 245.0 574.0
30821 洪少锐 111.0 117.0 90.0 100.0 92.0 82.0 318.0 274.0 592.0
30822 黄端 103.0 123.0 103.0 84.0 96.0 85.0 329.0 265.0 594.0
30823 黄丰 109.0 113.0 103.0 99.0 88.0 77.0 325.0 264.0 589.0
30824 黄俊斐 101.0 100.0 98.0 97.0 86.0 83.0 299.0 266.0 565.0
30825 黄可欣 109.0 120.0 125.0 91.0 88.0 74.0 354.0 253.0 607.0
30826 金泽薰 104.0 102.0 113.0 99.0 96.0 92.0 319.0 287.0 606.0
30827 蓝旸 96.0 98.0 99.0 79.0 71.0 64.0 293.0 214.0 507.0
30828 林炳丽 111.0 107.0 127.0 95.0 95.0 86.0 345.0 276.0 621.0
30829 林栾荀 101.0 113.0 99.0 91.0 86.0 73.0 313.0 250.0 563.0
30830 林若彤 116.0 114.0 114.0 86.0 84.0 71.0 344.0 241.0 585.0
30831 林晓纯 108.0 113.0 104.0 91.0 75.0 68.0 325.0 234.0 559.0
30832 林钇 95.0 103.0 115.0 95.0 90.0 89.0 313.0 274.0 587.0
30833 林毓莹 101.0 116.0 110.0 90.0 86.0 83.0 327.0 259.0 586.0
30834 林泽凯 97.0 99.0 94.0 94.0 72.0 75.0 290.0 241.0 531.0
30835 刘尔嘉 102.0 117.0 117.0 96.0 87.0 78.0 336.0 261.0 597.0
30836 马旭宁 100.0 113.0 81.0 89.0 96.0 84.0 294.0 269.0 563.0
30837 彭诗妍 105.0 92.0 90.0 73.0 75.0 61.0 287.0 209.0 496.0
30838 宋洁榕 109.0 108.0 104.0 92.0 84.0 75.0 321.0 251.0 572.0
30839 王绿蔚 112.0 108.0 116.0 92.0 85.0 79.0 336.0 256.0 592.0
30840 王维佳 97.0 90.0 93.0 79.0 71.0 56.0 280.0 206.0 486.0
30841 王知往 99.0 78.0 103.0 95.0 75.0 73.0 280.0 243.0 523.0
30842 王志扬 94.0 112.0 90.0 77.0 83.0 77.0 296.0 237.0 533.0
30843 温一海 93.0 95.0 115.0 87.0 76.0 72.0 303.0 235.0 538.0
30844 吴丹妮 96.0 68.0 102.0 68.0 61.0 69.0 266.0 198.0 464.0
30845 吴赋 104.0 132.0 113.0 99.0 93.0 91.0 349.0 283.0 632.0
30846 吴润铭 95.0 98.0 79.0 97.0 72.0 68.0 272.0 237.0 509.0
30847 吴夏韵 107.0 98.0 100.0 89.0 91.0 72.0 305.0 252.0 557.0
30848 辛铄浩 100.0 101.0 105.0 89.0 92.0 79.0 306.0 260.0 566.0
30849 杨婷婷 104.0 92.0 110.0 82.0 70.0 64.0 306.0 216.0 522.0
30850 曾宇丹 111.0 122.0 112.0 96.0 100.0 91.0 345.0 287.0 632.0
30851 曾宇煌 104.0 100.0 95.0 90.0 84.0 56.0 299.0 230.0 529.0
30852 张晓斐 103.0 110.0 100.0 90.0 75.0 70.0 313.0 235.0 548.0
30853 张梓涵 96.0 106.0 108.0 100.0 89.0 85.0 310.0 274.0 584.0
30854 郑聪 114.0 105.0 104.0 98.0 89.0 75.0 323.0 262.0 585.0
30855 郑岱锋 101.0 103.0 100.0 72.0 61.0 69.0 304.0 202.0 506.0
30856 郑楷融 98.0 96.0 82.0 79.0 82.0 62.0 276.0 223.0 499.0
30857 郑欣琳 114.0 95.0 103.0 83.0 80.0 77.0 312.0 240.0 552.0
30858 郑宇平 106.0 96.0 86.0 88.0 83.0 67.0 288.0 238.0 526.0
30859 周弋钿 110.0 130.0 129.0 97.0 80.0 80.0 369.0 257.0 626.0
30860 朱宇寅 106.0 103.0 83.0 86.0 72.0 54.0 292.0 212.0 504.0
30861 庄先正 97.0 97.0 80.0 86.0 80.0 61.0 274.0 227.0 501.0
30862 邹彤彤 100.0 130.0 103.0 83.0 80.0 66.0 333.0 229.0 562.0
30901 蔡仰涵 102.0 112.0 101.0 92.0 96.0 82.0 315.0 270.0 585.0
30902 陈玳翊 94.0 99.0 85.0 81.0 77.0 84.0 278.0 242.0 520.0
30903 陈方梓淳 105.0 101.0 98.0 90.0 74.0 70.0 304.0 234.0 538.0
30904 陈俊锴 92.0 92.0 106.0 94.0 81.0 58.0 290.0 233.0 523.0
30905 陈铿 92.0 99.0 98.0 89.0 83.0 75.0 289.0 247.0 536.0
30906 陈琳 108.0 91.0 100.0 89.0 63.0 80.0 299.0 232.0 531.0
30907 陈淼泓 100.0 89.0 101.0 91.0 85.0 82.0 290.0 258.0 548.0
30908 陈诺 115.0 140.0 85.0 86.0 82.0 78.0 340.0 246.0 586.0
30909 陈申 101.0 95.0 103.0 87.0 98.0 71.0 299.0 256.0 555.0
30910 陈曦芃 103.0 98.0 101.0 85.0 88.0 85.0 302.0 258.0 560.0
30911 陈逸挺 94.0 92.0 90.0 76.0 54.0 56.0 276.0 186.0 462.0
30912 陈钰媛 105.0 110.0 103.0 83.0 85.0 87.0 318.0 255.0 573.0
30913 陈裕 89.0 103.0 95.0 85.0 77.0 71.0 287.0 233.0 520.0
30914 陈钊燚 102.0 108.0 108.0 97.0 82.0 83.0 318.0 262.0 580.0
30915 丁琪瑄 103.0 122.0 101.0 89.0 69.0 65.0 326.0 223.0 549.0
30916 丁泽晟 96.0 119.0 91.0 97.0 94.0 79.0 306.0 270.0 576.0
30917 董信步 100.0 89.0 96.0 69.0 83.0 87.0 285.0 239.0 524.0
30918 郭婉祺 97.0 110.0 116.0 85.0 90.0 76.0 323.0 251.0 574.0
30919 郭潇凯 104.0 111.0 104.0 97.0 87.0 84.0 319.0 268.0 587.0
30920 洪愿足 109.0 117.0 95.0 91.0 80.0 80.0 321.0 251.0 572.0
30921 黄川 90.0 125.0 99.0 94.0 84.0 63.0 314.0 241.0 555.0
30922 黄建凱 100.0 73.0 86.0 80.0 70.0 54.0 259.0 204.0 463.0
30923 黄晓彤 95.0 55.0 94.0 60.0 46.0 43.0 244.0 149.0 393.0
30924 黄泽钦 97.0 113.0 102.0 92.0 78.0 84.0 312.0 254.0 566.0
30925 黄梓媛 103.0 112.0 105.0 89.0 81.0 79.0 320.0 249.0 569.0
30926 蓝菁 108.0 97.0 112.0 98.0 87.0 78.0 317.0 263.0 580.0
30927 李金洺 103.0 84.0 99.0 91.0 53.0 64.0 286.0 208.0 494.0
30928 李乐浩 101.0 113.0 104.0 78.0 84.0 68.0 318.0 230.0 548.0
30929 李泽銮 103.0 88.0 100.0 100.0 88.0 80.0 291.0 268.0 559.0
30930 林翰 99.0 98.0 88.0 93.0 76.0 74.0 285.0 243.0 528.0
30931 林洁娜 118.0 120.0 104.0 89.0 85.0 75.0 342.0 249.0 591.0
30932 林锦燕 108.0 117.0 112.0 100.0 91.0 83.0 337.0 274.0 611.0
30933 林仕居 102.0 128.0 118.0 99.0 92.0 78.0 348.0 269.0 617.0
30934 林铄浩 106.0 103.0 84.0 59.0 77.0 87.0 293.0 223.0 516.0
30935 林晓琪 103.0 118.0 113.0 92.0 86.0 90.0 334.0 268.0 602.0
30936 林依洁 101.0 99.0 104.0 92.0 69.0 87.0 304.0 248.0 552.0
30937 刘泳钊 105.0 93.0 103.0 72.0 86.0 84.0 301.0 242.0 543.0
30938 罗泽鑫 111.0 123.0 95.0 89.0 93.0 87.0 329.0 269.0 598.0
30939 欧阳苇航 90.0 110.0 91.0 83.0 84.0 80.0 291.0 247.0 538.0
30940 潘沛 104.0 115.0 101.0 83.0 66.0 66.0 320.0 215.0 535.0
30941 邱子涵 113.0 129.0 110.0 100.0 91.0 81.0 352.0 272.0 624.0
30942 芮滢 107.0 120.0 109.0 78.0 89.0 87.0 336.0 254.0 590.0
30943 沈子钦 89.0 106.0 111.0 90.0 69.0 69.0 306.0 228.0 534.0
30944 王逸楠 103.0 88.0 105.0 92.0 86.0 81.0 296.0 259.0 555.0
30945 王梓宜 93.0 80.0 89.0 89.0 93.0 81.0 262.0 263.0 525.0
30946 吴佳锡 87.0 114.0 98.0 95.0 88.0 85.0 299.0 268.0 567.0
30947 吴奕艾 105.0 102.0 77.0 90.0 70.0 77.0 284.0 237.0 521.0
30948 吴逸慈 98.0 103.0 106.0 88.0 100.0 82.0 307.0 270.0 577.0
30949 徐仰男 89.0 98.0 102.0 81.0 87.0 86.0 289.0 254.0 543.0
30950 杨亦茜 118.0 113.0 111.0 84.0 93.0 80.0 342.0 257.0 599.0
30951 姚炜琳 104.0 92.0 71.0 93.0 55.0 62.0 267.0 210.0 477.0
30952 余烁 103.0 116.0 103.0 88.0 87.0 83.0 322.0 258.0 580.0
30953 袁一欣 105.0 111.0 100.0 61.0 83.0 64.0 316.0 208.0 524.0
30954 曾慧宾 103.0 97.0 100.0 89.0 84.0 83.0 300.0 256.0 556.0
30955 张涵 111.0 127.0 102.0 94.0 90.0 81.0 340.0 265.0 605.0
30956 张禾 108.0 109.0 99.0 85.0 62.0 83.0 316.0 230.0 546.0
30957 郑瑞锐 91.0 126.0 120.0 99.0 98.0 80.0 337.0 277.0 614.0
30958 郑闻铎 99.0 94.0 84.0 96.0 88.0 69.0 277.0 253.0 530.0
30959 郑勋 110.0 102.0 106.0 89.0 75.0 77.0 318.0 241.0 559.0
30960 郑哲 98.0 95.0 105.0 76.0 59.0 51.0 298.0 186.0 484.0
30961 朱海平 88.0 98.0 92.0 85.0 78.0 69.0 278.0 232.0 510.0
30962 庄瑞临 114.0 106.0 96.0 80.0 81.0 61.0 316.0 222.0 538.0
31001 蔡凡 108.0 94.0 98.0 78.0 75.0 77.0 300.0 230.0 530.0
31002 蔡若珂 106.0 95.0 95.0 96.0 79.0 79.0 296.0 254.0 550.0
31003 蔡晓霓 106.0 77.0 88.0 95.0 92.0 75.0 271.0 262.0 533.0
31004 蔡周峰 91.0 91.0 88.0 82.0 85.0 65.0 270.0 232.0 502.0
31005 陈蓓蓓 97.0 106.0 74.0 86.0 74.0 72.0 277.0 232.0 509.0
31006 陈钧哲 113.0 136.0 101.0 92.0 92.0 82.0 350.0 266.0 616.0
31007 陈树煜 99.0 97.0 71.0 99.0 80.0 82.0 267.0 261.0 528.0
31008 陈泰霖 96.0 129.0 112.0 91.0 91.0 85.0 337.0 267.0 604.0
31009 陈童菲 94.0 108.0 100.0 87.0 85.0 77.0 302.0 249.0 551.0
31010 陈泽锋 103.0 92.0 90.0 75.0 82.0 67.0 285.0 224.0 509.0
31011 陈泽锐 101.0 106.0 94.0 72.0 79.0 66.0 301.0 217.0 518.0
31012 池逸和 107.0 107.0 141.0 97.0 91.0 82.0 355.0 270.0 625.0
31013 杜鑫 108.0 125.0 96.0 94.0 95.0 79.0 329.0 268.0 597.0
31014 范冬倪 110.0 97.0 96.0 87.0 72.0 78.0 303.0 237.0 540.0
31015 房瑜仪 100.0 126.0 94.0 91.0 91.0 77.0 320.0 259.0 579.0
31016 高帅博 111.0 100.0 102.0 88.0 83.0 84.0 313.0 255.0 568.0
31017 黄钿津 90.0 105.0 96.0 80.0 60.0 41.0 291.0 181.0 472.0
31018 黄兰馨 103.0 90.0 93.0 91.0 79.0 71.0 286.0 241.0 527.0
31019 黄立涵 96.0 106.0 93.0 84.0 76.0 60.0 295.0 220.0 515.0
31020 黄泽瀚 112.0 117.0 117.0 96.0 96.0 83.0 346.0 275.0 621.0
31021 纪南帆 102.0 106.0 76.0 90.0 68.0 73.0 284.0 231.0 515.0
31022 纪欣格 101.0 118.0 100.0 95.0 66.0 69.0 319.0 230.0 549.0
31023 金敏桦 112.0 134.0 109.0 97.0 93.0 85.0 355.0 275.0 630.0
31024 李嘉桦 99.0 92.0 85.0 86.0 76.0 71.0 276.0 233.0 509.0
31025 李芷佳 103.0 98.0 103.0 87.0 54.0 77.0 304.0 218.0 522.0
31026 林翠环 102.0 99.0 111.0 99.0 88.0 74.0 312.0 261.0 573.0
31027 林丹娜 100.0 98.0 94.0 92.0 72.0 75.0 292.0 239.0 531.0
31028 林婷婷 102.0 102.0 96.0 77.0 72.0 80.0 300.0 229.0 529.0
31029 林钰 118.0 124.0 118.0 81.0 85.0 74.0 360.0 240.0 600.0
31030 林展锋 98.0 109.0 87.0 81.0 80.0 70.0 294.0 231.0 525.0
31031 林子潼 94.0 117.0 112.0 97.0 92.0 82.0 323.0 271.0 594.0
31032 刘派佳 98.0 68.0 90.0 83.0 70.0 60.0 256.0 213.0 469.0
31033 陆天宇 97.0 101.0 89.0 84.0 95.0 70.0 287.0 249.0 536.0
31034 马殊 113.0 104.0 111.0 91.0 86.0 77.0 328.0 254.0 582.0
31035 邱驰 94.0 119.0 118.0 99.0 81.0 76.0 331.0 256.0 587.0
31036 邱煜群 104.0 110.0 103.0 95.0 91.0 88.0 317.0 274.0 591.0
31037 王昊东 93.0 86.0 76.0 92.0 79.0 66.0 255.0 237.0 492.0
31038 王新荣 119.0 132.0 109.0 98.0 93.0 86.0 360.0 277.0 637.0
31039 王岳 90.0 108.0 95.0 87.0 83.0 80.0 293.0 250.0 543.0
31040 王芸 93.0 86.0 77.0 75.0 72.0 78.0 256.0 225.0 481.0
31041 翁培锴 116.0 103.0 125.0 97.0 91.0 82.0 344.0 270.0 614.0
31042 吴铭洵 107.0 94.0 92.0 85.0 79.0 70.0 293.0 234.0 527.0
31043 吴楠 102.0 100.0 95.0 92.0 86.0 79.0 297.0 257.0 554.0
31044 吴新仪 109.0 89.0 113.0 82.0 90.0 75.0 311.0 247.0 558.0
31045 夏立嘉 95.0 111.0 119.0 94.0 88.0 70.0 325.0 252.0 577.0
31046 辛焜媛 99.0 100.0 104.0 90.0 79.0 81.0 303.0 250.0 553.0
31047 辛源锋 85.0 86.0 106.0 87.0 72.0 59.0 277.0 218.0 495.0
31048 许思琪 98.0 97.0 96.0 90.0 74.0 68.0 291.0 232.0 523.0
31049 羊雪琪 107.0 132.0 98.0 98.0 88.0 73.0 337.0 259.0 596.0
31050 杨基石 109.0 104.0 94.0 95.0 77.0 68.0 307.0 240.0 547.0
31051 杨璐羽 96.0 112.0 98.0 85.0 73.0 68.0 306.0 226.0 532.0
31052 曾炀铃 101.0 117.0 94.0 64.0 82.0 76.0 312.0 222.0 534.0
31053 曾钰辉 113.0 115.0 97.0 86.0 89.0 78.0 325.0 253.0 578.0
31054 张森烔 117.0 101.0 116.0 77.0 88.0 79.0 334.0 244.0 578.0
31055 赵博瑄 101.0 87.0 105.0 44.0 58.0 61.0 293.0 163.0 456.0
31056 郑乐镔 101.0 107.0 89.0 93.0 95.0 78.0 297.0 266.0 563.0
31057 郑若晗 101.0 81.0 105.0 83.0 79.0 65.0 287.0 227.0 514.0
31058 郑少铭 109.0 114.0 118.0 93.0 86.0 86.0 341.0 265.0 606.0
31059 郑伟纯 110.0 125.0 120.0 97.0 96.0 90.0 355.0 283.0 638.0
31060 周宇程 97.0 105.0 103.0 77.0 87.0 75.0 305.0 239.0 544.0
31061 周之祺 94.0 106.0 79.0 90.0 89.0 68.0 279.0 247.0 526.0
31062 庄杰涛 91.0 126.0 127.0 96.0 98.0 89.0 344.0 283.0 627.0
31101 蔡滨 118.0 117.0 118.0 93.0 90.0 88.0 353.0 271.0 624.0
31102 曹耿槟 112.0 96.0 93.0 81.0 78.0 61.0 301.0 220.0 521.0
31103 陈浩钦 114.0 124.0 107.0 100.0 92.0 79.0 345.0 271.0 616.0
31104 陈洪昱 100.0 116.0 93.0 92.0 95.0 74.0 309.0 261.0 570.0
31105 陈令烨 100.0 118.0 112.0 74.0 87.0 78.0 330.0 239.0 569.0
31106 陈斯昂 101.0 145.0 132.0 95.0 95.0 86.0 378.0 276.0 654.0
31107 陈逸南 96.0 124.0 109.0 99.0 89.0 88.0 329.0 276.0 605.0
31108 陈逸天 107.0 96.0 93.0 85.0 84.0 63.0 296.0 232.0 528.0
31109 陈詠萩 113.0 110.0 120.0 100.0 93.0 83.0 343.0 276.0 619.0
31110 代桂敏 99.0 76.0 92.0 71.0 70.0 80.0 267.0 221.0 488.0
31111 方江鑫 113.0 116.0 99.0 94.0 93.0 82.0 328.0 269.0 597.0
31113 高亦婷 107.0 113.0 122.0 94.0 81.0 83.0 342.0 258.0 600.0
31114 郭林凯 105.0 93.0 101.0 71.0 80.0 65.0 299.0 216.0 515.0
31115 黄航 100.0 125.0 104.0 89.0 91.0 88.0 329.0 268.0 597.0
31116 黄腾 98.0 90.0 103.0 87.0 80.0 64.0 291.0 231.0 522.0
31117 黄钰涵 105.0 88.0 103.0 91.0 75.0 74.0 296.0 240.0 536.0
31118 黄仲铖 105.0 120.0 96.0 82.0 78.0 60.0 321.0 220.0 541.0
31119 蓝欣悦 118.0 64.0 108.0 87.0 57.0 68.0 290.0 212.0 502.0
31120 李琳纯 109.0 78.0 91.0 80.0 74.0 69.0 278.0 223.0 501.0
31121 李世濠 98.0 121.0 104.0 84.0 89.0 88.0 323.0 261.0 584.0
31122 李晓琳 108.0 105.0 94.0 97.0 93.0 84.0 307.0 274.0 581.0
31123 李旭纯 113.0 94.0 112.0 94.0 87.0 85.0 319.0 266.0 585.0
31124 林德明 98.0 114.0 79.0 99.0 90.0 76.0 291.0 265.0 556.0
31125 林介山 110.0 100.0 94.0 86.0 83.0 73.0 304.0 242.0 546.0
31126 林琳 89.0 87.0 78.0 79.0 75.0 52.0 254.0 206.0 460.0
31127 林南裕 97.0 97.0 108.0 86.0 71.0 76.0 302.0 233.0 535.0
31128 林烁 95.0 110.0 103.0 94.0 86.0 77.0 308.0 257.0 565.0
31129 林媛 112.0 104.0 75.0 93.0 83.0 76.0 291.0 252.0 543.0
31130 林泽豪 117.0 104.0 106.0 96.0 80.0 83.0 327.0 259.0 586.0
31131 林曾越 107.0 112.0 106.0 90.0 85.0 80.0 325.0 255.0 580.0
31132 卢楠 104.0 104.0 100.0 69.0 64.0 57.0 308.0 190.0 498.0
31133 罗世跃 93.0 96.0 86.0 73.0 76.0 62.0 275.0 211.0 486.0
31134 佘晓洁 112.0 75.0 110.0 90.0 83.0 81.0 297.0 254.0 551.0
31135 宋畅 105.0 109.0 97.0 82.0 80.0 81.0 311.0 243.0 554.0
31136 苏梓禄 95.0 61.0 78.0 78.0 57.0 41.0 234.0 176.0 410.0
31137 孙可欣 118.0 118.0 108.0 97.0 92.0 89.0 344.0 278.0 622.0
31138 王冬梅 110.0 96.0 96.0 96.0 93.0 88.0 302.0 277.0 579.0
31139 王睿琪 106.0 101.0 105.0 86.0 82.0 75.0 312.0 243.0 555.0
31140 王松波 95.0 116.0 118.0 96.0 91.0 81.0 329.0 268.0 597.0
31141 王宇涵 109.0 121.0 120.0 78.0 85.0 76.0 350.0 239.0 589.0
31142 翁锐鹏 97.0 70.0 83.0 82.0 80.0 81.0 250.0 243.0 493.0
31143 翁慎喆 108.0 119.0 87.0 99.0 85.0 80.0 314.0 264.0 578.0
31144 吴吉莉 99.0 106.0 97.0 93.0 83.0 73.0 302.0 249.0 551.0
31145 吴锦涛 0 89.0 66.0 75.0 68.0 55.0 0 198.0 0
31146 吴泽钟 107.0 110.0 100.0 91.0 83.0 76.0 317.0 250.0 567.0
31147 肖涵 104.0 104.0 102.0 97.0 75.0 64.0 310.0 236.0 546.0
31148 肖芷雅 102.0 96.0 106.0 78.0 63.0 78.0 304.0 219.0 523.0
31149 谢冬纯 115.0 122.0 98.0 95.0 97.0 92.0 335.0 284.0 619.0
31150 谢晴 107.0 96.0 100.0 96.0 74.0 80.0 303.0 250.0 553.0
31151 徐子东 93.0 130.0 93.0 93.0 88.0 82.0 316.0 263.0 579.0
31152 杨薇 103.0 125.0 110.0 95.0 98.0 80.0 338.0 273.0 611.0
31153 杨艺霞 121.0 132.0 118.0 100.0 90.0 81.0 371.0 271.0 642.0
31154 姚曙凯 95.0 110.0 80.0 90.0 83.0 55.0 285.0 228.0 513.0
31155 曾扬航 101.0 117.0 98.0 95.0 87.0 61.0 316.0 243.0 559.0
31156 张新阳 104.0 106.0 105.0 94.0 92.0 76.0 315.0 262.0 577.0
31157 郑长河 100.0 96.0 105.0 85.0 83.0 80.0 301.0 248.0 549.0
31158 郑力中 110.0 120.0 128.0 95.0 92.0 84.0 358.0 271.0 629.0
31159 郑润华 103.0 102.0 87.0 89.0 83.0 65.0 292.0 237.0 529.0
31160 郑逸锋 107.0 105.0 92.0 88.0 91.0 80.0 304.0 259.0 563.0
31161 周锦煜 95.0 114.0 94.0 83.0 77.0 75.0 303.0 235.0 538.0
31201 陈健颖 104.0 133.0 87.0 93.0 78.0 81.0 324.0 252.0 576.0
31202 陈楠弘 102.0 105.0 106.0 79.0 85.0 82.0 313.0 246.0 559.0
31203 陈祈丹 110.0 95.0 90.0 75.0 82.0 66.0 295.0 223.0 518.0
31204 陈舒颖 97.0 130.0 94.0 83.0 90.0 87.0 321.0 260.0 581.0
31205 陈晓婷 97.0 107.0 106.0 81.0 79.0 69.0 310.0 229.0 539.0
31206 陈雅昕 100.0 119.0 108.0 92.0 90.0 76.0 327.0 258.0 585.0
31207 陈逸泓 106.0 108.0 93.0 87.0 88.0 76.0 307.0 251.0 558.0
31208 陈裕渊 109.0 118.0 116.0 94.0 94.0 83.0 343.0 271.0 614.0
31209 程梓 99.0 78.0 105.0 78.0 69.0 59.0 282.0 206.0 488.0
31210 池霖锋 99.0 100.0 85.0 94.0 89.0 74.0 284.0 257.0 541.0
31211 高丹敏 109.0 105.0 105.0 93.0 81.0 78.0 319.0 252.0 571.0
31212 洪耿鑫 105.0 99.0 96.0 86.0 86.0 77.0 300.0 249.0 549.0
31213 洪泳琪 104.0 118.0 107.0 83.0 81.0 76.0 329.0 240.0 569.0
31214 黄骏涵 91.0 108.0 72.0 87.0 64.0 55.0 271.0 206.0 477.0
31216 黄绵煌 108.0 72.0 97.0 84.0 85.0 77.0 277.0 246.0 523.0
31217 黄曦宇 109.0 89.0 96.0 90.0 78.0 74.0 294.0 242.0 536.0
31218 李洁淳 97.0 96.0 98.0 77.0 83.0 72.0 291.0 232.0 523.0
31219 李晓波 93.0 114.0 84.0 84.0 88.0 69.0 291.0 241.0 532.0
31220 李育纯 116.0 121.0 107.0 87.0 75.0 82.0 344.0 244.0 588.0
31221 李云山 97.0 114.0 98.0 82.0 81.0 71.0 309.0 234.0 543.0
31222 林翰韬 95.0 110.0 118.0 68.0 88.0 60.0 323.0 216.0 539.0
31223 林靖 109.0 119.0 109.0 96.0 97.0 87.0 337.0 280.0 617.0
31224 林敏英 101.0 119.0 111.0 92.0 80.0 76.0 331.0 248.0 579.0
31225 林汪灏 103.0 69.0 99.0 72.0 73.0 58.0 271.0 203.0 474.0
31226 林晓仰 120.0 90.0 115.0 77.0 86.0 72.0 325.0 235.0 560.0
31227 刘陈婷 112.0 125.0 60.0 91.0 88.0 84.0 297.0 263.0 560.0
31228 刘淇文 100.0 90.0 107.0 72.0 75.0 86.0 297.0 233.0 530.0
31229 刘逸璋 104.0 100.0 112.0 81.0 93.0 76.0 316.0 250.0 566.0
31230 罗立扬 107.0 112.0 98.0 96.0 89.0 86.0 317.0 271.0 588.0
31231 马尚霖 103.0 101.0 94.0 97.0 78.0 62.0 298.0 237.0 535.0
31232 沈楠 98.0 100.0 101.0 89.0 82.0 72.0 299.0 243.0 542.0
31233 孙奇 105.0 127.0 120.0 98.0 98.0 85.0 352.0 281.0 633.0
31234 孙泽鑫 99.0 114.0 83.0 92.0 77.0 74.0 296.0 243.0 539.0
31235 王锴 104.0 115.0 93.0 95.0 96.0 85.0 312.0 276.0 588.0
31236 王婉仪 94.0 80.0 110.0 87.0 74.0 68.0 284.0 229.0 513.0
31237 王炜 102.0 123.0 119.0 100.0 92.0 79.0 344.0 271.0 615.0
31238 王志鹏 111.0 96.0 104.0 100.0 84.0 67.0 311.0 251.0 562.0
31239 王梓菁 108.0 107.0 93.0 91.0 70.0 74.0 308.0 235.0 543.0
31241 吴宏振 92.0 75.0 96.0 91.0 70.0 65.0 263.0 226.0 489.0
31242 吴捷健 104.0 136.0 123.0 93.0 100.0 86.0 363.0 279.0 642.0
31243 吴晓杰 94.0 121.0 110.0 93.0 98.0 79.0 325.0 270.0 595.0
31244 肖扬秀 97.0 115.0 103.0 98.0 93.0 87.0 315.0 278.0 593.0
31245 谢艾津 102.0 113.0 101.0 78.0 78.0 65.0 316.0 221.0 537.0
31246 谢泽杰 107.0 102.0 96.0 93.0 91.0 84.0 305.0 268.0 573.0
31247 许涵英 89.0 109.0 106.0 94.0 91.0 75.0 304.0 260.0 564.0
31248 许佳森 95.0 94.0 52.0 91.0 73.0 71.0 241.0 235.0 476.0
31249 许桐辉 101.0 83.0 92.0 87.0 82.0 64.0 276.0 233.0 509.0
31250 杨时骅 107.0 77.0 99.0 78.0 47.0 66.0 283.0 191.0 474.0
31251 杨时颖 100.0 103.0 99.0 87.0 74.0 71.0 302.0 232.0 534.0
31252 余洢彤 105.0 107.0 102.0 96.0 83.0 62.0 314.0 241.0 555.0
31253 曾婵娟 110.0 128.0 103.0 96.0 87.0 87.0 341.0 270.0 611.0
31254 张漫卿 96.0 100.0 80.0 66.0 70.0 67.0 276.0 203.0 479.0
31255 张睿莹 105.0 98.0 96.0 87.0 84.0 77.0 299.0 248.0 547.0
31256 张艺涵 98.0 112.0 106.0 81.0 90.0 77.0 316.0 248.0 564.0
31257 郑思思 86.0 103.0 91.0 86.0 75.0 71.0 280.0 232.0 512.0
31258 郑希彦 101.0 97.0 100.0 94.0 80.0 75.0 298.0 249.0 547.0
31259 郑以豪 95.0 104.0 85.0 85.0 92.0 79.0 284.0 256.0 540.0
31260 周名弦 107.0 140.0 106.0 95.0 97.0 83.0 353.0 275.0 628.0
31261 朱源腾 100.0 107.0 108.0 75.0 82.0 73.0 315.0 230.0 545.0
31262 朱越 107.0 112.0 112.0 99.0 85.0 78.0 331.0 262.0 593.0
31301 蔡祎晖 98.0 94.0 86.0 81.0 80.0 71.0 278.0 232.0 510.0
31302 蔡永杰 93.0 77.0 92.0 68.0 73.0 82.0 262.0 223.0 485.0
31303 蔡泽莎 98.0 109.0 115.0 75.0 90.0 87.0 322.0 252.0 574.0
31304 蔡芝恬 113.0 94.0 111.0 88.0 84.0 75.0 318.0 247.0 565.0
31305 陈璐 104.0 110.0 107.0 71.0 84.0 80.0 321.0 235.0 556.0
31306 陈冉 111.0 119.0 127.0 87.0 83.0 72.0 357.0 242.0 599.0
31307 陈文博 91.0 118.0 100.0 97.0 97.0 88.0 309.0 282.0 591.0
31308 陈宇铭 111.0 103.0 120.0 94.0 92.0 83.0 334.0 269.0 603.0
31309 陈岳彬 97.0 93.0 105.0 94.0 89.0 75.0 295.0 258.0 553.0
31310 郭剑豪 110.0 97.0 104.0 89.0 84.0 75.0 311.0 248.0 559.0
31311 黄凯丽 110.0 92.0 102.0 82.0 79.0 73.0 304.0 234.0 538.0
31312 黄宇阳 115.0 131.0 110.0 97.0 98.0 87.0 356.0 282.0 638.0
31313 黄桢栩 95.0 91.0 103.0 90.0 90.0 74.0 289.0 254.0 543.0
31314 黄柱铭 101.0 107.0 86.0 91.0 78.0 76.0 294.0 245.0 539.0
31315 赖浩锋 100.0 128.0 101.0 97.0 94.0 86.0 329.0 277.0 606.0
31316 李斯涵 88.0 101.0 96.0 87.0 76.0 67.0 285.0 230.0 515.0
31317 林耿烨 101.0 100.0 109.0 88.0 69.0 80.0 310.0 237.0 547.0
31318 林炜钿 101.0 82.0 86.0 69.0 72.0 62.0 269.0 203.0 472.0
31319 林业渺 107.0 114.0 95.0 97.0 84.0 69.0 316.0 250.0 566.0
31320 林子棉 110.0 118.0 96.0 96.0 90.0 87.0 324.0 273.0 597.0
31321 刘佳彤 105.0 100.0 94.0 76.0 84.0 73.0 299.0 233.0 532.0
31322 刘珊 110.0 115.0 119.0 88.0 89.0 92.0 344.0 269.0 613.0
31323 陆齐 98.0 94.0 108.0 93.0 75.0 65.0 300.0 233.0 533.0
31324 马丹泓 97.0 95.0 68.0 73.0 91.0 73.0 260.0 237.0 497.0
31325 马伟根 99.0 116.0 87.0 97.0 96.0 76.0 302.0 269.0 571.0
31326 欧斐斐 119.0 126.0 126.0 80.0 89.0 74.0 371.0 243.0 614.0
31327 宋伊钿 101.0 91.0 102.0 93.0 81.0 73.0 294.0 247.0 541.0
31328 苏昉 109.0 106.0 112.0 90.0 81.0 82.0 327.0 253.0 580.0
31329 孙佳笙 103.0 117.0 100.0 84.0 86.0 80.0 320.0 250.0 570.0
31330 孙隽源 109.0 140.0 110.0 89.0 85.0 85.0 359.0 259.0 618.0
31331 吴国炀 94.0 97.0 96.0 87.0 78.0 57.0 287.0 222.0 509.0
31332 吴铭泓 109.0 96.0 95.0 78.0 84.0 75.0 300.0 237.0 537.0
31333 吴任诚 103.0 81.0 96.0 73.0 53.0 59.0 280.0 185.0 465.0
31334 吴之林 107.0 95.0 96.0 88.0 82.0 74.0 298.0 244.0 542.0
31335 肖林昕 99.0 77.0 112.0 76.0 74.0 74.0 288.0 224.0 512.0
31336 谢键焕 92.0 135.0 105.0 99.0 98.0 82.0 332.0 279.0 611.0
31337 谢向川 101.0 95.0 69.0 69.0 64.0 66.0 265.0 199.0 464.0
31338 徐略 95.0 73.0 96.0 69.0 63.0 53.0 264.0 185.0 449.0
31339 徐紫丹 96.0 100.0 99.0 81.0 79.0 74.0 295.0 234.0 529.0
31340 许锦涛 109.0 114.0 96.0 91.0 91.0 80.0 319.0 262.0 581.0
31341 许稚芝 98.0 111.0 102.0 98.0 77.0 72.0 311.0 247.0 558.0
31342 许宗蕾 79.0 107.0 89.0 67.0 83.0 61.0 275.0 211.0 486.0
31343 颜舒洁 108.0 93.0 84.0 81.0 69.0 64.0 285.0 214.0 499.0
31344 羊恩跃 100.0 117.0 85.0 95.0 84.0 87.0 302.0 266.0 568.0
31345 杨璐洁 106.0 106.0 94.0 83.0 90.0 85.0 306.0 258.0 564.0
31346 杨宓 107.0 120.0 111.0 97.0 90.0 89.0 338.0 276.0 614.0
31347 杨晓虹 114.0 101.0 107.0 80.0 74.0 73.0 322.0 227.0 549.0
31348 姚佳宜 106.0 95.0 101.0 94.0 96.0 83.0 302.0 273.0 575.0
31349 姚星宇 100.0 100.0 93.0 93.0 76.0 64.0 293.0 233.0 526.0
31350 姚映苗 113.0 93.0 103.0 85.0 80.0 74.0 309.0 239.0 548.0
31351 余嘉梓 108.0 94.0 99.0 90.0 88.0 77.0 301.0 255.0 556.0
31352 曾博宇 116.0 107.0 119.0 94.0 100.0 86.0 342.0 280.0 622.0
31353 曾海榕 100.0 60.0 116.0 77.0 76.0 60.0 276.0 213.0 489.0
31354 曾坚锐 101.0 117.0 92.0 86.0 87.0 70.0 310.0 243.0 553.0
31355 曾妍 96.0 127.0 88.0 80.0 83.0 63.0 311.0 226.0 537.0
31356 詹海鹏 97.0 124.0 100.0 98.0 94.0 69.0 321.0 261.0 582.0
31357 詹絮素 98.0 85.0 93.0 82.0 69.0 58.0 276.0 209.0 485.0
31358 张泽恩 97.0 99.0 82.0 90.0 70.0 47.0 278.0 207.0 485.0
31359 章智秋 96.0 136.0 116.0 98.0 86.0 90.0 348.0 274.0 622.0
31360 郑少锐 92.0 100.0 89.0 91.0 91.0 73.0 281.0 255.0 536.0
31361 郑泽明 110.0 119.0 93.0 95.0 80.0 72.0 322.0 247.0 569.0
31362 庄鸿鑫 105.0 109.0 102.0 92.0 83.0 80.0 316.0 255.0 571.0
31401 陈岱芃 122.0 111.0 129.0 93.0 94.0 78.0 362.0 265.0 627.0
31402 陈端华 104.0 93.0 102.0 75.0 75.0 76.0 299.0 226.0 525.0
31403 陈挥遒 92.0 94.0 84.0 85.0 81.0 65.0 270.0 231.0 501.0
31404 陈建诚 116.0 113.0 121.0 97.0 81.0 80.0 350.0 258.0 608.0
31405 陈沛峰 94.0 92.0 83.0 79.0 62.0 55.0 269.0 196.0 465.0
31406 陈芃 100.0 127.0 92.0 99.0 89.0 76.0 319.0 264.0 583.0
31407 陈铄霓 107.0 83.0 89.0 71.0 84.0 69.0 279.0 224.0 503.0
31408 陈奕希 105.0 93.0 100.0 92.0 87.0 66.0 298.0 245.0 543.0
31409 陈泽伟 108.0 118.0 87.0 89.0 91.0 74.0 313.0 254.0 567.0
31410 陈喆慧 94.0 109.0 91.0 78.0 72.0 77.0 294.0 227.0 521.0
31411 陈至渲 107.0 117.0 123.0 84.0 87.0 82.0 347.0 253.0 600.0
31412 陈佐治 113.0 108.0 123.0 86.0 94.0 83.0 344.0 263.0 607.0
31413 邓昱聪 93.0 94.0 101.0 93.0 79.0 78.0 288.0 250.0 538.0
31414 邓泽淳 95.0 90.0 88.0 94.0 72.0 73.0 273.0 239.0 512.0
31415 冯嘉俊 102.0 115.0 78.0 91.0 93.0 93.0 295.0 277.0 572.0
31416 龚泽颖 105.0 123.0 114.0 93.0 83.0 84.0 342.0 260.0 602.0
31417 郭冰桦 95.0 107.0 112.0 92.0 70.0 76.0 314.0 238.0 552.0
31418 黄恩童 110.0 115.0 97.0 96.0 77.0 85.0 322.0 258.0 580.0
31419 黄桂凤 103.0 93.0 85.0 95.0 86.0 66.0 281.0 247.0 528.0
31420 江锦虹 106.0 97.0 108.0 93.0 75.0 84.0 311.0 252.0 563.0
31421 李佳晟 108.0 115.0 109.0 96.0 88.0 80.0 332.0 264.0 596.0
31422 李楠 116.0 131.0 99.0 86.0 98.0 86.0 346.0 270.0 616.0
31423 李舒婷 104.0 111.0 106.0 86.0 94.0 83.0 321.0 263.0 584.0
31424 李易熹 112.0 108.0 104.0 90.0 94.0 83.0 324.0 267.0 591.0
31425 林泓 97.0 122.0 89.0 88.0 80.0 70.0 308.0 238.0 546.0
31426 林可依 106.0 118.0 101.0 93.0 89.0 73.0 325.0 255.0 580.0
31427 林珮汝 95.0 98.0 97.0 82.0 74.0 65.0 290.0 221.0 511.0
31428 林心玥 102.0 63.0 101.0 74.0 59.0 72.0 266.0 205.0 471.0
31429 刘硕霓 108.0 110.0 110.0 99.0 95.0 83.0 328.0 277.0 605.0
31430 刘易恺 107.0 130.0 104.0 96.0 95.0 82.0 341.0 273.0 614.0
31431 卢琳绵 109.0 109.0 81.0 95.0 88.0 76.0 299.0 259.0 558.0
31432 吕远东 84.0 99.0 99.0 90.0 92.0 76.0 282.0 258.0 540.0
31433 马旭民 114.0 124.0 96.0 92.0 86.0 86.0 334.0 264.0 598.0
31434 麦泽涵 115.0 120.0 110.0 85.0 86.0 90.0 345.0 261.0 606.0
31435 邱鸿鑫 96.0 108.0 101.0 90.0 82.0 74.0 305.0 246.0 551.0
31436 邱诗钿 98.0 106.0 91.0 61.0 76.0 60.0 295.0 197.0 492.0
31437 邱梓妍 97.0 113.0 109.0 84.0 90.0 78.0 319.0 252.0 571.0
31438 谭妍真 106.0 90.0 99.0 99.0 78.0 85.0 295.0 262.0 557.0
31439 王毓佳 96.0 109.0 82.0 90.0 78.0 69.0 287.0 237.0 524.0
31440 吴昊 93.0 92.0 110.0 86.0 81.0 65.0 295.0 232.0 527.0
31441 吴浩瀚 98.0 92.0 92.0 93.0 83.0 80.0 282.0 256.0 538.0
31442 吴彤君 103.0 98.0 107.0 93.0 90.0 73.0 308.0 256.0 564.0
31443 肖培亮 95.0 100.0 103.0 99.0 90.0 86.0 298.0 275.0 573.0
31444 谢碧瑶 101.0 94.0 93.0 95.0 87.0 72.0 288.0 254.0 542.0
31445 辛杨淳 98.0 91.0 100.0 86.0 95.0 78.0 289.0 259.0 548.0
31446 徐国玮 110.0 102.0 99.0 92.0 89.0 76.0 311.0 257.0 568.0
31447 徐铤 109.0 124.0 121.0 89.0 96.0 79.0 354.0 264.0 618.0
31448 许凯涵 100.0 102.0 115.0 73.0 77.0 83.0 317.0 233.0 550.0
31449 许正纲 94.0 97.0 70.0 93.0 92.0 67.0 261.0 252.0 513.0
31450 杨琳 100.0 95.0 95.0 87.0 79.0 72.0 290.0 238.0 528.0
31451 杨泽仪 100.0 113.0 110.0 92.0 89.0 75.0 323.0 256.0 579.0
31452 姚广濠 112.0 107.0 114.0 100.0 92.0 85.0 333.0 277.0 610.0
31453 叶济东 104.0 91.0 108.0 80.0 82.0 66.0 303.0 228.0 531.0
31454 叶洋 98.0 96.0 91.0 79.0 87.0 81.0 285.0 247.0 532.0
31455 余旭玮 113.0 107.0 97.0 88.0 87.0 66.0 317.0 241.0 558.0
31456 曾思沛 109.0 100.0 80.0 87.0 75.0 69.0 289.0 231.0 520.0
31457 张睿博 101.0 92.0 94.0 92.0 85.0 65.0 287.0 242.0 529.0
31458 章炫锐 111.0 118.0 115.0 95.0 91.0 79.0 344.0 265.0 609.0
31459 章梓烨 95.0 96.0 87.0 87.0 82.0 72.0 278.0 241.0 519.0
31460 郑康 103.0 112.0 103.0 92.0 95.0 72.0 318.0 259.0 577.0
31461 郑宇婷 113.0 97.0 113.0 75.0 81.0 70.0 323.0 226.0 549.0
31462 庄泽达 77.0 53.0 70.0 70.0 55.0 39.0 200.0 164.0 364.0
31501 蔡嘉煜 102.0 70.0 91.0 89.0 75.0 63.0 263.0 227.0 490.0
31502 陈力 98.0 117.0 82.0 96.0 88.0 65.0 297.0 249.0 546.0
31503 陈梦琪 108.0 117.0 118.0 90.0 90.0 85.0 343.0 265.0 608.0
31504 陈培铭 94.0 107.0 90.0 96.0 65.0 60.0 291.0 221.0 512.0
31505 陈佩恋 104.0 96.0 87.0 90.0 85.0 76.0 287.0 251.0 538.0
31506 陈斯哲 98.0 123.0 90.0 90.0 82.0 69.0 311.0 241.0 552.0
31507 陈文浩 105.0 109.0 99.0 96.0 88.0 72.0 313.0 256.0 569.0
31508 陈漪皓 91.0 105.0 111.0 76.0 85.0 70.0 307.0 231.0 538.0
31509 陈溢煌 105.0 106.0 77.0 93.0 70.0 89.0 288.0 252.0 540.0
31510 陈梓轩 89.0 96.0 91.0 79.0 70.0 69.0 276.0 218.0 494.0
31511 程晓婷 96.0 122.0 109.0 92.0 88.0 86.0 327.0 266.0 593.0
31512 杜浜弘 92.0 84.0 101.0 76.0 57.0 31.0 277.0 164.0 441.0
31513 杜佳锴 100.0 116.0 100.0 95.0 81.0 66.0 316.0 242.0 558.0
31514 方宇驰 97.0 110.0 80.0 81.0 91.0 73.0 287.0 245.0 532.0
31515 高越 104.0 121.0 90.0 74.0 76.0 68.0 315.0 218.0 533.0
31516 洪戈 107.0 106.0 100.0 91.0 95.0 72.0 313.0 258.0 571.0
31517 黄向鸿 115.0 107.0 125.0 97.0 97.0 80.0 347.0 274.0 621.0
31518 黄泽山 95.0 104.0 57.0 83.0 60.0 55.0 256.0 198.0 454.0
31519 黄梓彤 114.0 106.0 109.0 96.0 84.0 75.0 329.0 255.0 584.0
31520 柯金宏 103.0 124.0 112.0 94.0 82.0 81.0 339.0 257.0 596.0
31521 赖炜豪 105.0 117.0 89.0 91.0 86.0 80.0 311.0 257.0 568.0
31522 李涵 94.0 112.0 95.0 90.0 79.0 66.0 301.0 235.0 536.0
31523 李沐峻 102.0 102.0 93.0 79.0 84.0 72.0 297.0 235.0 532.0
31524 李润熹 98.0 105.0 96.0 96.0 78.0 69.0 299.0 243.0 542.0
31525 李舒婷 109.0 123.0 117.0 85.0 84.0 86.0 349.0 255.0 604.0
31526 李梓煌 107.0 108.0 110.0 84.0 88.0 81.0 325.0 253.0 578.0
31527 林钗 103.0 121.0 104.0 92.0 84.0 76.0 328.0 252.0 580.0
31528 林若欣 112.0 93.0 108.0 92.0 75.0 80.0 313.0 247.0 560.0
31529 林爽 99.0 106.0 107.0 97.0 93.0 83.0 312.0 273.0 585.0
31530 刘粉婷 111.0 108.0 97.0 94.0 87.0 87.0 316.0 268.0 584.0
31531 刘烨桦 101.0 103.0 111.0 83.0 76.0 68.0 315.0 227.0 542.0
31532 彭瀚锟 100.0 104.0 82.0 87.0 84.0 90.0 286.0 261.0 547.0
31533 邱霜晓 104.0 108.0 88.0 67.0 83.0 78.0 300.0 228.0 528.0
31534 沈晓琦 104.0 124.0 105.0 75.0 88.0 76.0 333.0 239.0 572.0
31535 王曙丹 111.0 77.0 77.0 84.0 79.0 74.0 265.0 237.0 502.0
31536 王泽翔 104.0 106.0 95.0 93.0 62.0 77.0 305.0 232.0 537.0
31537 翁梓洪 89.0 63.0 93.0 51.0 66.0 55.0 245.0 172.0 417.0
31538 吴林瀚 101.0 106.0 90.0 85.0 89.0 85.0 297.0 259.0 556.0
31539 夏梓斌 100.0 82.0 84.0 96.0 77.0 51.0 266.0 224.0 490.0
31540 谢梦霞 112.0 111.0 104.0 89.0 81.0 70.0 327.0 240.0 567.0
31541 谢泳凯 110.0 135.0 101.0 94.0 98.0 88.0 346.0 280.0 626.0
31542 谢植煌 100.0 97.0 85.0 93.0 88.0 58.0 282.0 239.0 521.0
31543 徐国瑞 101.0 111.0 88.0 78.0 83.0 67.0 300.0 228.0 528.0
31544 许欢 101.0 99.0 101.0 84.0 77.0 75.0 301.0 236.0 537.0
31545 许越 103.0 92.0 122.0 88.0 75.0 85.0 317.0 248.0 565.0
31546 杨小嬉 108.0 97.0 99.0 87.0 79.0 80.0 304.0 246.0 550.0
31547 杨铮楷 111.0 93.0 92.0 80.0 93.0 82.0 296.0 255.0 551.0
31549 袁若瑶 109.0 129.0 94.0 97.0 94.0 89.0 332.0 280.0 612.0
31550 曾少擎 96.0 119.0 101.0 84.0 94.0 86.0 316.0 264.0 580.0
31551 曾欣哲 109.0 104.0 113.0 94.0 85.0 91.0 326.0 270.0 596.0
31552 张志鹏 96.0 122.0 98.0 98.0 93.0 76.0 316.0 267.0 583.0
31553 赵晓冰 102.0 78.0 100.0 89.0 79.0 70.0 280.0 238.0 518.0
31554 郑帆 94.0 108.0 109.0 100.0 84.0 79.0 311.0 263.0 574.0
31556 郑婕 103.0 112.0 98.0 95.0 84.0 75.0 313.0 254.0 567.0
31557 郑钧璟 101.0 110.0 110.0 84.0 86.0 70.0 321.0 240.0 561.0
31558 郑丽璇 108.0 112.0 111.0 82.0 90.0 85.0 331.0 257.0 588.0
31559 郑婷芝 100.0 101.0 80.0 59.0 77.0 59.0 281.0 195.0 476.0
31560 郑鑫海 117.0 115.0 107.0 88.0 88.0 84.0 339.0 260.0 599.0
31561 周健驰 98.0 114.0 102.0 99.0 75.0 67.0 314.0 241.0 555.0
31562 邹丹纯 111.0 114.0 102.0 91.0 69.0 70.0 327.0 230.0 557.0
31601 蔡慈瀚 103.0 102.0 108.0 94.0 92.0 81.0 313.0 267.0 580.0
31602 蔡君悦 92.0 119.0 87.0 74.0 75.0 77.0 298.0 226.0 524.0
31603 陈东晗 98.0 97.0 110.0 82.0 86.0 87.0 305.0 255.0 560.0
31604 陈佳伶 107.0 96.0 104.0 95.0 92.0 77.0 307.0 264.0 571.0
31605 陈佳盈 116.0 120.0 96.0 87.0 77.0 80.0 332.0 244.0 576.0
31606 陈力 103.0 114.0 107.0 96.0 98.0 79.0 324.0 273.0 597.0
31607 陈敏儿 104.0 119.0 108.0 95.0 85.0 90.0 331.0 270.0 601.0
31608 陈派捷 102.0 124.0 79.0 84.0 78.0 59.0 305.0 221.0 526.0
31609 陈日 107.0 90.0 93.0 54.0 73.0 67.0 290.0 194.0 484.0
31610 陈逸镕 96.0 91.0 94.0 92.0 81.0 74.0 281.0 247.0 528.0
31611 陈莹 101.0 109.0 106.0 73.0 90.0 68.0 316.0 231.0 547.0
31612 陈滢 111.0 77.0 106.0 79.0 78.0 84.0 294.0 241.0 535.0
31613 陈梓鑫 107.0 93.0 93.0 100.0 88.0 75.0 293.0 263.0 556.0
31614 方浩锴 111.0 90.0 108.0 82.0 87.0 70.0 309.0 239.0 548.0
31615 黄谷 92.0 82.0 95.0 91.0 89.0 80.0 269.0 260.0 529.0
31616 黄浩扬 120.0 131.0 119.0 98.0 95.0 89.0 370.0 282.0 652.0
31617 黄锐敏 103.0 119.0 119.0 94.0 83.0 80.0 341.0 257.0 598.0
31618 黄少邑 95.0 94.0 98.0 88.0 73.0 73.0 287.0 234.0 521.0
31620 江佳仪 110.0 121.0 107.0 95.0 84.0 88.0 338.0 267.0 605.0
31621 李嘉鑫 100.0 95.0 93.0 85.0 68.0 70.0 288.0 223.0 511.0
31622 李琳丹 102.0 104.0 98.0 86.0 83.0 73.0 304.0 242.0 546.0
31623 李暄婷 104.0 73.0 102.0 69.0 81.0 66.0 279.0 216.0 495.0
31624 李奕 102.0 75.0 93.0 67.0 61.0 64.0 270.0 192.0 462.0
31625 廖骊涵 111.0 105.0 87.0 96.0 80.0 73.0 303.0 249.0 552.0
31626 廖澍镔 91.0 102.0 72.0 83.0 85.0 79.0 265.0 247.0 512.0
31627 林灿荣 91.0 109.0 78.0 83.0 89.0 56.0 278.0 228.0 506.0
31628 林冠之 101.0 101.0 96.0 96.0 88.0 79.0 298.0 263.0 561.0
31629 林楠 106.0 116.0 85.0 98.0 88.0 78.0 307.0 264.0 571.0
31630 林树红 105.0 108.0 99.0 89.0 73.0 83.0 312.0 245.0 557.0
31631 林仪 93.0 94.0 105.0 90.0 84.0 79.0 292.0 253.0 545.0
31632 林意 105.0 100.0 92.0 99.0 80.0 74.0 297.0 253.0 550.0
31633 刘思煌 99.0 127.0 97.0 99.0 97.0 79.0 323.0 275.0 598.0
31634 刘奕 103.0 123.0 100.0 87.0 87.0 85.0 326.0 259.0 585.0
31635 刘泽 96.0 66.0 65.0 94.0 62.0 51.0 227.0 207.0 434.0
31636 柳婷 115.0 112.0 101.0 95.0 84.0 80.0 328.0 259.0 587.0
31637 卢开书 109.0 104.0 107.0 89.0 84.0 77.0 320.0 250.0 570.0
31638 马润青 108.0 127.0 114.0 100.0 82.0 81.0 349.0 263.0 612.0
31639 彭灏 93.0 93.0 111.0 84.0 93.0 75.0 297.0 252.0 549.0
31640 孙熹珣 94.0 107.0 94.0 94.0 89.0 66.0 295.0 249.0 544.0
31641 孙烨 111.0 112.0 124.0 92.0 84.0 73.0 347.0 249.0 596.0
31642 王海槟 75.0 0 0 0 0 0 0 0 0
31643 王晓钟 103.0 113.0 101.0 89.0 79.0 85.0 317.0 253.0 570.0
31644 王雨青 99.0 119.0 100.0 93.0 85.0 70.0 318.0 248.0 566.0
31645 吴毅聪 100.0 92.0 90.0 86.0 70.0 60.0 282.0 216.0 498.0
31646 吴梓帆 114.0 124.0 121.0 86.0 78.0 89.0 359.0 253.0 612.0
31647 谢尘沐 103.0 105.0 96.0 75.0 82.0 89.0 304.0 246.0 550.0
31648 谢锦珮 108.0 96.0 115.0 87.0 82.0 83.0 319.0 252.0 571.0
31649 谢小雪 113.0 128.0 122.0 95.0 89.0 92.0 363.0 276.0 639.0
31650 谢奕纯 106.0 85.0 108.0 78.0 82.0 58.0 299.0 218.0 517.0
31651 杨涵 98.0 109.0 86.0 86.0 91.0 81.0 293.0 258.0 551.0
31652 姚采妮 103.0 66.0 105.0 76.0 76.0 60.0 274.0 212.0 486.0
31653 余泽泰 107.0 104.0 102.0 76.0 90.0 80.0 313.0 246.0 559.0
31654 张泽琳 103.0 122.0 116.0 96.0 87.0 75.0 341.0 258.0 599.0
31655 张泽宇 102.0 118.0 102.0 90.0 87.0 79.0 322.0 256.0 578.0
31656 章婉仪 114.0 112.0 120.0 89.0 81.0 77.0 346.0 247.0 593.0
31657 赵先铎 94.0 128.0 109.0 95.0 88.0 79.0 331.0 262.0 593.0
31658 郑涵禧 99.0 100.0 94.0 56.0 74.0 66.0 293.0 196.0 489.0
31659 郑林楷 100.0 126.0 94.0 98.0 98.0 80.0 320.0 276.0 596.0
31660 郑镇灏 97.0 101.0 90.0 87.0 79.0 72.0 288.0 238.0 526.0
31661 郑重 91.0 120.0 84.0 88.0 79.0 55.0 295.0 222.0 517.0
31662 朱俊宇 99.0 89.0 65.0 68.0 71.0 52.0 253.0 191.0 444.0
31663 庄声锐 103.0 89.0 88.0 86.0 68.0 46.0 280.0 200.0 480.0
31701 蔡金沛 89.0 101.0 90.0 78.0 64.0 65.0 280.0 207.0 487.0
31702 蔡俊峰 122.0 107.0 104.0 90.0 94.0 88.0 333.0 272.0 605.0
31703 曹宇韬 97.0 133.0 85.0 90.0 80.0 74.0 315.0 244.0 559.0
31704 陈大立 104.0 124.0 101.0 93.0 96.0 77.0 329.0 266.0 595.0
31705 陈浩杰 89.0 90.0 102.0 87.0 94.0 84.0 281.0 265.0 546.0
31706 陈沛润 100.0 115.0 94.0 90.0 85.0 72.0 309.0 247.0 556.0
31707 陈锐 105.0 126.0 108.0 100.0 88.0 77.0 339.0 265.0 604.0
31708 陈烁 86.0 121.0 90.0 91.0 81.0 65.0 297.0 237.0 534.0
31709 陈学诚 115.0 108.0 103.0 90.0 88.0 76.0 326.0 254.0 580.0
31710 陈韫颖 108.0 97.0 112.0 87.0 84.0 71.0 317.0 242.0 559.0
31711 陈泽鑫 100.0 100.0 89.0 85.0 77.0 61.0 289.0 223.0 512.0
31712 陈中一 116.0 113.0 105.0 95.0 91.0 85.0 334.0 271.0 605.0
31713 何伊慧 104.0 100.0 108.0 83.0 81.0 74.0 312.0 238.0 550.0
31714 侯思涵 112.0 97.0 120.0 95.0 83.0 84.0 329.0 262.0 591.0
31715 黄彬霆 94.0 97.0 92.0 88.0 88.0 80.0 283.0 256.0 539.0
31716 黄丹 74.0 34.0 62.0 35.0 44.0 35.0 170.0 114.0 284.0
31717 黄光炳 98.0 81.0 79.0 80.0 75.0 44.0 258.0 199.0 457.0
31718 黄慧敏 113.0 118.0 119.0 89.0 98.0 87.0 350.0 274.0 624.0
31719 黄思翰 104.0 118.0 110.0 92.0 87.0 75.0 332.0 254.0 586.0
31720 黄伟纯 105.0 91.0 93.0 63.0 80.0 73.0 289.0 216.0 505.0
31721 黄莹 112.0 108.0 98.0 85.0 83.0 87.0 318.0 255.0 573.0
31722 黄梓芸 99.0 76.0 94.0 52.0 57.0 42.0 269.0 151.0 420.0
31723 江相渝 100.0 80.0 85.0 85.0 78.0 75.0 265.0 238.0 503.0
31724 李洁瀚 115.0 119.0 99.0 90.0 93.0 81.0 333.0 264.0 597.0
31725 林仰 103.0 83.0 105.0 84.0 86.0 71.0 291.0 241.0 532.0
31726 林雍权 96.0 102.0 91.0 94.0 78.0 83.0 289.0 255.0 544.0
31727 刘嘉鑫 95.0 105.0 87.0 91.0 62.0 54.0 287.0 207.0 494.0
31728 卢荣泰 112.0 133.0 105.0 98.0 91.0 90.0 350.0 279.0 629.0
31729 卢仪蕊 101.0 104.0 108.0 95.0 78.0 76.0 313.0 249.0 562.0
31730 马学盈 116.0 115.0 88.0 77.0 76.0 61.0 319.0 214.0 533.0
31731 马直先 104.0 112.0 99.0 89.0 92.0 87.0 315.0 268.0 583.0
31732 麦博 116.0 130.0 114.0 97.0 93.0 85.0 360.0 275.0 635.0
31733 欧阳生 94.0 121.0 84.0 95.0 91.0 80.0 299.0 266.0 565.0
31734 彭琪 100.0 102.0 66.0 79.0 66.0 71.0 268.0 216.0 484.0
31735 佘晓环 98.0 91.0 91.0 77.0 84.0 78.0 280.0 239.0 519.0
31736 王基鸿 103.0 104.0 98.0 88.0 90.0 81.0 305.0 259.0 564.0
31737 王俊澎 110.0 108.0 93.0 90.0 89.0 85.0 311.0 264.0 575.0
31739 王钰 109.0 100.0 98.0 92.0 91.0 72.0 307.0 255.0 562.0
31740 王真子 106.0 104.0 93.0 87.0 83.0 84.0 303.0 254.0 557.0
31741 吴俊翰 96.0 105.0 97.0 92.0 92.0 84.0 298.0 268.0 566.0
31742 吴彤沛 100.0 90.0 107.0 74.0 94.0 77.0 297.0 245.0 542.0
31743 吴伟霞 110.0 103.0 100.0 86.0 84.0 83.0 313.0 253.0 566.0
31744 谢锶琦 100.0 108.0 102.0 90.0 75.0 81.0 310.0 246.0 556.0
31745 许锶妍 111.0 114.0 99.0 80.0 82.0 63.0 324.0 225.0 549.0
31746 许奕烁 87.0 91.0 78.0 81.0 72.0 69.0 256.0 222.0 478.0
31747 许哲浩 106.0 114.0 103.0 93.0 87.0 84.0 323.0 264.0 587.0
31748 杨铠翔 106.0 122.0 88.0 86.0 92.0 80.0 316.0 258.0 574.0
31749 杨腾 98.0 93.0 92.0 91.0 67.0 64.0 283.0 222.0 505.0
31750 姚佳妮 103.0 121.0 102.0 90.0 92.0 83.0 326.0 265.0 591.0
31751 张纯 100.0 111.0 101.0 92.0 82.0 74.0 312.0 248.0 560.0
31752 张锐翰 103.0 81.0 85.0 84.0 61.0 64.0 269.0 209.0 478.0
31753 张维 105.0 115.0 101.0 87.0 72.0 72.0 321.0 231.0 552.0
31754 张奕 85.0 67.0 94.0 77.0 77.0 63.0 246.0 217.0 463.0
31755 张翼 114.0 135.0 124.0 91.0 95.0 78.0 373.0 264.0 637.0
31756 章家竣 108.0 130.0 126.0 90.0 94.0 86.0 364.0 270.0 634.0
31757 郑慈香 112.0 105.0 100.0 96.0 96.0 84.0 317.0 276.0 593.0
31758 郑曼燕 93.0 107.0 102.0 83.0 81.0 60.0 302.0 224.0 526.0
31759 郑铭 112.0 73.0 105.0 83.0 87.0 73.0 290.0 243.0 533.0
31761 周锴捷 109.0 118.0 104.0 88.0 85.0 75.0 331.0 248.0 579.0
31762 庄本熙 79.0 108.0 92.0 87.0 79.0 56.0 279.0 222.0 501.0
31763 黄钰莹 108.0 94.0 107.0 89.0 69.0 75.0 309.0 233.0 542.0
31764 王宏 103.0 102.0 110.0 92.0 92.0 76.0 315.0 260.0 575.0
31801 陈鸿飞 92.0 100.0 90.0 95.0 86.0 63.0 282.0 244.0 526.0
31802 陈家思 94.0 96.0 96.0 100.0 95.0 79.0 286.0 274.0 560.0
31803 陈立芃 98.0 101.0 117.0 85.0 83.0 77.0 316.0 245.0 561.0
31805 陈润铎 94.0 83.0 105.0 88.0 76.0 74.0 282.0 238.0 520.0
31806 陈润楷 84.0 118.0 104.0 88.0 93.0 83.0 306.0 264.0 570.0
31807 陈鑫冰 103.0 101.0 93.0 91.0 76.0 74.0 297.0 241.0 538.0
31808 陈永佳 108.0 95.0 96.0 90.0 81.0 78.0 299.0 249.0 548.0
31809 陈元嘉 92.0 106.0 88.0 86.0 77.0 61.0 286.0 224.0 510.0
31810 冯钰冰 99.0 106.0 81.0 79.0 75.0 80.0 286.0 234.0 520.0
31811 何畅 95.0 41.0 91.0 64.0 56.0 64.0 227.0 184.0 411.0
31812 黄怀瑶 103.0 109.0 107.0 85.0 74.0 63.0 319.0 222.0 541.0
31813 黄凯鹏 103.0 77.0 99.0 85.0 80.0 65.0 279.0 230.0 509.0
31814 黄昕仪 117.0 136.0 135.0 100.0 94.0 83.0 388.0 277.0 665.0
31815 黄泽宇 112.0 76.0 101.0 78.0 83.0 76.0 289.0 237.0 526.0
31816 康思妹 109.0 83.0 93.0 83.0 78.0 77.0 285.0 238.0 523.0
31817 孔雪欣 104.0 91.0 95.0 72.0 84.0 75.0 290.0 231.0 521.0
31818 赖淑凌 103.0 95.0 86.0 89.0 67.0 82.0 284.0 238.0 522.0
31819 李俊 110.0 117.0 110.0 94.0 76.0 81.0 337.0 251.0 588.0
31820 李楠 113.0 90.0 96.0 96.0 87.0 75.0 299.0 258.0 557.0
31821 李蔚东 100.0 102.0 101.0 97.0 98.0 82.0 303.0 277.0 580.0
31822 李昕 95.0 120.0 94.0 83.0 95.0 84.0 309.0 262.0 571.0
31823 连泓杰 112.0 140.0 98.0 92.0 88.0 81.0 350.0 261.0 611.0
31824 林泓 97.0 110.0 89.0 75.0 83.0 68.0 296.0 226.0 522.0
31825 林培润 102.0 108.0 104.0 85.0 65.0 69.0 314.0 219.0 533.0
31826 林绮娜 114.0 113.0 108.0 97.0 86.0 86.0 335.0 269.0 604.0
31827 林昕 113.0 99.0 115.0 85.0 78.0 73.0 327.0 236.0 563.0
31828 林奕敏 110.0 124.0 88.0 83.0 88.0 72.0 322.0 243.0 565.0
31829 林泽辉 94.0 78.0 85.0 92.0 86.0 85.0 257.0 263.0 520.0
31830 林泽炜 111.0 123.0 97.0 94.0 92.0 76.0 331.0 262.0 593.0
31831 林增瑞 96.0 103.0 102.0 84.0 92.0 79.0 301.0 255.0 556.0
31832 刘丁玮 114.0 126.0 102.0 83.0 92.0 70.0 342.0 245.0 587.0
31833 卢呈焕 104.0 87.0 102.0 96.0 80.0 63.0 293.0 239.0 532.0
31834 卢智扬 114.0 81.0 97.0 77.0 81.0 67.0 292.0 225.0 517.0
31835 罗亿权 95.0 78.0 90.0 73.0 68.0 57.0 263.0 198.0 461.0
31836 邱乐思 93.0 109.0 89.0 96.0 80.0 84.0 291.0 260.0 551.0
31837 佘涵 118.0 87.0 95.0 86.0 91.0 77.0 300.0 254.0 554.0
31838 汤钰瑛 95.0 85.0 118.0 94.0 78.0 73.0 298.0 245.0 543.0
31839 王佩佩 104.0 109.0 92.0 94.0 81.0 81.0 305.0 256.0 561.0
31840 王思佳 104.0 117.0 98.0 87.0 82.0 81.0 319.0 250.0 569.0
31841 王晓泽 97.0 101.0 79.0 81.0 71.0 70.0 277.0 222.0 499.0
31842 王振东 108.0 134.0 113.0 93.0 96.0 73.0 355.0 262.0 617.0
31843 王子瑜 101.0 94.0 83.0 85.0 71.0 59.0 278.0 215.0 493.0
31844 吴绍邦 108.0 119.0 119.0 81.0 92.0 79.0 346.0 252.0 598.0
31845 吴水滇 101.0 104.0 111.0 86.0 79.0 71.0 316.0 236.0 552.0
31846 吴晓琪 110.0 120.0 98.0 91.0 81.0 81.0 328.0 253.0 581.0
31847 吴昕 111.0 92.0 101.0 84.0 89.0 73.0 304.0 246.0 550.0
31848 谢昱康 101.0 114.0 100.0 92.0 85.0 72.0 315.0 249.0 564.0
31849 姚少云 105.0 108.0 88.0 84.0 78.0 70.0 301.0 232.0 533.0
31850 余博浩 101.0 88.0 105.0 89.0 77.0 78.0 294.0 244.0 538.0
31851 曾泓燊 103.0 106.0 97.0 93.0 90.0 81.0 306.0 264.0 570.0
31852 曾佳泓 101.0 112.0 98.0 95.0 84.0 77.0 311.0 256.0 567.0
31854 曾宪瀚 94.0 93.0 90.0 87.0 76.0 79.0 277.0 242.0 519.0
31855 曾伊琳 99.0 97.0 98.0 87.0 84.0 68.0 294.0 239.0 533.0
31856 张随娜 95.0 104.0 98.0 91.0 79.0 65.0 297.0 235.0 532.0
31857 张育铭 111.0 112.0 110.0 82.0 76.0 72.0 333.0 230.0 563.0
31858 章滢蓥 107.0 109.0 98.0 99.0 94.0 80.0 314.0 273.0 587.0
31859 郑任翔 110.0 101.0 114.0 82.0 77.0 76.0 325.0 235.0 560.0
31860 郑子昂 112.0 105.0 96.0 93.0 73.0 67.0 313.0 233.0 546.0
31861 钟浩川 114.0 103.0 104.0 95.0 91.0 79.0 321.0 265.0 586.0
31862 周苑婷 103.0 115.0 113.0 95.0 94.0 85.0 331.0 274.0 605.0
31863 庄妍 114.0 120.0 119.0 95.0 91.0 74.0 353.0 260.0 613.0
31901 蔡育铮 103.0 121.0 119.0 98.0 96.0 86.0 343.0 280.0 623.0
31902 蔡卓颖 100.0 104.0 98.0 100.0 90.0 72.0 302.0 262.0 564.0
31903 陈功超 92.0 49.0 99.0 64.0 46.0 47.0 240.0 157.0 397.0
31904 陈浩宇 102.0 116.0 89.0 93.0 91.0 81.0 307.0 265.0 572.0
31905 陈红 106.0 110.0 104.0 87.0 83.0 77.0 320.0 247.0 567.0
31906 陈嘉杭 94.0 99.0 109.0 84.0 79.0 79.0 302.0 242.0 544.0
31907 陈锴灏 105.0 132.0 95.0 98.0 87.0 73.0 332.0 258.0 590.0
31908 陈孟耀 101.0 84.0 90.0 80.0 78.0 81.0 275.0 239.0 514.0
31909 陈伟杰 124.0 122.0 119.0 97.0 95.0 91.0 365.0 283.0 648.0
31910 陈宇霏 90.0 108.0 98.0 81.0 85.0 73.0 296.0 239.0 535.0
31911 陈卓妮 99.0 107.0 102.0 72.0 66.0 59.0 308.0 197.0 505.0
31912 杜振超 105.0 128.0 108.0 98.0 87.0 90.0 341.0 275.0 616.0
31913 方家颖 99.0 81.0 95.0 82.0 79.0 67.0 275.0 228.0 503.0
31914 郭佳鑫 115.0 129.0 110.0 94.0 95.0 94.0 354.0 283.0 637.0
31915 黄超铄 104.0 117.0 93.0 94.0 82.0 79.0 314.0 255.0 569.0
31916 黄海铭 95.0 95.0 87.0 90.0 80.0 83.0 277.0 253.0 530.0
31917 黄融杰 102.0 108.0 102.0 86.0 93.0 78.0 312.0 257.0 569.0
31921 纪沛桐 95.0 86.0 102.0 84.0 74.0 68.0 283.0 226.0 509.0
31922 李岱谚 107.0 114.0 131.0 88.0 96.0 84.0 352.0 268.0 620.0
31923 李光泽 87.0 116.0 93.0 81.0 71.0 80.0 296.0 232.0 528.0
31924 李鸿 113.0 94.0 109.0 92.0 90.0 84.0 316.0 266.0 582.0
31925 李林昕 96.0 104.0 108.0 96.0 85.0 70.0 308.0 251.0 559.0
31926 李欣然 118.0 111.0 119.0 89.0 85.0 72.0 348.0 246.0 594.0
31927 李鑫 103.0 86.0 94.0 90.0 75.0 60.0 283.0 225.0 508.0
31928 李彦腾 96.0 95.0 100.0 74.0 93.0 73.0 291.0 240.0 531.0
31929 林坚生 102.0 113.0 102.0 87.0 78.0 70.0 317.0 235.0 552.0
31930 林乐贤 119.0 127.0 103.0 88.0 95.0 86.0 349.0 269.0 618.0
31931 林萌子 106.0 114.0 95.0 97.0 90.0 75.0 315.0 262.0 577.0
31932 林银虹 109.0 120.0 108.0 81.0 78.0 84.0 337.0 243.0 580.0
31933 林岳青 107.0 93.0 113.0 94.0 87.0 80.0 313.0 261.0 574.0
31934 卢晓杰 110.0 129.0 101.0 97.0 94.0 78.0 340.0 269.0 609.0
31935 马思昀 97.0 111.0 90.0 99.0 86.0 84.0 298.0 269.0 567.0
31936 彭丽妹 120.0 87.0 91.0 86.0 83.0 62.0 298.0 231.0 529.0
31937 彭扬帆 86.0 103.0 97.0 96.0 77.0 78.0 286.0 251.0 537.0
31938 沈桂菱 97.0 98.0 83.0 86.0 82.0 82.0 278.0 250.0 528.0
31939 沈益聪 104.0 126.0 105.0 89.0 90.0 78.0 335.0 257.0 592.0
31940 苏思澄 99.0 110.0 101.0 100.0 92.0 81.0 310.0 273.0 583.0
31941 苏泽坤 105.0 108.0 75.0 79.0 81.0 78.0 288.0 238.0 526.0
31942 王璐 107.0 123.0 109.0 98.0 79.0 85.0 339.0 262.0 601.0
31943 王梓琦 101.0 98.0 87.0 94.0 94.0 83.0 286.0 271.0 557.0
31944 文渲 105.0 95.0 102.0 92.0 82.0 75.0 302.0 249.0 551.0
31945 翁涵 108.0 107.0 89.0 79.0 88.0 82.0 304.0 249.0 553.0
31946 吴虹燕 115.0 82.0 96.0 82.0 78.0 62.0 293.0 222.0 515.0
31947 吴佳銮 120.0 105.0 125.0 93.0 89.0 82.0 350.0 264.0 614.0
31948 吴怡玫 103.0 98.0 103.0 69.0 82.0 72.0 304.0 223.0 527.0
31949 谢罗瀚 96.0 98.0 84.0 89.0 66.0 61.0 278.0 216.0 494.0
31950 谢泽钊 96.0 101.0 85.0 86.0 82.0 58.0 282.0 226.0 508.0
31951 徐润峰 101.0 109.0 88.0 94.0 86.0 82.0 298.0 262.0 560.0
31952 许滨楠 109.0 101.0 109.0 97.0 92.0 62.0 319.0 251.0 570.0
31953 许玫 95.0 96.0 121.0 88.0 79.0 79.0 312.0 246.0 558.0
31954 许子源 105.0 92.0 83.0 93.0 79.0 60.0 280.0 232.0 512.0
31955 杨利秋 107.0 99.0 99.0 88.0 88.0 74.0 305.0 250.0 555.0
31956 余子涵 102.0 106.0 93.0 91.0 81.0 74.0 301.0 246.0 547.0
31957 曾奕楠 90.0 85.0 96.0 74.0 76.0 62.0 271.0 212.0 483.0
31958 张超逸 103.0 98.0 88.0 92.0 81.0 69.0 289.0 242.0 531.0
31959 张曼琪 97.0 96.0 87.0 84.0 78.0 74.0 280.0 236.0 516.0
31960 赵彦纯 102.0 104.0 108.0 88.0 83.0 72.0 314.0 243.0 557.0
31961 郑钧漾 97.0 93.0 85.0 73.0 71.0 71.0 275.0 215.0 490.0
31962 郑玮涛 101.0 75.0 98.0 84.0 96.0 78.0 274.0 258.0 532.0
31963 郑锨淇 100.0 102.0 111.0 84.0 84.0 84.0 313.0 252.0 565.0
31964 庄开翔 101.0 106.0 90.0 74.0 77.0 69.0 297.0 220.0 517.0
32001 蔡佳琪 102.0 91.0 95.0 81.0 69.0 67.0 288.0 217.0 505.0
32002 蔡淑玲 111.0 90.0 116.0 90.0 80.0 75.0 317.0 245.0 562.0
32003 蔡伟龙 89.0 123.0 109.0 96.0 86.0 71.0 321.0 253.0 574.0
32004 陈博涵 94.0 106.0 97.0 93.0 82.0 76.0 297.0 251.0 548.0
32005 陈畅洪 87.0 74.0 88.0 93.0 82.0 67.0 249.0 242.0 491.0
32006 陈润洋 99.0 100.0 91.0 87.0 88.0 81.0 290.0 256.0 546.0
32007 陈思桦 110.0 96.0 104.0 83.0 83.0 78.0 310.0 244.0 554.0
32008 陈雪仪 116.0 111.0 102.0 90.0 86.0 81.0 329.0 257.0 586.0
32009 洪奕祥 104.0 111.0 110.0 90.0 88.0 81.0 325.0 259.0 584.0
32010 胡期升 95.0 117.0 119.0 91.0 85.0 69.0 331.0 245.0 576.0
32011 黄斌伟 98.0 115.0 95.0 88.0 89.0 76.0 308.0 253.0 561.0
32012 黄洪雯 97.0 87.0 92.0 85.0 71.0 76.0 276.0 232.0 508.0
32013 黄敏华 103.0 109.0 105.0 85.0 77.0 60.0 317.0 222.0 539.0
32014 黄舜娴 99.0 106.0 88.0 98.0 90.0 80.0 293.0 268.0 561.0
32015 黄于峻 93.0 88.0 81.0 75.0 88.0 55.0 262.0 218.0 480.0
32016 纪梓荣 100.0 123.0 91.0 85.0 89.0 70.0 314.0 244.0 558.0
32017 李东烁 107.0 96.0 96.0 91.0 92.0 69.0 299.0 252.0 551.0
32018 李洁 105.0 122.0 129.0 94.0 98.0 85.0 356.0 277.0 633.0
32019 李易霖 82.0 86.0 92.0 93.0 72.0 79.0 260.0 244.0 504.0
32020 李治 105.0 128.0 96.0 87.0 89.0 84.0 329.0 260.0 589.0
32021 李卓明 99.0 115.0 114.0 97.0 92.0 82.0 328.0 271.0 599.0
32022 林佳煌 94.0 119.0 93.0 95.0 87.0 79.0 306.0 261.0 567.0
32023 林钦鸿 111.0 108.0 104.0 82.0 91.0 66.0 323.0 239.0 562.0
32024 林小琪 109.0 105.0 98.0 97.0 84.0 83.0 312.0 264.0 576.0
32025 林烨 120.0 103.0 102.0 86.0 81.0 81.0 325.0 248.0 573.0
32026 刘艾莉 105.0 112.0 115.0 94.0 98.0 85.0 332.0 277.0 609.0
32027 刘旭东 114.0 111.0 95.0 95.0 96.0 77.0 320.0 268.0 588.0
32028 刘依菁 98.0 121.0 87.0 86.0 89.0 65.0 306.0 240.0 546.0
32029 刘悦韵 107.0 99.0 111.0 84.0 85.0 77.0 317.0 246.0 563.0
32030 马洪量 103.0 104.0 83.0 94.0 89.0 67.0 290.0 250.0 540.0
32031 马茵茵 90.0 69.0 86.0 61.0 71.0 60.0 245.0 192.0 437.0
32032 潘莹涵 87.0 80.0 83.0 78.0 49.0 56.0 250.0 183.0 433.0
32033 沈敏勇 115.0 114.0 106.0 92.0 90.0 86.0 335.0 268.0 603.0
32034 沈晓燕 107.0 129.0 109.0 87.0 82.0 80.0 345.0 249.0 594.0
32035 苏诚章 93.0 111.0 106.0 97.0 89.0 87.0 310.0 273.0 583.0
32036 唐梦洋 87.0 86.0 74.0 52.0 50.0 67.0 247.0 169.0 416.0
32037 王灿杜 102.0 117.0 96.0 96.0 87.0 77.0 315.0 260.0 575.0
32038 王鸿吉 107.0 105.0 87.0 85.0 67.0 65.0 299.0 217.0 516.0
32039 王杰鑫 115.0 125.0 122.0 95.0 74.0 87.0 362.0 256.0 618.0
32040 王泽锴 105.0 79.0 76.0 76.0 77.0 60.0 260.0 213.0 473.0
32041 王子铟 112.0 102.0 107.0 88.0 88.0 83.0 321.0 259.0 580.0
32042 吴斯彤 105.0 115.0 96.0 89.0 87.0 61.0 316.0 237.0 553.0
32043 吴泽锐 102.0 136.0 129.0 95.0 95.0 83.0 367.0 273.0 640.0
32044 谢锦珊 114.0 103.0 93.0 94.0 81.0 77.0 310.0 252.0 562.0
32045 谢铠羽 89.0 63.0 99.0 76.0 79.0 64.0 251.0 219.0 470.0
32046 谢婉婷 103.0 103.0 103.0 86.0 71.0 73.0 309.0 230.0 539.0
32047 谢懿锐 116.0 99.0 101.0 81.0 86.0 77.0 316.0 244.0 560.0
32048 徐英芸 109.0 84.0 92.0 71.0 62.0 71.0 285.0 204.0 489.0
32049 许晓刚 101.0 103.0 101.0 88.0 84.0 80.0 305.0 252.0 557.0
32050 许永泓 113.0 114.0 112.0 93.0 91.0 81.0 339.0 265.0 604.0
32051 颜莞尔 103.0 99.0 102.0 93.0 79.0 81.0 304.0 253.0 557.0
32052 姚树耿 108.0 120.0 101.0 98.0 90.0 87.0 329.0 275.0 604.0
32053 姚悦扬 107.0 114.0 89.0 75.0 92.0 78.0 310.0 245.0 555.0
32054 余钊 96.0 76.0 76.0 86.0 80.0 67.0 248.0 233.0 481.0
32055 詹金伟 105.0 98.0 90.0 78.0 79.0 71.0 293.0 228.0 521.0
32056 张皓洵 106.0 109.0 112.0 99.0 82.0 83.0 327.0 264.0 591.0
32057 张扬 93.0 82.0 84.0 65.0 84.0 76.0 259.0 225.0 484.0
32058 张奕欣 97.0 84.0 93.0 66.0 68.0 72.0 274.0 206.0 480.0
32059 郑铠 94.0 108.0 80.0 89.0 92.0 86.0 282.0 267.0 549.0
32060 郑哲然 102.0 125.0 107.0 88.0 97.0 79.0 334.0 264.0 598.0
32061 周泽妍 98.0 101.0 94.0 89.0 81.0 75.0 293.0 245.0 538.0
32062 周子毓 95.0 84.0 108.0 73.0 78.0 52.0 287.0 203.0 490.0
