30401 陈柏林 101.0 107.0 112.5 63.0 67.0 78.0 320.5 208.0 528.5
30402 陈东晓 95.0 66.0 105.0 73.0 43.0 51.0 266.0 167.0 433.0
30403 陈冬仪 94.0 93.0 118.5 57.0 64.0 75.0 305.5 196.0 501.5
30404 陈金洲 92.0 119.0 119.0 85.0 76.0 74.0 330.0 235.0 565.0
30405 陈淑妍 109.0 121.0 134.0 85.0 64.0 85.0 364.0 234.0 598.0
30406 胡楷宇 108.0 115.0 111.5 58.0 58.0 65.0 334.5 181.0 515.5
30407 胡昱 100.0 108.0 124.5 79.0 70.0 87.0 332.5 236.0 568.5
30408 黄艾琪 112.0 106.0 119.5 78.0 77.0 82.0 337.5 237.0 574.5
30409 黄狄林 110.0 104.0 122.0 78.0 78.0 73.0 336.0 229.0 565.0
30410 黄琳婷 109.0 77.0 123.5 67.0 57.0 70.0 309.5 194.0 503.5
30411 黄云进 101.0 102.0 120.5 84.0 82.0 71.0 323.5 237.0 560.5
30412 纪慧煊 105.0 130.0 109.5 75.0 67.0 80.0 344.5 222.0 566.5
30413 蓝玉奇 102.0 85.0 125.0 53.0 66.0 62.0 312.0 181.0 493.0
30414 李宏森 100.0 57.0 63.5 45.0 39.0 59.0 220.5 143.0 363.5
30415 李艺晴 112.0 98.0 124.5 88.0 83.0 86.0 334.5 257.0 591.5
30416 李兆捷 97.0 106.0 116.5 92.0 87.0 81.0 319.5 260.0 579.5
30417 林达 103.0 99.0 114.5 78.0 64.0 50.0 316.5 192.0 508.5
30418 林镜辉 96.0 99.0 112.0 93.0 64.0 69.0 307.0 226.0 533.0
30419 林永佳 98.0 81.0 103.5 60.0 45.0 57.0 282.5 162.0 444.5
30420 林昱霖 88.0 125.0 102.5 99.0 85.0 79.0 315.5 263.0 578.5
30421 林泽楷 103.0 94.0 106.5 67.0 81.0 78.0 303.5 226.0 529.5
30422 刘琳菲 100.0 84.0 124.5 73.0 72.0 82.0 308.5 227.0 535.5
30424 卢涵 106.0 101.0 120.0 82.0 67.0 73.0 327.0 222.0 549.0
30425 卢昕玥 102.0 88.0 121.5 58.0 43.0 74.0 311.5 175.0 486.5
30426 卢彦宇 94.0 95.0 113.0 70.0 62.0 74.0 302.0 206.0 508.0
30427 罗亦宋 110.0 67.0 129.5 63.0 51.0 83.0 306.5 197.0 503.5
30428 麦扬 93.0 98.0 107.5 54.0 58.0 74.0 298.5 186.0 484.5
30429 邵彦程 91.0 61.0 95.5 55.0 30.0 67.0 247.5 152.0 399.5
30430 沈丹琼 106.0 100.0 121.5 82.0 83.0 90.0 327.5 255.0 582.5
30431 王磊 107.0 119.0 113.5 78.0 74.0 67.0 339.5 219.0 558.5
30432 王震霆 92.0 79.0 81.0 62.0 36.0 52.0 252.0 150.0 402.0
30433 韦昕澄 104.0 89.0 125.5 85.0 77.0 82.0 318.5 244.0 562.5
30434 魏桐曦 94.0 95.0 129.0 74.0 63.0 74.0 318.0 211.0 529.0
30435 翁铭捷 104.0 85.0 109.0 56.0 52.0 65.0 298.0 173.0 471.0
30436 吴洁兰 92.0 90.0 103.5 67.0 37.0 64.0 285.5 168.0 453.5
30437 吴婕洵 111.0 103.0 120.0 82.0 62.0 69.0 334.0 213.0 547.0
30438 吴郁楠 90.0 109.0 124.5 71.0 81.0 83.0 323.5 235.0 558.5
30439 吴泽峰 98.0 98.0 124.0 82.0 73.0 72.0 320.0 227.0 547.0
30440 吴植慧 89.0 65.0 97.0 54.0 54.0 52.0 251.0 160.0 411.0
30441 谢庆欣 100.0 86.0 120.5 64.0 56.0 50.0 306.5 170.0 476.5
30442 辛孜玫 110.0 115.0 107.0 65.0 66.0 60.0 332.0 191.0 523.0
30443 徐浩锴 101.0 101.0 104.5 66.0 63.0 64.0 306.5 193.0 499.5
30444 许可淳 112.0 132.0 125.5 86.0 84.0 95.0 369.5 265.0 634.5
30445 许林菁 105.0 83.0 105.0 74.0 69.0 60.0 293.0 203.0 496.0
30446 许统辉 102.0 86.0 95.5 57.0 78.0 60.0 283.5 195.0 478.5
30447 许旭东 117.0 106.0 131.0 95.0 65.0 91.0 354.0 251.0 605.0
30448 杨博锐 87.0 59.0 108.0 65.0 61.0 59.0 254.0 185.0 439.0
30449 杨乔 102.0 77.0 108.5 76.0 46.0 73.0 287.5 195.0 482.5
30450 杨宇镔 101.0 78.0 112.5 69.0 47.0 73.0 291.5 189.0 480.5
30451 杨芷涵 93.0 117.0 132.5 77.0 68.0 87.0 342.5 232.0 574.5
30452 姚楷炫 106.0 98.0 116.0 69.0 72.0 89.0 320.0 230.0 550.0
30453 张若涵 101.0 108.0 131.5 69.0 55.0 78.0 340.5 202.0 542.5
30454 张雪妍 100.0 74.0 116.0 64.0 51.0 73.0 290.0 188.0 478.0
30455 赵明明 100.0 70.0 114.5 58.0 66.0 80.0 284.5 204.0 488.5
30456 赵晓明 105.0 82.0 124.5 37.0 66.0 66.0 311.5 169.0 480.5
30457 郑沐林 116.0 135.0 128.0 97.0 89.0 89.0 379.0 275.0 654.0
30458 郑镛墉 106.0 86.0 101.5 60.0 65.0 74.0 293.5 199.0 492.5
30459 钟献彪 101.0 105.0 110.0 65.0 69.0 75.0 316.0 209.0 525.0
30460 周梓勃 108.0 102.0 111.5 88.0 64.0 73.0 321.5 225.0 546.5
30461 朱丹琪 103.0 101.0 115.5 73.0 45.0 55.0 319.5 173.0 492.5
30462 庄漪婷 100.0 95.0 105.5 66.0 41.0 68.0 300.5 175.0 475.5
30501 蔡苑虹 101.0 119.0 127.5 86.0 88.0 83.0 347.5 257.0 604.5
30502 陈福溢 94.0 100.0 113.0 83.0 77.0 72.0 307.0 232.0 539.0
30503 陈泓 106.0 70.0 131.5 62.0 53.0 53.0 307.5 168.0 475.5
30504 陈佳泓 103.0 110.0 113.0 71.0 61.0 79.0 326.0 211.0 537.0
30505 陈嘉胜 96.0 65.0 96.0 46.0 55.0 62.0 257.0 163.0 420.0
30506 陈丽娜 98.0 88.0 109.0 61.0 46.0 71.0 295.0 178.0 473.0
30507 陈沛震 80.0 98.0 96.0 57.0 66.0 62.0 274.0 185.0 459.0
30508 陈乔林 95.0 85.0 110.0 61.0 73.0 66.0 290.0 200.0 490.0
30509 陈疏桐 119.0 111.0 130.0 84.0 73.0 84.0 360.0 241.0 601.0
30510 陈欣洋 81.0 82.0 96.5 52.0 40.0 46.0 259.5 138.0 397.5
30511 陈雅琪 84.0 107.0 119.0 73.0 56.0 67.0 310.0 196.0 506.0
30512 陈一凡 93.0 108.0 108.5 89.0 91.0 83.0 309.5 263.0 572.5
30513 陈禹廷 87.0 85.0 117.0 63.0 65.0 71.0 289.0 199.0 488.0
30514 陈煜琳 115.0 105.0 120.0 76.0 70.0 79.0 340.0 225.0 565.0
30515 陈梓瀚 101.0 83.0 113.0 63.0 68.0 82.0 297.0 213.0 510.0
30517 陈梓宇 98.0 110.0 126.0 80.0 51.0 77.0 334.0 208.0 542.0
30518 方灿鸿 106.0 87.0 115.5 81.0 72.0 71.0 308.5 224.0 532.5
30519 郭梓淇 100.0 74.0 104.5 57.0 20.0 56.0 278.5 133.0 411.5
30520 黄泓鉴 92.0 122.0 128.5 91.0 69.0 78.0 342.5 238.0 580.5
30521 黄金涛 88.0 93.0 109.0 66.0 60.0 60.0 290.0 186.0 476.0
30522 黄式铨 98.0 127.0 111.0 84.0 80.0 79.0 336.0 243.0 579.0
30523 黄孜睿 91.0 72.0 120.5 69.0 80.0 67.0 283.5 216.0 499.5
30524 江卓聪 102.0 107.0 130.5 76.0 73.0 87.0 339.5 236.0 575.5
30525 李依璘 94.0 73.0 123.0 69.0 69.0 81.0 290.0 219.0 509.0
30526 李子聪 102.0 111.0 118.5 93.0 61.0 80.0 331.5 234.0 565.5
30527 林钡钡 107.0 123.0 116.0 74.0 91.0 76.0 346.0 241.0 587.0
30528 林洁萍 102.0 96.0 108.0 68.0 72.0 79.0 306.0 219.0 525.0
30529 林煜涛 96.0 128.0 101.0 80.0 74.0 81.0 325.0 235.0 560.0
30530 林泽滢 102.0 73.0 109.5 57.0 42.0 67.0 284.5 166.0 450.5
30531 刘榕飒 101.0 99.0 111.0 75.0 69.0 80.0 311.0 224.0 535.0
30532 陆凡冰 104.0 131.0 112.5 81.0 91.0 85.0 347.5 257.0 604.5
30533 马万里 97.0 87.0 104.5 66.0 59.0 62.0 288.5 187.0 475.5
30534 马伟涛 100.0 125.0 122.0 75.0 90.0 88.0 347.0 253.0 600.0
30535 潘俞霏 103.0 103.0 120.0 70.0 71.0 77.0 326.0 218.0 544.0
30536 沈哲沛 91.0 52.0 95.5 69.0 44.0 58.0 238.5 171.0 409.5
30537 孙玮 100.0 114.0 111.0 57.0 53.0 82.0 325.0 192.0 517.0
30538 王楠 106.0 51.0 122.5 49.0 59.0 69.0 279.5 177.0 456.5
30539 王天乐 94.0 86.0 104.0 52.0 48.0 62.0 284.0 162.0 446.0
30540 吴博 112.0 114.0 120.5 90.0 87.0 77.0 346.5 254.0 600.5
30541 吴佳芸 99.0 87.0 116.0 57.0 46.0 71.0 302.0 174.0 476.0
30542 吴淇升 95.0 93.0 113.0 56.0 68.0 76.0 301.0 200.0 501.0
30543 吴易达 100.0 107.0 103.5 75.0 47.0 71.0 310.5 193.0 503.5
30544 肖泽楷 112.0 73.0 122.5 56.0 72.0 74.0 307.5 202.0 509.5
30545 谢函瀚 114.0 103.0 129.5 50.0 65.0 79.0 346.5 194.0 540.5
30547 谢思婷 104.0 91.0 124.0 76.0 77.0 69.0 319.0 222.0 541.0
30548 谢育锋 103.0 94.0 115.5 68.0 67.0 77.0 312.5 212.0 524.5
30549 徐芷欣 102.0 109.0 121.5 73.0 89.0 71.0 332.5 233.0 565.5
30550 杨昕 96.0 84.0 121.0 74.0 61.0 87.0 301.0 222.0 523.0
30551 姚雪萍 95.0 89.0 101.0 63.0 64.0 76.0 285.0 203.0 488.0
30552 姚逸峰 100.0 113.0 94.5 73.0 63.0 71.0 307.5 207.0 514.5
30553 余泓涛 80.0 89.0 89.5 58.0 53.0 63.0 258.5 174.0 432.5
30554 余珮镕 99.0 92.0 125.5 70.0 65.0 71.0 316.5 206.0 522.5
30555 曾烁 101.0 65.0 103.5 55.0 51.0 48.0 269.5 154.0 423.5
30556 张基烨 100.0 95.0 115.0 66.0 74.0 63.0 310.0 203.0 513.0
30557 张锦河 95.0 116.0 103.0 86.0 54.0 74.0 314.0 214.0 528.0
30558 张子斌 101.0 113.0 113.0 90.0 76.0 78.0 327.0 244.0 571.0
30559 张宗泽 84.0 96.0 115.0 74.0 72.0 77.0 295.0 223.0 518.0
30560 郑涵 109.0 121.0 119.0 93.0 76.0 87.0 349.0 256.0 605.0
30561 郑主加 87.0 92.0 110.0 65.0 50.0 61.0 289.0 176.0 465.0
30562 钟婉灵 100.0 95.0 114.0 66.0 66.0 65.0 309.0 197.0 506.0
30563 周哲 93.0 109.0 111.0 84.0 88.0 74.0 313.0 246.0 559.0
30601 蔡楚怡 101.0 91.0 119.0 64.0 77.0 67.0 311.0 208.0 519.0
30602 蔡瀚锋 108.0 89.0 114.0 60.0 63.0 70.0 311.0 193.0 504.0
30603 蔡弋炀 101.0 118.0 113.0 75.0 78.0 81.0 332.0 234.0 566.0
30604 陈金涛 100.0 108.0 117.0 82.0 80.0 67.0 325.0 229.0 554.0
30605 陈谨 104.0 102.0 121.0 68.0 54.0 59.0 327.0 181.0 508.0
30606 陈庆 85.0 87.0 93.5 51.0 53.0 64.0 265.5 168.0 433.5
30607 陈帅琦 102.0 93.0 118.5 73.0 82.0 78.0 313.5 233.0 546.5
30608 陈锶涛 104.0 65.0 95.0 63.0 40.0 36.0 264.0 139.0 403.0
30609 陈雅文 104.0 101.0 134.0 78.0 58.0 74.0 339.0 210.0 549.0
30610 陈妍 104.0 92.0 119.0 58.0 50.0 67.0 315.0 175.0 490.0
30611 陈振霖 107.0 104.0 105.5 66.0 48.0 61.0 316.5 175.0 491.5
30612 陈震寅 91.0 107.0 89.5 80.0 80.0 79.0 287.5 239.0 526.5
30613 陈梓泓 92.0 104.0 108.5 72.0 63.0 73.0 304.5 208.0 512.5
30614 陈梓演 94.0 117.0 125.5 69.0 68.0 71.0 336.5 208.0 544.5
30615 戴德燊 100.0 96.0 110.0 75.0 52.0 75.0 306.0 202.0 508.0
30616 方家浩 107.0 85.0 83.5 75.0 64.0 72.0 275.5 211.0 486.5
30617 方玮绚 94.0 102.0 118.5 58.0 52.0 74.0 314.5 184.0 498.5
30618 方小涵 110.0 90.0 110.0 72.0 66.0 70.0 310.0 208.0 518.0
30619 方梓昊 96.0 82.0 102.0 61.0 50.0 61.0 280.0 172.0 452.0
30620 郭悦宁 96.0 79.0 103.5 42.0 41.0 51.0 278.5 134.0 412.5
30622 洪斯沛 112.0 118.0 125.5 75.0 71.0 74.0 355.5 220.0 575.5
30623 黄蔓蔓 95.0 94.0 104.5 62.0 35.0 61.0 293.5 158.0 451.5
30624 黄树炫 102.0 114.0 134.0 97.0 57.0 81.0 350.0 235.0 585.0
30625 黄晚至 99.0 70.0 130.0 49.0 56.0 62.0 299.0 167.0 466.0
30626 黄粤奇 94.0 94.0 108.5 73.0 55.0 74.0 296.5 202.0 498.5
30627 李传璞 101.0 87.0 125.0 84.0 74.0 79.0 313.0 237.0 550.0
30628 李科谋 107.0 112.0 113.5 92.0 81.0 77.0 332.5 250.0 582.5
30629 李婉宜 109.0 111.0 108.5 69.0 52.0 76.0 328.5 197.0 525.5
30630 李心彤 109.0 101.0 115.0 63.0 52.0 59.0 325.0 174.0 499.0
30631 梁婧 96.0 103.0 110.0 82.0 56.0 63.0 309.0 201.0 510.0
30632 林琦 101.0 108.0 119.0 76.0 83.0 78.0 328.0 237.0 565.0
30633 林润峰 97.0 56.0 109.5 52.0 42.0 57.0 262.5 151.0 413.5
30634 林烁 105.0 80.0 122.5 60.0 53.0 75.0 307.5 188.0 495.5
30635 林钰祺 102.0 105.0 106.0 75.0 56.0 62.0 313.0 193.0 506.0
30636 林泽聪 109.0 106.0 122.0 82.0 66.0 85.0 337.0 233.0 570.0
30637 林泽娜 102.0 105.0 119.5 70.0 54.0 65.0 326.5 189.0 515.5
30638 刘学智 107.0 96.0 111.0 78.0 66.0 74.0 314.0 218.0 532.0
30639 马思奇 98.0 78.0 115.5 77.0 59.0 76.0 291.5 212.0 503.5
30640 佘卓键 102.0 95.0 102.5 0 83.0 68.0 299.5 0 0
30641 沈畅泳 98.0 129.0 125.0 91.0 86.0 82.0 352.0 259.0 611.0
30642 汤庆琳 120.0 65.0 124.5 55.0 35.0 57.0 309.5 147.0 456.5
30643 王嘉如 112.0 107.0 117.5 88.0 50.0 83.0 336.5 221.0 557.5
30644 王琳 105.0 93.0 122.0 63.0 57.0 73.0 320.0 193.0 513.0
30645 王梓渲 100.0 117.0 122.0 95.0 81.0 84.0 339.0 260.0 599.0
30646 吴文澜 94.0 47.0 114.0 66.0 64.0 57.0 255.0 187.0 442.0
30647 吴妍 102.0 98.0 112.5 65.0 79.0 77.0 312.5 221.0 533.5
30648 许夏帆 98.0 106.0 131.5 86.0 74.0 80.0 335.5 240.0 575.5
30649 许烨琪 97.0 102.0 110.0 62.0 51.0 48.0 309.0 161.0 470.0
30650 杨金满 101.0 102.0 120.0 89.0 80.0 88.0 323.0 257.0 580.0
30651 杨壬 87.0 52.0 94.5 69.0 26.0 38.0 233.5 133.0 366.5
30652 杨依云 97.0 108.0 119.5 79.0 67.0 70.0 324.5 216.0 540.5
30653 蚁维聪 104.0 76.0 101.0 90.0 74.0 73.0 281.0 237.0 518.0
30654 余信荣 100.0 110.0 134.0 72.0 79.0 82.0 344.0 233.0 577.0
30655 喻子韬 94.0 107.0 116.5 81.0 68.0 74.0 317.5 223.0 540.5
30656 詹育东 100.0 99.0 105.0 66.0 79.0 76.0 304.0 221.0 525.0
30657 张棣炫 93.0 78.0 117.5 72.0 50.0 72.0 288.5 194.0 482.5
30658 张欣悦 99.0 94.0 118.0 71.0 43.0 75.0 311.0 189.0 500.0
30659 郑东能 94.0 113.0 109.5 87.0 91.0 78.0 316.5 256.0 572.5
30660 郑凯元 92.0 105.0 118.5 75.0 78.0 78.0 315.5 231.0 546.5
30661 郑泽楠 88.0 87.0 119.5 68.0 61.0 76.0 294.5 205.0 499.5
30662 钟贝琪 103.0 105.0 117.5 71.0 72.0 76.0 325.5 219.0 544.5
30663 周盈贝 95.0 88.0 109.0 81.0 52.0 88.0 292.0 221.0 513.0
30701 蔡博涵 99.0 92.0 105.5 80.0 59.0 68.0 296.5 207.0 503.5
30702 蔡琪 87.0 82.0 86.5 58.0 42.0 58.0 255.5 158.0 413.5
30703 蔡淑熙 96.0 81.0 124.0 71.0 63.0 73.0 301.0 207.0 508.0
30704 蔡晓仪 98.0 96.0 123.5 45.0 42.0 79.0 317.5 166.0 483.5
30705 蔡泽莹 99.0 98.0 106.5 69.0 46.0 58.0 303.5 173.0 476.5
30706 蔡之雅 94.0 75.0 124.5 70.0 65.0 74.0 293.5 209.0 502.5
30707 蔡至钿 96.0 83.0 102.5 62.0 59.0 68.0 281.5 189.0 470.5
30708 陈畅 98.0 79.0 95.0 70.0 47.0 71.0 272.0 188.0 460.0
30709 陈铎仑 103.0 100.0 126.0 84.0 88.0 83.0 329.0 255.0 584.0
30710 陈俊成 92.0 119.0 110.0 89.0 79.0 90.0 321.0 258.0 579.0
30711 陈思冰 94.0 63.0 108.0 56.0 58.0 71.0 265.0 185.0 450.0
30712 陈思桦 96.0 97.0 105.5 59.0 58.0 45.0 298.5 162.0 460.5
30713 陈武杰 100.0 98.0 106.0 69.0 37.0 60.0 304.0 166.0 470.0
30714 陈晓雯 107.0 92.0 136.5 79.0 73.0 86.0 335.5 238.0 573.5
30715 陈奕纯 98.0 106.0 118.0 61.0 54.0 68.0 322.0 183.0 505.0
30716 陈钟之 99.0 87.0 111.0 78.0 88.0 63.0 297.0 229.0 526.0
30717 陈梓博 111.0 96.0 110.0 59.0 56.0 73.0 317.0 188.0 505.0
30719 丁烜 91.0 73.0 72.0 58.0 66.0 69.0 236.0 193.0 429.0
30720 杜昕 104.0 76.0 122.0 64.0 75.0 80.0 302.0 219.0 521.0
30721 杜展 89.0 118.0 120.5 83.0 82.0 77.0 327.5 242.0 569.5
30722 郭枫阳 112.0 120.0 128.0 82.0 88.0 75.0 360.0 245.0 605.0
30723 洪欣苑 101.0 69.0 96.5 60.0 68.0 71.0 266.5 199.0 465.5
30724 洪梓昂 119.0 120.0 132.5 83.0 70.0 87.0 371.5 240.0 611.5
30725 黄心婷 103.0 112.0 119.5 74.0 77.0 75.0 334.5 226.0 560.5
30726 黄芷琳 108.0 64.0 126.0 76.0 47.0 69.0 298.0 192.0 490.0
30727 李博恩 107.0 83.0 121.5 76.0 75.0 70.0 311.5 221.0 532.5
30728 李恺寰 107.0 97.0 121.0 79.0 73.0 83.0 325.0 235.0 560.0
30729 李沛熙 90.0 112.0 116.5 81.0 85.0 81.0 318.5 247.0 565.5
30730 李翊亨 109.0 101.0 124.0 79.0 64.0 75.0 334.0 218.0 552.0
30731 林宏杰 100.0 106.0 117.0 89.0 47.0 81.0 323.0 217.0 540.0
30732 林熙 97.0 98.0 90.5 56.0 74.0 59.0 285.5 189.0 474.5
30733 林映含 93.0 75.0 118.5 78.0 45.0 80.0 286.5 203.0 489.5
30734 林芸 103.0 105.0 121.0 74.0 85.0 77.0 329.0 236.0 565.0
30735 刘乐欣 107.0 112.0 115.0 77.0 72.0 79.0 334.0 228.0 562.0
30736 刘依雯 84.0 34.0 111.5 35.0 39.0 62.0 229.5 136.0 365.5
30737 刘雨奇 110.0 122.0 121.5 81.0 82.0 79.0 353.5 242.0 595.5
30738 刘子烁 101.0 66.0 97.5 55.0 69.0 65.0 264.5 189.0 453.5
30739 陆伟坤 104.0 103.0 92.5 80.0 59.0 82.0 299.5 221.0 520.5
30740 马学宽 84.0 86.0 115.5 63.0 53.0 57.0 285.5 173.0 458.5
30741 彭博澄 111.0 117.0 112.5 73.0 73.0 69.0 340.5 215.0 555.5
30742 邱可盈 104.0 90.0 102.0 69.0 37.0 60.0 296.0 166.0 462.0
30743 佘晓仪 93.0 57.0 100.5 56.0 40.0 71.0 250.5 167.0 417.5
30744 盛若岚 100.0 89.0 111.5 77.0 61.0 81.0 300.5 219.0 519.5
30745 苏烁航 83.0 95.0 87.5 77.0 59.0 72.0 265.5 208.0 473.5
30746 苏斯楠 96.0 84.0 97.0 67.0 58.0 74.0 277.0 199.0 476.0
30747 孙润楷 93.0 97.0 113.5 66.0 73.0 63.0 303.5 202.0 505.5
30748 吴佳生 103.0 123.0 127.0 86.0 80.0 85.0 353.0 251.0 604.0
30749 吴昕 91.0 85.0 123.5 75.0 71.0 70.0 299.5 216.0 515.5
30750 谢伟坤 102.0 79.0 110.5 69.0 61.0 61.0 291.5 191.0 482.5
30751 谢宗泰 104.0 113.0 119.0 83.0 74.0 72.0 336.0 229.0 565.0
30752 徐子媛 91.0 78.0 112.0 68.0 70.0 62.0 281.0 200.0 481.0
30753 许楷扬 94.0 94.0 116.5 75.0 65.0 68.0 304.5 208.0 512.5
30754 许艺瀛 102.0 102.0 123.5 79.0 74.0 80.0 327.5 233.0 560.5
30755 杨深林 93.0 91.0 98.5 71.0 88.0 89.0 282.5 248.0 530.5
30756 杨烨爽 98.0 113.0 118.0 71.0 75.0 79.0 329.0 225.0 554.0
30757 叶乐萱 118.0 93.0 140.0 100.0 94.0 88.0 351.0 282.0 633.0
30758 张睿 93.0 100.0 97.0 62.0 65.0 68.0 290.0 195.0 485.0
30759 张少伟 89.0 93.0 95.5 61.0 50.0 61.0 277.5 172.0 449.5
30760 张煜坚 106.0 80.0 127.0 64.0 47.0 65.0 313.0 176.0 489.0
30761 郑逸晖 101.0 99.0 132.5 85.0 82.0 81.0 332.5 248.0 580.5
30762 钟耿钦 86.0 84.0 112.5 75.0 59.0 58.0 282.5 192.0 474.5
30801 蔡筱蕊 104.0 106.0 114.0 65.0 65.0 80.0 324.0 210.0 534.0
30802 蔡奕桐 97.0 98.0 114.0 83.0 76.0 68.0 309.0 227.0 536.0
30803 蔡泽泓 89.0 86.0 108.5 67.0 87.0 62.0 283.5 216.0 499.5
30804 陈达可 99.0 132.0 125.5 90.0 77.0 82.0 356.5 249.0 605.5
30805 陈丹仪 113.0 127.0 126.0 87.0 83.0 93.0 366.0 263.0 629.0
30806 陈锴榆 99.0 83.0 121.0 60.0 81.0 69.0 303.0 210.0 513.0
30807 陈润慷 94.0 117.0 114.0 85.0 76.0 57.0 325.0 218.0 543.0
30808 陈淑芳 102.0 88.0 116.5 65.0 59.0 59.0 306.5 183.0 489.5
30809 陈彦宇 92.0 79.0 110.5 61.0 35.0 59.0 281.5 155.0 436.5
30810 陈钰琦 97.0 67.0 104.5 51.0 36.0 62.0 268.5 149.0 417.5
30811 陈志航 96.0 89.0 93.0 63.0 33.0 56.0 278.0 152.0 430.0
30812 单浩铭 94.0 83.0 98.5 61.0 65.0 74.0 275.5 200.0 475.5
30813 董煜然 100.0 89.0 103.5 72.0 63.0 81.0 292.5 216.0 508.5
30814 杜庚育 110.0 117.0 128.5 78.0 78.0 87.0 355.5 243.0 598.5
30815 方淑钰 92.0 68.0 101.5 60.0 41.0 54.0 261.5 155.0 416.5
30816 方殷锴 106.0 110.0 126.0 76.0 72.0 79.0 342.0 227.0 569.0
30817 葛颖 103.0 110.0 112.5 67.0 57.0 72.0 325.5 196.0 521.5
30818 郭粉红 104.0 79.0 119.0 55.0 73.0 68.0 302.0 196.0 498.0
30819 郭景瀚 95.0 70.0 116.5 60.0 53.0 57.0 281.5 170.0 451.5
30820 洪立强 112.0 82.0 115.5 62.0 67.0 58.0 309.5 187.0 496.5
30821 洪少锐 97.0 104.0 106.0 70.0 80.0 78.0 307.0 228.0 535.0
30822 黄端 99.0 119.0 105.5 84.0 90.0 77.0 323.5 251.0 574.5
30823 黄丰 105.0 96.0 112.0 72.0 61.0 80.0 313.0 213.0 526.0
30824 黄俊斐 93.0 86.0 95.0 80.0 51.0 66.0 274.0 197.0 471.0
30825 黄可欣 102.0 132.0 133.5 67.0 71.0 77.0 367.5 215.0 582.5
30826 金泽薰 113.0 107.0 118.5 85.0 89.0 88.0 338.5 262.0 600.5
30827 蓝旸 94.0 90.0 119.5 55.0 55.0 78.0 303.5 188.0 491.5
30828 林炳丽 102.0 119.0 132.5 83.0 91.0 94.0 353.5 268.0 621.5
30829 林栾荀 110.0 102.0 118.5 74.0 70.0 72.0 330.5 216.0 546.5
30830 林若彤 106.0 84.0 121.5 85.0 51.0 68.0 311.5 204.0 515.5
30831 林晓纯 104.0 116.0 127.5 69.0 66.0 69.0 347.5 204.0 551.5
30832 林钇 88.0 100.0 125.0 88.0 68.0 76.0 313.0 232.0 545.0
30833 林毓莹 102.0 102.0 124.5 67.0 63.0 74.0 328.5 204.0 532.5
30834 林泽凯 88.0 100.0 96.0 70.0 56.0 60.0 284.0 186.0 470.0
30835 刘尔嘉 100.0 101.0 127.5 68.0 69.0 79.0 328.5 216.0 544.5
30836 马旭宁 89.0 122.0 103.0 75.0 81.0 73.0 314.0 229.0 543.0
30837 彭诗妍 103.0 81.0 106.0 58.0 70.0 45.0 290.0 173.0 463.0
30838 宋洁榕 110.0 88.0 111.0 75.0 58.0 79.0 309.0 212.0 521.0
30839 王绿蔚 105.0 90.0 124.5 78.0 69.0 79.0 319.5 226.0 545.5
30840 王维佳 102.0 73.0 106.0 45.0 44.0 66.0 281.0 155.0 436.0
30841 王知往 93.0 96.0 120.0 70.0 69.0 64.0 309.0 203.0 512.0
30842 王志扬 99.0 113.0 113.5 73.0 71.0 69.0 325.5 213.0 538.5
30843 温一海 93.0 89.0 125.5 75.0 45.0 69.0 307.5 189.0 496.5
30844 吴丹妮 100.0 82.0 118.5 56.0 30.0 59.0 300.5 145.0 445.5
30845 吴赋 93.0 115.0 124.5 83.0 83.0 85.0 332.5 251.0 583.5
30846 吴润铭 94.0 76.0 104.0 63.0 56.0 60.0 274.0 179.0 453.0
30847 吴夏韵 86.0 106.0 101.0 76.0 70.0 66.0 293.0 212.0 505.0
30848 辛铄浩 88.0 110.0 111.5 73.0 51.0 71.0 309.5 195.0 504.5
30849 杨婷婷 102.0 76.0 101.0 56.0 40.0 71.0 279.0 167.0 446.0
30850 曾宇丹 110.0 134.0 127.0 84.0 88.0 86.0 371.0 258.0 629.0
30851 曾宇煌 94.0 84.0 123.0 68.0 45.0 61.0 301.0 174.0 475.0
30852 张晓斐 98.0 85.0 111.5 71.0 40.0 61.0 294.5 172.0 466.5
30853 张梓涵 88.0 93.0 126.0 73.0 72.0 76.0 307.0 221.0 528.0
30854 郑聪 98.0 86.0 127.0 73.0 80.0 79.0 311.0 232.0 543.0
30855 郑岱锋 102.0 54.0 96.5 56.0 37.0 58.0 252.5 151.0 403.5
30856 郑楷融 86.0 76.0 104.5 54.0 39.0 60.0 266.5 153.0 419.5
30857 郑欣琳 93.0 76.0 111.5 63.0 42.0 54.0 280.5 159.0 439.5
30858 郑宇平 107.0 91.0 112.0 76.0 82.0 72.0 310.0 230.0 540.0
30859 周弋钿 107.0 113.0 130.0 85.0 93.0 85.0 350.0 263.0 613.0
30860 朱宇寅 96.0 74.0 103.0 47.0 45.0 52.0 273.0 144.0 417.0
30861 庄先正 84.0 76.0 77.0 67.0 57.0 71.0 237.0 195.0 432.0
30862 邹彤彤 107.0 106.0 119.5 62.0 70.0 73.0 332.5 205.0 537.5
30901 蔡仰涵 95.0 115.0 119.0 80.0 77.0 81.0 329.0 238.0 567.0
30902 陈玳翊 92.0 108.0 105.5 68.0 79.0 59.0 305.5 206.0 511.5
30903 陈方梓淳 105.0 82.0 112.5 67.0 50.0 64.0 299.5 181.0 480.5
30904 陈俊锴 101.0 84.0 112.0 59.0 50.0 66.0 297.0 175.0 472.0
30905 陈铿 88.0 99.0 114.5 54.0 70.0 81.0 301.5 205.0 506.5
30906 陈琳 102.0 93.0 107.0 70.0 54.0 64.0 302.0 188.0 490.0
30907 陈淼泓 95.0 86.0 117.5 76.0 55.0 63.0 298.5 194.0 492.5
30908 陈诺 100.0 104.0 114.5 84.0 71.0 77.0 318.5 232.0 550.5
30909 陈申 108.0 111.0 122.5 81.0 69.0 67.0 341.5 217.0 558.5
30910 陈曦芃 92.0 79.0 116.5 79.0 62.0 77.0 287.5 218.0 505.5
30911 陈逸挺 94.0 69.0 102.0 51.0 40.0 36.0 265.0 127.0 392.0
30912 陈钰媛 105.0 0 0 0 0 0 0 0 0
30913 陈裕 102.0 81.0 115.0 81.0 78.0 73.0 298.0 232.0 530.0
30914 陈钊燚 101.0 111.0 102.5 82.0 62.0 74.0 314.5 218.0 532.5
30915 丁琪瑄 97.0 118.0 123.0 73.0 59.0 72.0 338.0 204.0 542.0
30916 丁泽晟 97.0 118.0 117.0 86.0 84.0 79.0 332.0 249.0 581.0
30917 董信步 97.0 106.0 108.0 87.0 78.0 76.0 311.0 241.0 552.0
30918 郭婉祺 107.0 109.0 117.0 81.0 80.0 84.0 333.0 245.0 578.0
30919 郭潇凯 103.0 90.0 122.0 66.0 67.0 64.0 315.0 197.0 512.0
30920 洪愿足 100.0 116.0 116.5 74.0 75.0 74.0 332.5 223.0 555.5
30921 黄川 104.0 112.0 109.5 73.0 63.0 78.0 325.5 214.0 539.5
30922 黄建凱 91.0 73.0 95.0 46.0 40.0 43.0 259.0 129.0 388.0
30923 黄晓彤 92.0 71.0 99.5 36.0 24.0 40.0 262.5 100.0 362.5
30924 黄泽钦 94.0 134.0 119.5 83.0 85.0 75.0 347.5 243.0 590.5
30925 黄梓媛 112.0 94.0 113.0 69.0 65.0 80.0 319.0 214.0 533.0
30926 蓝菁 108.0 73.0 113.5 62.0 80.0 68.0 294.5 210.0 504.5
30927 李金洺 93.0 56.0 101.0 63.0 41.0 54.0 250.0 158.0 408.0
30928 李乐浩 100.0 95.0 118.5 65.0 61.0 67.0 313.5 193.0 506.5
30929 李泽銮 106.0 83.0 112.5 78.0 71.0 68.0 301.5 217.0 518.5
30930 林翰 103.0 83.0 100.0 61.0 73.0 56.0 286.0 190.0 476.0
30931 林洁娜 105.0 92.0 120.5 72.0 52.0 66.0 317.5 190.0 507.5
30932 林锦燕 105.0 119.0 127.0 81.0 70.0 89.0 351.0 240.0 591.0
30933 林仕居 96.0 118.0 128.5 89.0 80.0 79.0 342.5 248.0 590.5
30934 林铄浩 99.0 94.0 110.5 62.0 62.0 75.0 303.5 199.0 502.5
30935 林晓琪 127.0 105.0 125.0 85.0 66.0 87.0 357.0 238.0 595.0
30936 林依洁 114.0 85.0 115.5 62.0 54.0 80.0 314.5 196.0 510.5
30937 刘泳钊 101.0 92.0 106.5 77.0 56.0 67.0 299.5 200.0 499.5
30938 罗泽鑫 98.0 122.0 104.0 86.0 85.0 75.0 324.0 246.0 570.0
30939 欧阳苇航 97.0 112.0 115.0 96.0 74.0 80.0 324.0 250.0 574.0
30940 潘沛 99.0 93.0 113.0 64.0 67.0 73.0 305.0 204.0 509.0
30941 邱子涵 106.0 108.0 120.5 70.0 79.0 87.0 334.5 236.0 570.5
30942 芮滢 96.0 112.0 116.5 79.0 68.0 83.0 324.5 230.0 554.5
30943 沈子钦 97.0 94.0 114.5 73.0 64.0 79.0 305.5 216.0 521.5
30944 王逸楠 105.0 71.0 119.0 55.0 57.0 63.0 295.0 175.0 470.0
30945 王梓宜 92.0 100.0 92.0 78.0 67.0 57.0 284.0 202.0 486.0
30946 吴佳锡 95.0 89.0 100.5 79.0 68.0 74.0 284.5 221.0 505.5
30947 吴奕艾 89.0 102.0 96.5 67.0 64.0 67.0 287.5 198.0 485.5
30948 吴逸慈 102.0 86.0 119.5 91.0 76.0 80.0 307.5 247.0 554.5
30949 徐仰男 97.0 96.0 108.5 66.0 60.0 65.0 301.5 191.0 492.5
30950 杨亦茜 107.0 101.0 112.5 80.0 62.0 75.0 320.5 217.0 537.5
30951 姚炜琳 85.0 82.0 84.5 46.0 23.0 63.0 251.5 132.0 383.5
30952 余烁 101.0 88.0 130.0 83.0 76.0 69.0 319.0 228.0 547.0
30953 袁一欣 99.0 99.0 115.5 67.0 76.0 63.0 313.5 206.0 519.5
30954 曾慧宾 112.0 91.0 105.5 74.0 67.0 75.0 308.5 216.0 524.5
30955 张涵 117.0 114.0 123.5 84.0 79.0 81.0 354.5 244.0 598.5
30956 张禾 110.0 99.0 124.0 61.0 55.0 75.0 333.0 191.0 524.0
30957 郑瑞锐 102.0 122.0 128.5 80.0 75.0 90.0 352.5 245.0 597.5
30958 郑闻铎 88.0 95.0 84.0 82.0 60.0 80.0 267.0 222.0 489.0
30959 郑勋 91.0 91.0 122.0 59.0 55.0 60.0 304.0 174.0 478.0
30960 郑哲 95.0 78.0 109.0 54.0 55.0 39.0 282.0 148.0 430.0
30961 朱海平 92.0 86.0 102.0 59.0 37.0 85.0 280.0 181.0 461.0
30962 庄瑞临 102.0 86.0 112.0 67.0 61.0 69.0 300.0 197.0 497.0
31001 蔡凡 99.0 105.0 117.0 66.0 62.0 76.0 321.0 204.0 525.0
31002 蔡若珂 95.0 106.0 122.5 63.0 73.0 77.0 323.5 213.0 536.5
31003 蔡晓霓 80.0 91.0 105.0 67.0 71.0 71.0 276.0 209.0 485.0
31004 蔡周峰 105.0 82.0 115.0 60.0 78.0 63.0 302.0 201.0 503.0
31005 陈蓓蓓 93.0 111.0 93.0 57.0 64.0 62.0 297.0 183.0 480.0
31006 陈钧哲 100.0 129.0 121.5 85.0 84.0 75.0 350.5 244.0 594.5
31007 陈树煜 101.0 92.0 101.5 93.0 91.0 83.0 294.5 267.0 561.5
31008 陈泰霖 101.0 103.0 110.5 76.0 63.0 77.0 314.5 216.0 530.5
31009 陈童菲 105.0 120.0 112.0 69.0 61.0 82.0 337.0 212.0 549.0
31010 陈泽锋 93.0 85.0 113.0 72.0 89.0 73.0 291.0 234.0 525.0
31011 陈泽锐 91.0 86.0 107.5 64.0 74.0 61.0 284.5 199.0 483.5
31012 池逸和 102.0 117.0 132.5 80.0 86.0 79.0 351.5 245.0 596.5
31013 杜鑫 108.0 118.0 112.5 81.0 85.0 75.0 338.5 241.0 579.5
31014 范冬倪 101.0 77.0 109.0 52.0 62.0 71.0 287.0 185.0 472.0
31015 房瑜仪 93.0 126.0 110.5 83.0 82.0 81.0 329.5 246.0 575.5
31016 高帅博 86.0 102.0 122.5 71.0 87.0 70.0 310.5 228.0 538.5
31017 黄钿津 85.0 96.0 94.5 51.0 21.0 26.0 275.5 98.0 373.5
31018 黄兰馨 93.0 99.0 108.5 59.0 52.0 79.0 300.5 190.0 490.5
31019 黄立涵 92.0 114.0 119.5 81.0 69.0 74.0 325.5 224.0 549.5
31020 黄泽瀚 101.0 114.0 132.0 79.0 65.0 72.0 347.0 216.0 563.0
31021 纪南帆 85.0 94.0 71.0 51.0 35.0 62.0 250.0 148.0 398.0
31022 纪欣格 98.0 81.0 111.5 73.0 58.0 52.0 290.5 183.0 473.5
31023 金敏桦 112.0 124.0 118.0 71.0 70.0 82.0 354.0 223.0 577.0
31024 李嘉桦 97.0 96.0 111.5 69.0 55.0 67.0 304.5 191.0 495.5
31025 李芷佳 103.0 82.0 114.5 50.0 39.0 62.0 299.5 151.0 450.5
31026 林翠环 104.0 101.0 118.0 79.0 60.0 65.0 323.0 204.0 527.0
31027 林丹娜 102.0 104.0 105.0 70.0 64.0 74.0 311.0 208.0 519.0
31028 林婷婷 102.0 94.0 124.0 70.0 66.0 82.0 320.0 218.0 538.0
31029 林钰 117.0 100.0 123.5 73.0 59.0 75.0 340.5 207.0 547.5
31030 林展锋 101.0 103.0 116.5 79.0 64.0 70.0 320.5 213.0 533.5
31031 林子潼 100.0 114.0 132.0 90.0 76.0 87.0 346.0 253.0 599.0
31032 刘派佳 100.0 80.0 0 59.0 0 0 0 0 0
31033 陆天宇 94.0 63.0 106.0 76.0 85.0 71.0 263.0 232.0 495.0
31034 马殊 106.0 105.0 128.5 66.0 59.0 78.0 339.5 203.0 542.5
31035 邱驰 93.0 109.0 113.5 85.0 68.0 64.0 315.5 217.0 532.5
31036 邱煜群 87.0 93.0 121.0 83.0 80.0 81.0 301.0 244.0 545.0
31037 王昊东 107.0 117.0 86.0 90.0 47.0 43.0 310.0 180.0 490.0
31038 王新荣 101.0 131.0 120.5 89.0 93.0 90.0 352.5 272.0 624.5
31039 王岳 92.0 96.0 103.5 59.0 45.0 56.0 291.5 160.0 451.5
31040 王芸 87.0 75.0 95.5 55.0 56.0 70.0 257.5 181.0 438.5
31041 翁培锴 95.0 89.0 125.5 71.0 78.0 81.0 309.5 230.0 539.5
31042 吴铭洵 102.0 77.0 106.0 46.0 51.0 77.0 285.0 174.0 459.0
31043 吴楠 97.0 101.0 119.0 76.0 65.0 83.0 317.0 224.0 541.0
31044 吴新仪 104.0 98.0 115.5 76.0 70.0 76.0 317.5 222.0 539.5
31045 夏立嘉 96.0 117.0 122.0 69.0 79.0 83.0 335.0 231.0 566.0
31046 辛焜媛 108.0 101.0 119.5 60.0 75.0 81.0 328.5 216.0 544.5
31047 辛源锋 98.0 93.0 116.0 65.0 49.0 50.0 307.0 164.0 471.0
31048 许思琪 88.0 91.0 88.0 58.0 46.0 73.0 267.0 177.0 444.0
31049 羊雪琪 104.0 110.0 132.5 91.0 62.0 75.0 346.5 228.0 574.5
31050 杨基石 103.0 95.0 114.5 58.0 74.0 69.0 312.5 201.0 513.5
31051 杨璐羽 97.0 92.0 107.0 58.0 43.0 56.0 296.0 157.0 453.0
31052 曾炀铃 95.0 95.0 108.0 75.0 52.0 75.0 298.0 202.0 500.0
31053 曾钰辉 106.0 89.0 105.5 72.0 68.0 72.0 300.5 212.0 512.5
31054 张森烔 104.0 83.0 126.0 77.0 71.0 70.0 313.0 218.0 531.0
31055 赵博瑄 109.0 38.0 103.0 33.0 42.0 54.0 250.0 129.0 379.0
31056 郑乐镔 95.0 117.0 111.0 89.0 51.0 69.0 323.0 209.0 532.0
31057 郑若晗 103.0 60.0 117.0 79.0 64.0 70.0 280.0 213.0 493.0
31058 郑少铭 101.0 0 0 87.0 0 0 0 0 0
31059 郑伟纯 109.0 134.0 122.5 77.0 90.0 76.0 365.5 243.0 608.5
31060 周宇程 90.0 79.0 110.5 56.0 80.0 65.0 279.5 201.0 480.5
31061 周之祺 94.0 103.0 109.0 75.0 72.0 68.0 306.0 215.0 521.0
31062 庄杰涛 104.0 100.0 125.0 86.0 86.0 88.0 329.0 260.0 589.0
31101 蔡滨 104.0 123.0 134.0 87.0 79.0 83.0 361.0 249.0 610.0
31102 曹耿槟 102.0 86.0 113.0 63.0 71.0 71.0 301.0 205.0 506.0
31103 陈浩钦 109.0 126.0 123.0 74.0 81.0 90.0 358.0 245.0 603.0
31104 陈洪昱 93.0 115.0 99.0 92.0 59.0 74.0 307.0 225.0 532.0
31105 陈令烨 98.0 99.0 133.0 71.0 59.0 74.0 330.0 204.0 534.0
31106 陈斯昂 92.0 144.0 138.5 84.0 93.0 90.0 374.5 267.0 641.5
31107 陈逸南 108.0 124.0 116.5 93.0 65.0 84.0 348.5 242.0 590.5
31108 陈逸天 99.0 93.0 109.5 81.0 64.0 78.0 301.5 223.0 524.5
31109 陈詠萩 105.0 115.0 117.5 80.0 74.0 85.0 337.5 239.0 576.5
31110 代桂敏 91.0 54.0 111.0 52.0 68.0 68.0 256.0 188.0 444.0
31111 方江鑫 114.0 126.0 118.5 79.0 77.0 81.0 358.5 237.0 595.5
31112 方武智 92.0 70.0 97.5 53.0 34.0 64.0 259.5 151.0 410.5
31113 高亦婷 104.0 109.0 124.5 66.0 49.0 65.0 337.5 180.0 517.5
31114 郭林凯 112.0 100.0 129.5 55.0 51.0 50.0 341.5 156.0 497.5
31116 黄腾 106.0 65.0 110.5 58.0 61.0 73.0 281.5 192.0 473.5
31117 黄钰涵 92.0 65.0 105.5 58.0 30.0 72.0 262.5 160.0 422.5
31118 黄仲铖 85.0 96.0 109.5 71.0 43.0 65.0 290.5 179.0 469.5
31119 蓝欣悦 108.0 55.0 122.5 67.0 65.0 65.0 285.5 197.0 482.5
31120 李琳纯 106.0 67.0 96.5 52.0 54.0 61.0 269.5 167.0 436.5
31121 李世濠 94.0 101.0 111.5 73.0 62.0 85.0 306.5 220.0 526.5
31122 李晓琳 112.0 103.0 118.0 71.0 83.0 76.0 333.0 230.0 563.0
31123 李旭纯 101.0 100.0 136.0 78.0 81.0 81.0 337.0 240.0 577.0
31124 林德明 103.0 100.0 110.0 87.0 74.0 89.0 313.0 250.0 563.0
31125 林介山 92.0 95.0 114.0 77.0 81.0 69.0 301.0 227.0 528.0
31126 林琳 83.0 90.0 108.5 58.0 57.0 49.0 281.5 164.0 445.5
31127 林南裕 105.0 99.0 128.0 75.0 72.0 66.0 332.0 213.0 545.0
31128 林烁 102.0 93.0 111.0 83.0 65.0 65.0 306.0 213.0 519.0
31129 林媛 105.0 88.0 98.5 75.0 66.0 74.0 291.5 215.0 506.5
31130 林泽豪 108.0 110.0 118.5 61.0 68.0 75.0 336.5 204.0 540.5
31132 卢楠 99.0 85.0 119.0 53.0 39.0 57.0 303.0 149.0 452.0
31133 罗世跃 91.0 82.0 111.0 54.0 55.0 55.0 284.0 164.0 448.0
31134 佘晓洁 107.0 45.0 121.5 52.0 46.0 75.0 273.5 173.0 446.5
31135 宋畅 104.0 103.0 121.5 80.0 54.0 85.0 328.5 219.0 547.5
31136 苏梓禄 82.0 45.0 72.5 52.0 35.0 56.0 199.5 143.0 342.5
31137 孙可欣 100.0 125.0 130.0 80.0 75.0 80.0 355.0 235.0 590.0
31138 王冬梅 101.0 98.0 114.0 70.0 91.0 90.0 313.0 251.0 564.0
31139 王睿琪 101.0 111.0 107.5 73.0 69.0 81.0 319.5 223.0 542.5
31140 王松波 105.0 117.0 126.0 80.0 74.0 84.0 348.0 238.0 586.0
31141 王宇涵 107.0 100.0 116.5 86.0 83.0 75.0 323.5 244.0 567.5
31142 翁锐鹏 94.0 70.0 88.0 63.0 58.0 43.0 252.0 164.0 416.0
31143 翁慎喆 91.0 91.0 114.0 72.0 54.0 76.0 296.0 202.0 498.0
31144 吴吉莉 88.0 64.0 123.0 66.0 44.0 74.0 275.0 184.0 459.0
31145 吴锦涛 0 53.0 86.5 43.0 42.0 56.0 0 141.0 0
31146 吴泽钟 113.0 105.0 103.5 61.0 54.0 70.0 321.5 185.0 506.5
31147 肖涵 0 91.0 107.5 65.0 51.0 81.0 0 197.0 0
31148 肖芷雅 100.0 100.0 124.5 77.0 65.0 71.0 324.5 213.0 537.5
31149 谢冬纯 103.0 126.0 123.0 82.0 66.0 84.0 352.0 232.0 584.0
31150 谢晴 98.0 81.0 120.0 69.0 68.0 72.0 299.0 209.0 508.0
31151 徐子东 99.0 85.0 119.5 97.0 91.0 78.0 303.5 266.0 569.5
31152 杨薇 108.0 110.0 117.5 89.0 88.0 80.0 335.5 257.0 592.5
31153 杨艺霞 109.0 131.0 130.0 90.0 65.0 83.0 370.0 238.0 608.0
31154 姚曙凯 108.0 84.0 98.5 69.0 82.0 66.0 290.5 217.0 507.5
31155 曾扬航 93.0 101.0 113.0 60.0 48.0 71.0 307.0 179.0 486.0
31156 张新阳 99.0 118.0 119.0 78.0 80.0 83.0 336.0 241.0 577.0
31157 郑长河 92.0 68.0 118.5 76.0 70.0 66.0 278.5 212.0 490.5
31158 郑力中 115.0 106.0 135.5 76.0 88.0 81.0 356.5 245.0 601.5
31159 郑润华 105.0 86.0 113.5 57.0 62.0 80.0 304.5 199.0 503.5
31160 郑逸锋 93.0 100.0 113.0 69.0 76.0 80.0 306.0 225.0 531.0
31161 周锦煜 101.0 85.0 113.5 61.0 57.0 53.0 299.5 171.0 470.5
31201 陈健颖 95.0 121.0 109.5 76.0 71.0 79.0 325.5 226.0 551.5
31202 陈楠弘 98.0 75.0 126.5 76.0 53.0 73.0 299.5 202.0 501.5
31203 陈祈丹 94.0 69.0 101.5 56.0 44.0 64.0 264.5 164.0 428.5
31204 陈舒颖 100.0 106.0 116.0 73.0 55.0 81.0 322.0 209.0 531.0
31205 陈晓婷 99.0 96.0 121.5 70.0 49.0 64.0 316.5 183.0 499.5
31206 陈雅昕 115.0 126.0 120.5 97.0 89.0 78.0 361.5 264.0 625.5
31207 陈逸泓 111.0 90.0 119.0 59.0 43.0 77.0 320.0 179.0 499.0
31208 陈裕渊 110.0 128.0 133.0 83.0 91.0 88.0 371.0 262.0 633.0
31209 程梓 92.0 61.0 111.0 69.0 35.0 51.0 264.0 155.0 419.0
31210 池霖锋 101.0 107.0 108.5 81.0 75.0 71.0 316.5 227.0 543.5
31211 高丹敏 103.0 89.0 113.5 64.0 71.0 63.0 305.5 198.0 503.5
31212 洪耿鑫 92.0 92.0 103.0 83.0 75.0 72.0 287.0 230.0 517.0
31213 洪泳琪 99.0 99.0 123.0 74.0 63.0 57.0 321.0 194.0 515.0
31214 黄骏涵 96.0 91.0 96.5 76.0 40.0 68.0 283.5 184.0 467.5
31215 黄丽楠 106.0 72.0 100.5 63.0 47.0 66.0 278.5 176.0 454.5
31216 黄绵煌 103.0 90.0 121.0 63.0 54.0 63.0 314.0 180.0 494.0
31217 黄曦宇 110.0 66.0 108.5 70.0 53.0 72.0 284.5 195.0 479.5
31218 李洁淳 100.0 72.0 115.5 67.0 44.0 66.0 287.5 177.0 464.5
31219 李晓波 100.0 81.0 100.5 76.0 74.0 57.0 281.5 207.0 488.5
31220 李育纯 109.0 100.0 113.5 73.0 74.0 78.0 322.5 225.0 547.5
31221 李云山 103.0 114.0 124.5 63.0 71.0 70.0 341.5 204.0 545.5
31222 林翰韬 92.0 83.0 123.0 66.0 52.0 68.0 298.0 186.0 484.0
31223 林靖 111.0 123.0 129.0 98.0 81.0 83.0 363.0 262.0 625.0
31224 林敏英 112.0 111.0 117.0 80.0 70.0 83.0 340.0 233.0 573.0
31225 林汪灏 93.0 68.0 101.0 70.0 68.0 62.0 262.0 200.0 462.0
31226 林晓仰 114.0 106.0 120.0 82.0 83.0 79.0 340.0 244.0 584.0
31227 刘陈婷 113.0 109.0 121.5 85.0 87.0 88.0 343.5 260.0 603.5
31228 刘淇文 96.0 71.0 112.5 73.0 34.0 67.0 279.5 174.0 453.5
31229 刘逸璋 106.0 82.0 125.5 67.0 73.0 70.0 313.5 210.0 523.5
31230 罗立扬 103.0 106.0 107.5 82.0 71.0 83.0 316.5 236.0 552.5
31231 马尚霖 103.0 63.0 109.0 69.0 59.0 54.0 275.0 182.0 457.0
31232 沈楠 105.0 88.0 117.0 73.0 68.0 76.0 310.0 217.0 527.0
31233 孙奇 105.0 130.0 129.0 96.0 89.0 83.0 364.0 268.0 632.0
31234 孙泽鑫 103.0 100.0 94.0 65.0 59.0 62.0 297.0 186.0 483.0
31235 王锴 107.0 111.0 106.5 69.0 75.0 83.0 324.5 227.0 551.5
31236 王婉仪 104.0 63.0 117.0 57.0 59.0 52.0 284.0 168.0 452.0
31237 王炜 101.0 117.0 117.0 87.0 83.0 86.0 335.0 256.0 591.0
31238 王志鹏 103.0 92.0 120.5 57.0 61.0 81.0 315.5 199.0 514.5
31239 王梓菁 96.0 98.0 120.0 75.0 75.0 92.0 314.0 242.0 556.0
31240 翁子腾 98.0 117.0 115.0 77.0 73.0 61.0 330.0 211.0 541.0
31241 吴宏振 104.0 94.0 114.5 66.0 51.0 63.0 312.5 180.0 492.5
31242 吴捷健 115.0 123.0 134.5 89.0 85.0 88.0 372.5 262.0 634.5
31243 吴晓杰 86.0 114.0 127.5 96.0 81.0 85.0 327.5 262.0 589.5
31244 肖扬秀 102.0 108.0 122.5 71.0 72.0 93.0 332.5 236.0 568.5
31245 谢艾津 101.0 89.0 108.0 60.0 47.0 68.0 298.0 175.0 473.0
31246 谢泽杰 114.0 96.0 111.5 65.0 59.0 80.0 321.5 204.0 525.5
31247 许涵英 98.0 119.0 120.0 80.0 74.0 70.0 337.0 224.0 561.0
31248 许佳森 91.0 86.0 66.0 61.0 60.0 67.0 243.0 188.0 431.0
31249 许桐辉 104.0 71.0 98.0 69.0 56.0 55.0 273.0 180.0 453.0
31250 杨时骅 97.0 63.0 110.5 49.0 45.0 51.0 270.5 145.0 415.5
31251 杨时颖 90.0 86.0 113.5 77.0 82.0 81.0 289.5 240.0 529.5
31252 余洢彤 111.0 79.0 113.0 62.0 66.0 59.0 303.0 187.0 490.0
31253 曾婵娟 104.0 123.0 137.0 71.0 69.0 79.0 364.0 219.0 583.0
31254 张漫卿 104.0 63.0 110.0 43.0 42.0 57.0 277.0 142.0 419.0
31255 张睿莹 109.0 115.0 111.5 65.0 78.0 74.0 335.5 217.0 552.5
31256 张艺涵 103.0 99.0 122.0 66.0 67.0 73.0 324.0 206.0 530.0
31257 郑思思 90.0 91.0 108.0 71.0 71.0 72.0 289.0 214.0 503.0
31258 郑希彦 95.0 89.0 118.5 60.0 63.0 66.0 302.5 189.0 491.5
31259 郑以豪 0 80.0 108.5 70.0 72.0 80.0 0 222.0 0
31260 周名弦 105.0 126.0 131.0 85.0 78.0 88.0 362.0 251.0 613.0
31261 朱源腾 84.0 95.0 108.0 65.0 47.0 75.0 287.0 187.0 474.0
31262 朱越 114.0 110.0 120.0 78.0 83.0 75.0 344.0 236.0 580.0
31301 蔡祎晖 101.0 90.0 109.0 72.0 47.0 62.0 300.0 181.0 481.0
31302 蔡永杰 91.0 84.0 103.0 57.0 65.0 70.0 278.0 192.0 470.0
31303 蔡泽莎 105.0 91.0 121.5 73.0 88.0 81.0 317.5 242.0 559.5
31304 蔡芝恬 113.0 101.0 116.0 62.0 73.0 89.0 330.0 224.0 554.0
31305 陈璐 102.0 74.0 122.0 74.0 51.0 72.0 298.0 197.0 495.0
31306 陈冉 92.0 111.0 126.0 74.0 58.0 78.0 329.0 210.0 539.0
31307 陈文博 101.0 123.0 114.5 95.0 75.0 78.0 338.5 248.0 586.5
31308 陈宇铭 102.0 106.0 123.5 71.0 86.0 78.0 331.5 235.0 566.5
31309 陈岳彬 106.0 73.0 117.5 64.0 45.0 73.0 296.5 182.0 478.5
31310 郭剑豪 111.0 98.0 117.5 85.0 76.0 78.0 326.5 239.0 565.5
31311 黄凯丽 101.0 101.0 121.5 69.0 53.0 73.0 323.5 195.0 518.5
31312 黄宇阳 110.0 110.0 131.5 90.0 83.0 73.0 351.5 246.0 597.5
31313 黄桢栩 105.0 94.0 119.5 66.0 60.0 76.0 318.5 202.0 520.5
31314 黄柱铭 85.0 72.0 101.0 76.0 68.0 73.0 258.0 217.0 475.0
31315 赖浩锋 101.0 116.0 125.5 82.0 88.0 80.0 342.5 250.0 592.5
31316 李斯涵 0 0 107.5 0 31.0 68.0 0 0 0
31317 林耿烨 95.0 91.0 126.0 68.0 66.0 66.0 312.0 200.0 512.0
31318 林炜钿 89.0 65.0 95.5 58.0 59.0 45.0 249.5 162.0 411.5
31319 林业渺 98.0 96.0 113.0 76.0 68.0 78.0 307.0 222.0 529.0
31320 林子棉 99.0 110.0 93.5 79.0 73.0 83.0 302.5 235.0 537.5
31321 刘佳彤 94.0 94.0 110.5 77.0 49.0 77.0 298.5 203.0 501.5
31322 刘珊 103.0 94.0 135.5 72.0 71.0 88.0 332.5 231.0 563.5
31323 陆齐 96.0 97.0 117.0 69.0 58.0 64.0 310.0 191.0 501.0
31324 马丹泓 88.0 0 95.5 0 66.0 74.0 0 0 0
31325 马伟根 94.0 119.0 100.5 87.0 73.0 74.0 313.5 234.0 547.5
31326 欧斐斐 114.0 106.0 130.0 65.0 80.0 77.0 350.0 222.0 572.0
31327 宋伊钿 89.0 69.0 120.0 67.0 40.0 70.0 278.0 177.0 455.0
31328 苏昉 98.0 89.0 116.0 81.0 73.0 69.0 303.0 223.0 526.0
31329 孙佳笙 98.0 109.0 120.5 61.0 85.0 76.0 327.5 222.0 549.5
31330 孙隽源 102.0 112.0 109.5 78.0 68.0 82.0 323.5 228.0 551.5
31331 吴国炀 93.0 84.0 112.5 80.0 70.0 81.0 289.5 231.0 520.5
31332 吴铭泓 97.0 95.0 119.0 84.0 70.0 80.0 311.0 234.0 545.0
31333 吴任诚 93.0 79.0 90.0 54.0 42.0 51.0 262.0 147.0 409.0
31334 吴之林 108.0 88.0 108.0 82.0 63.0 81.0 304.0 226.0 530.0
31335 肖林昕 91.0 34.0 112.0 65.0 26.0 60.0 237.0 151.0 388.0
31336 谢键焕 96.0 102.0 119.0 92.0 93.0 78.0 317.0 263.0 580.0
31337 谢向川 85.0 85.0 48.0 53.0 34.0 59.0 218.0 146.0 364.0
31338 徐略 106.0 43.0 100.0 43.0 44.0 33.0 249.0 120.0 369.0
31339 徐紫丹 101.0 104.0 107.5 64.0 86.0 62.0 312.5 212.0 524.5
31340 许锦涛 106.0 101.0 116.0 85.0 77.0 85.0 323.0 247.0 570.0
31341 许稚芝 102.0 77.0 121.0 74.0 49.0 61.0 300.0 184.0 484.0
31342 许宗蕾 88.0 87.0 99.5 63.0 54.0 66.0 274.5 183.0 457.5
31343 颜舒洁 91.0 43.0 117.0 63.0 24.0 60.0 251.0 147.0 398.0
31344 羊恩跃 86.0 115.0 95.0 82.0 75.0 82.0 296.0 239.0 535.0
31345 杨璐洁 108.0 85.0 126.5 68.0 79.0 81.0 319.5 228.0 547.5
31346 杨宓 102.0 117.0 122.5 69.0 63.0 84.0 341.5 216.0 557.5
31347 杨晓虹 105.0 84.0 119.5 67.0 62.0 75.0 308.5 204.0 512.5
31348 姚佳宜 100.0 104.0 122.5 69.0 59.0 70.0 326.5 198.0 524.5
31349 姚星宇 100.0 74.0 113.0 72.0 45.0 52.0 287.0 169.0 456.0
31350 姚映苗 114.0 91.0 127.5 72.0 70.0 77.0 332.5 219.0 551.5
31351 余嘉梓 104.0 93.0 110.5 68.0 57.0 65.0 307.5 190.0 497.5
31352 曾博宇 104.0 107.0 134.5 82.0 82.0 83.0 345.5 247.0 592.5
31353 曾海榕 89.0 25.0 120.0 49.0 36.0 51.0 234.0 136.0 370.0
31354 曾坚锐 100.0 102.0 108.5 63.0 73.0 70.0 310.5 206.0 516.5
31355 曾妍 101.0 78.0 105.5 70.0 48.0 76.0 284.5 194.0 478.5
31356 詹海鹏 94.0 140.0 107.0 87.0 78.0 73.0 341.0 238.0 579.0
31357 詹絮素 107.0 71.0 111.0 53.0 39.0 56.0 289.0 148.0 437.0
31358 张泽恩 100.0 94.0 114.0 69.0 67.0 64.0 308.0 200.0 508.0
31359 章智秋 102.0 127.0 121.0 82.0 85.0 77.0 350.0 244.0 594.0
31360 郑少锐 94.0 97.0 93.0 77.0 71.0 72.0 284.0 220.0 504.0
31361 郑泽明 103.0 112.0 110.5 82.0 73.0 74.0 325.5 229.0 554.5
31362 庄鸿鑫 93.0 116.0 129.5 82.0 55.0 83.0 338.5 220.0 558.5
31401 陈岱芃 122.0 74.0 138.5 61.0 76.0 75.0 334.5 212.0 546.5
31402 陈端华 96.0 86.0 122.5 72.0 65.0 74.0 304.5 211.0 515.5
31403 陈挥遒 96.0 65.0 103.0 59.0 52.0 68.0 264.0 179.0 443.0
31404 陈建诚 103.0 55.0 126.0 78.0 54.0 66.0 284.0 198.0 482.0
31405 陈沛峰 96.0 65.0 91.5 59.0 53.0 46.0 252.5 158.0 410.5
31406 陈芃 98.0 107.0 119.0 76.0 86.0 76.0 324.0 238.0 562.0
31407 陈铄霓 99.0 73.0 113.0 58.0 39.0 60.0 285.0 157.0 442.0
31408 陈奕希 95.0 92.0 126.5 64.0 63.0 58.0 313.5 185.0 498.5
31409 陈泽伟 98.0 94.0 105.0 65.0 64.0 78.0 297.0 207.0 504.0
31410 陈喆慧 108.0 98.0 99.0 52.0 55.0 79.0 305.0 186.0 491.0
31411 陈至渲 107.0 119.0 125.5 83.0 76.0 87.0 351.5 246.0 597.5
31412 陈佐治 102.0 133.0 129.5 70.0 78.0 82.0 364.5 230.0 594.5
31413 邓昱聪 109.0 79.0 102.0 75.0 65.0 71.0 290.0 211.0 501.0
31414 邓泽淳 91.0 82.0 109.0 61.0 60.0 59.0 282.0 180.0 462.0
31415 冯嘉俊 90.0 98.0 112.0 84.0 83.0 89.0 300.0 256.0 556.0
31416 龚泽颖 93.0 115.0 122.0 71.0 66.0 76.0 330.0 213.0 543.0
31417 郭冰桦 98.0 89.0 115.0 64.0 53.0 84.0 302.0 201.0 503.0
31418 黄恩童 96.0 118.0 111.0 89.0 69.0 82.0 325.0 240.0 565.0
31419 黄桂凤 104.0 103.0 100.0 68.0 49.0 67.0 307.0 184.0 491.0
31420 江锦虹 105.0 99.0 116.0 71.0 74.0 72.0 320.0 217.0 537.0
31421 李佳晟 112.0 89.0 122.5 65.0 81.0 84.0 323.5 230.0 553.5
31422 李楠 105.0 102.0 117.0 79.0 77.0 82.0 324.0 238.0 562.0
31423 李舒婷 108.0 86.0 123.0 58.0 67.0 78.0 317.0 203.0 520.0
31424 李易熹 101.0 108.0 126.5 82.0 72.0 70.0 335.5 224.0 559.5
31425 林泓 88.0 103.0 101.0 60.0 68.0 56.0 292.0 184.0 476.0
31426 林可依 107.0 123.0 124.5 66.0 42.0 65.0 354.5 173.0 527.5
31427 林珮汝 90.0 105.0 115.0 62.0 46.0 71.0 310.0 179.0 489.0
31428 林心玥 100.0 58.0 119.0 58.0 20.0 59.0 277.0 137.0 414.0
31429 刘硕霓 102.0 106.0 123.5 70.0 90.0 83.0 331.5 243.0 574.5
31430 刘易恺 98.0 134.0 108.5 94.0 83.0 78.0 340.5 255.0 595.5
31431 卢琳绵 108.0 81.0 110.0 58.0 68.0 69.0 299.0 195.0 494.0
31432 吕远东 94.0 95.0 108.5 82.0 66.0 67.0 297.5 215.0 512.5
31433 马旭民 99.0 115.0 112.5 80.0 68.0 76.0 326.5 224.0 550.5
31434 麦泽涵 106.0 102.0 126.5 69.0 65.0 82.0 334.5 216.0 550.5
31435 邱鸿鑫 102.0 99.0 111.0 75.0 61.0 72.0 312.0 208.0 520.0
31436 邱诗钿 92.0 78.0 93.0 53.0 44.0 67.0 263.0 164.0 427.0
31437 邱梓妍 106.0 106.0 118.5 85.0 60.0 72.0 330.5 217.0 547.5
31438 谭妍真 103.0 91.0 106.0 77.0 68.0 88.0 300.0 233.0 533.0
31439 王毓佳 101.0 86.0 101.0 67.0 32.0 77.0 288.0 176.0 464.0
31440 吴昊 100.0 64.0 132.0 58.0 45.0 63.0 296.0 166.0 462.0
31441 吴浩瀚 98.0 87.0 109.5 85.0 85.0 83.0 294.5 253.0 547.5
31442 吴彤君 103.0 90.0 125.5 86.0 84.0 68.0 318.5 238.0 556.5
31443 肖培亮 102.0 106.0 118.5 82.0 75.0 88.0 326.5 245.0 571.5
31444 谢碧瑶 90.0 0 104.5 71.0 75.0 86.0 0 232.0 0
31445 辛杨淳 109.0 109.0 112.5 65.0 45.0 72.0 330.5 182.0 512.5
31446 徐国玮 104.0 93.0 110.5 52.0 61.0 75.0 307.5 188.0 495.5
31447 徐铤 109.0 0 0 93.0 0 0 0 0 0
31448 许凯涵 94.0 91.0 125.0 56.0 54.0 59.0 310.0 169.0 479.0
31449 许正纲 101.0 101.0 86.5 67.0 82.0 75.0 288.5 224.0 512.5
31450 杨琳 91.0 83.0 97.0 62.0 65.0 74.0 271.0 201.0 472.0
31451 杨泽仪 104.0 61.0 111.5 70.0 76.0 81.0 276.5 227.0 503.5
31452 姚广濠 91.0 105.0 116.5 62.0 83.0 85.0 312.5 230.0 542.5
31453 叶济东 89.0 0 0 56.0 0 61.0 0 0 0
31454 叶洋 96.0 104.0 112.0 85.0 57.0 67.0 312.0 209.0 521.0
31455 余旭玮 91.0 87.0 132.0 66.0 47.0 65.0 310.0 178.0 488.0
31456 曾思沛 111.0 100.0 105.5 72.0 72.0 76.0 316.5 220.0 536.5
31457 张睿博 96.0 103.0 108.0 70.0 44.0 71.0 307.0 185.0 492.0
31458 章炫锐 108.0 108.0 118.5 71.0 70.0 81.0 334.5 222.0 556.5
31459 章梓烨 94.0 79.0 108.0 62.0 40.0 36.0 281.0 138.0 419.0
31460 郑康 94.0 99.0 111.5 74.0 83.0 69.0 304.5 226.0 530.5
31461 郑宇婷 103.0 85.0 114.0 59.0 37.0 72.0 302.0 168.0 470.0
31462 庄泽达 90.0 45.0 89.5 57.0 20.0 47.0 224.5 124.0 348.5
31501 蔡嘉煜 104.0 88.0 108.5 78.0 71.0 54.0 300.5 203.0 503.5
31502 陈力 93.0 89.0 99.5 64.0 79.0 51.0 281.5 194.0 475.5
31503 陈梦琪 113.0 131.0 128.0 90.0 83.0 84.0 372.0 257.0 629.0
31504 陈培铭 102.0 98.0 98.0 69.0 56.0 84.0 298.0 209.0 507.0
31505 陈佩恋 111.0 90.0 108.0 48.0 61.0 72.0 309.0 181.0 490.0
31506 陈斯哲 92.0 112.0 113.5 91.0 54.0 73.0 317.5 218.0 535.5
31507 陈文浩 96.0 102.0 110.0 88.0 64.0 78.0 308.0 230.0 538.0
31508 陈漪皓 94.0 97.0 107.0 49.0 48.0 39.0 298.0 136.0 434.0
31509 陈溢煌 92.0 119.0 94.5 87.0 82.0 68.0 305.5 237.0 542.5
31510 陈梓轩 101.0 77.0 109.5 58.0 53.0 54.0 287.5 165.0 452.5
31511 程晓婷 106.0 107.0 116.0 81.0 83.0 76.0 329.0 240.0 569.0
31512 杜浜弘 91.0 60.0 94.0 61.0 41.0 42.0 245.0 144.0 389.0
31513 杜佳锴 92.0 126.0 114.0 77.0 68.0 51.0 332.0 196.0 528.0
31514 方宇驰 101.0 78.0 106.0 59.0 57.0 72.0 285.0 188.0 473.0
31515 高越 108.0 133.0 115.5 81.0 76.0 71.0 356.5 228.0 584.5
31516 洪戈 104.0 102.0 126.5 56.0 71.0 67.0 332.5 194.0 526.5
31517 黄向鸿 119.0 120.0 131.0 89.0 82.0 90.0 370.0 261.0 631.0
31518 黄泽山 90.0 55.0 85.0 67.0 45.0 46.0 230.0 158.0 388.0
31519 黄梓彤 104.0 81.0 118.5 66.0 51.0 71.0 303.5 188.0 491.5
31520 柯金宏 98.0 128.0 131.0 80.0 88.0 76.0 357.0 244.0 601.0
31521 赖炜豪 99.0 96.0 119.0 73.0 73.0 85.0 314.0 231.0 545.0
31522 李涵 99.0 75.0 101.5 89.0 54.0 61.0 275.5 204.0 479.5
31523 李沐峻 90.0 108.0 88.0 71.0 56.0 69.0 286.0 196.0 482.0
31524 李润熹 95.0 109.0 115.0 72.0 67.0 73.0 319.0 212.0 531.0
31525 李舒婷 105.0 96.0 129.0 73.0 62.0 74.0 330.0 209.0 539.0
31526 李梓煌 90.0 73.0 114.0 64.0 68.0 67.0 277.0 199.0 476.0
31527 林钗 105.0 110.0 109.5 67.0 64.0 82.0 324.5 213.0 537.5
31528 林若欣 103.0 99.0 133.0 76.0 66.0 84.0 335.0 226.0 561.0
31529 林爽 98.0 73.0 128.0 73.0 63.0 85.0 299.0 221.0 520.0
31530 刘粉婷 109.0 130.0 122.5 86.0 73.0 77.0 361.5 236.0 597.5
31531 刘烨桦 97.0 79.0 117.0 52.0 58.0 70.0 293.0 180.0 473.0
31532 彭瀚锟 109.0 76.0 100.5 59.0 81.0 87.0 285.5 227.0 512.5
31533 邱霜晓 102.0 90.0 114.5 68.0 51.0 65.0 306.5 184.0 490.5
31534 沈晓琦 101.0 105.0 118.0 81.0 71.0 73.0 324.0 225.0 549.0
31535 王曙丹 94.0 70.0 117.5 72.0 52.0 61.0 281.5 185.0 466.5
31536 王泽翔 104.0 86.0 109.5 68.0 56.0 67.0 299.5 191.0 490.5
31537 翁梓洪 92.0 84.0 97.0 56.0 48.0 74.0 273.0 178.0 451.0
31538 吴林瀚 90.0 108.0 107.0 68.0 68.0 82.0 305.0 218.0 523.0
31539 夏梓斌 94.0 53.0 97.0 45.0 45.0 54.0 244.0 144.0 388.0
31540 谢梦霞 100.0 101.0 120.5 58.0 68.0 67.0 321.5 193.0 514.5
31541 谢泳凯 99.0 132.0 120.5 89.0 97.0 91.0 351.5 277.0 628.5
31542 谢植煌 97.0 87.0 86.5 64.0 61.0 74.0 270.5 199.0 469.5
31543 徐国瑞 91.0 106.0 111.5 58.0 74.0 80.0 308.5 212.0 520.5
31544 许欢 107.0 68.0 119.5 54.0 69.0 72.0 294.5 195.0 489.5
31545 许越 97.0 72.0 126.0 70.0 79.0 74.0 295.0 223.0 518.0
31546 杨小嬉 101.0 92.0 118.0 61.0 46.0 78.0 311.0 185.0 496.0
31547 杨铮楷 109.0 99.0 113.0 73.0 77.0 84.0 321.0 234.0 555.0
31548 姚喆仪 103.0 88.0 116.5 65.0 58.0 64.0 307.5 187.0 494.5
31549 袁若瑶 98.0 124.0 103.0 85.0 82.0 78.0 325.0 245.0 570.0
31550 曾少擎 92.0 101.0 119.0 69.0 75.0 74.0 312.0 218.0 530.0
31551 曾欣哲 110.0 107.0 117.5 82.0 74.0 75.0 334.5 231.0 565.5
31552 张志鹏 101.0 95.0 107.5 86.0 82.0 91.0 303.5 259.0 562.5
31553 赵晓冰 96.0 83.0 114.5 67.0 68.0 78.0 293.5 213.0 506.5
31554 郑帆 107.0 92.0 126.5 83.0 62.0 80.0 325.5 225.0 550.5
31555 郑杰 103.0 125.0 127.0 92.0 88.0 81.0 355.0 261.0 616.0
31556 郑婕 102.0 99.0 113.5 65.0 55.0 76.0 314.5 196.0 510.5
31557 郑钧璟 103.0 77.0 128.0 83.0 68.0 75.0 308.0 226.0 534.0
31558 郑丽璇 106.0 86.0 132.0 65.0 64.0 88.0 324.0 217.0 541.0
31559 郑婷芝 92.0 98.0 106.5 57.0 46.0 62.0 296.5 165.0 461.5
31560 郑鑫海 103.0 91.0 127.5 66.0 57.0 75.0 321.5 198.0 519.5
31561 周健驰 87.0 97.0 108.0 79.0 62.0 72.0 292.0 213.0 505.0
31562 邹丹纯 99.0 93.0 125.5 61.0 39.0 72.0 317.5 172.0 489.5
31601 蔡慈瀚 104.0 127.0 115.5 92.0 62.0 72.0 346.5 226.0 572.5
31602 蔡君悦 92.0 87.0 100.0 55.0 51.0 65.0 279.0 171.0 450.0
31603 陈东晗 108.0 94.0 128.0 83.0 71.0 67.0 330.0 221.0 551.0
31604 陈佳伶 100.0 111.0 113.5 74.0 69.0 72.0 324.5 215.0 539.5
31605 陈佳盈 103.0 112.0 114.5 78.0 78.0 75.0 329.5 231.0 560.5
31606 陈力 90.0 102.0 130.0 79.0 87.0 78.0 322.0 244.0 566.0
31607 陈敏儿 99.0 96.0 116.5 74.0 65.0 84.0 311.5 223.0 534.5
31608 陈派捷 95.0 124.0 110.0 80.0 67.0 58.0 329.0 205.0 534.0
31609 陈日 92.0 79.0 113.5 61.0 39.0 69.0 284.5 169.0 453.5
31610 陈逸镕 92.0 82.0 124.5 66.0 60.0 79.0 298.5 205.0 503.5
31611 陈莹 94.0 89.0 110.0 74.0 61.0 49.0 293.0 184.0 477.0
31612 陈滢 98.0 79.0 121.5 75.0 60.0 79.0 298.5 214.0 512.5
31613 陈梓鑫 106.0 68.0 117.5 68.0 52.0 82.0 291.5 202.0 493.5
31614 方浩锴 95.0 109.0 122.5 72.0 65.0 64.0 326.5 201.0 527.5
31615 黄谷 84.0 95.0 123.5 75.0 73.0 81.0 302.5 229.0 531.5
31616 黄浩扬 101.0 105.0 134.5 81.0 67.0 85.0 340.5 233.0 573.5
31617 黄锐敏 100.0 113.0 125.5 68.0 81.0 83.0 338.5 232.0 570.5
31618 黄少邑 96.0 118.0 114.0 65.0 70.0 76.0 328.0 211.0 539.0
31620 江佳仪 100.0 106.0 120.5 86.0 73.0 80.0 326.5 239.0 565.5
31621 李嘉鑫 98.0 74.0 101.5 60.0 58.0 66.0 273.5 184.0 457.5
31622 李琳丹 112.0 97.0 118.5 72.0 59.0 73.0 327.5 204.0 531.5
31623 李暄婷 99.0 69.0 99.5 49.0 48.0 59.0 267.5 156.0 423.5
31624 李奕 105.0 67.0 113.0 69.0 42.0 60.0 285.0 171.0 456.0
31625 廖骊涵 105.0 81.0 117.5 58.0 68.0 65.0 303.5 191.0 494.5
31626 廖澍镔 94.0 91.0 121.5 78.0 82.0 84.0 306.5 244.0 550.5
31627 林灿荣 109.0 109.0 119.0 74.0 51.0 76.0 337.0 201.0 538.0
31628 林冠之 97.0 98.0 122.0 82.0 79.0 78.0 317.0 239.0 556.0
31629 林楠 97.0 93.0 98.5 74.0 74.0 78.0 288.5 226.0 514.5
31630 林树红 99.0 90.0 112.0 50.0 49.0 75.0 301.0 174.0 475.0
31631 林仪 97.0 82.0 124.0 54.0 50.0 78.0 303.0 182.0 485.0
31632 林意 107.0 77.0 114.5 66.0 62.0 86.0 298.5 214.0 512.5
31633 刘思煌 95.0 103.0 110.5 98.0 83.0 85.0 308.5 266.0 574.5
31634 刘奕 101.0 96.0 118.5 75.0 72.0 82.0 315.5 229.0 544.5
31635 刘泽 98.0 67.0 72.5 68.0 61.0 68.0 237.5 197.0 434.5
31636 柳婷 104.0 122.0 117.0 91.0 86.0 88.0 343.0 265.0 608.0
31637 卢开书 98.0 103.0 125.5 68.0 73.0 74.0 326.5 215.0 541.5
31638 马润青 115.0 129.0 137.0 76.0 76.0 76.0 381.0 228.0 609.0
31639 彭灏 102.0 95.0 122.0 77.0 57.0 65.0 319.0 199.0 518.0
31640 孙熹珣 97.0 82.0 101.5 71.0 46.0 65.0 280.5 182.0 462.5
31641 孙烨 107.0 80.0 134.5 72.0 48.0 68.0 321.5 188.0 509.5
31642 王海槟 98.0 104.0 118.0 83.0 68.0 71.0 320.0 222.0 542.0
31643 王晓钟 93.0 119.0 128.5 90.0 72.0 84.0 340.5 246.0 586.5
31644 王雨青 96.0 104.0 111.0 77.0 83.0 72.0 311.0 232.0 543.0
31645 吴毅聪 90.0 62.0 110.0 55.0 33.0 68.0 262.0 156.0 418.0
31646 吴梓帆 106.0 110.0 130.0 80.0 79.0 83.0 346.0 242.0 588.0
31647 谢尘沐 114.0 71.0 119.0 58.0 68.0 81.0 304.0 207.0 511.0
31648 谢锦珮 107.0 88.0 121.0 52.0 65.0 67.0 316.0 184.0 500.0
31649 谢小雪 113.0 119.0 117.5 81.0 70.0 78.0 349.5 229.0 578.5
31650 谢奕纯 92.0 65.0 119.5 48.0 33.0 50.0 276.5 131.0 407.5
31651 杨涵 102.0 80.0 106.5 56.0 78.0 69.0 288.5 203.0 491.5
31652 姚采妮 98.0 63.0 106.0 62.0 38.0 62.0 267.0 162.0 429.0
31653 余泽泰 103.0 98.0 103.5 76.0 75.0 76.0 304.5 227.0 531.5
31654 张泽琳 105.0 123.0 130.5 76.0 88.0 81.0 358.5 245.0 603.5
31655 张泽宇 104.0 105.0 122.0 83.0 72.0 82.0 331.0 237.0 568.0
31656 章婉仪 79.0 104.0 133.0 72.0 65.0 72.0 316.0 209.0 525.0
31657 赵先铎 96.0 91.0 117.0 85.0 68.0 72.0 304.0 225.0 529.0
31658 郑涵禧 92.0 80.0 109.0 62.0 39.0 62.0 281.0 163.0 444.0
31659 郑林楷 88.0 117.0 115.0 95.0 88.0 73.0 320.0 256.0 576.0
31660 郑镇灏 91.0 98.0 102.5 72.0 47.0 53.0 291.5 172.0 463.5
31661 郑重 107.0 96.0 99.5 65.0 65.0 64.0 302.5 194.0 496.5
31662 朱俊宇 98.0 66.0 87.0 62.0 27.0 47.0 251.0 136.0 387.0
31663 庄声锐 85.0 76.0 103.0 67.0 39.0 43.0 264.0 149.0 413.0
31701 蔡金沛 83.0 115.0 108.0 67.0 70.0 64.0 306.0 201.0 507.0
31702 蔡俊峰 109.0 130.0 119.5 79.0 74.0 84.0 358.5 237.0 595.5
31703 曹宇韬 100.0 102.0 113.0 77.0 70.0 81.0 315.0 228.0 543.0
31704 陈大立 90.0 103.0 121.5 87.0 91.0 90.0 314.5 268.0 582.5
31705 陈浩杰 96.0 88.0 116.0 79.0 69.0 77.0 300.0 225.0 525.0
31706 陈沛润 101.0 104.0 123.0 75.0 68.0 74.0 328.0 217.0 545.0
31707 陈锐 97.0 119.0 114.0 75.0 80.0 81.0 330.0 236.0 566.0
31708 陈烁 88.0 112.0 96.0 77.0 68.0 78.0 296.0 223.0 519.0
31709 陈学诚 96.0 85.0 119.5 76.0 64.0 86.0 300.5 226.0 526.5
31710 陈韫颖 96.0 100.0 133.5 68.0 62.0 69.0 329.5 199.0 528.5
31711 陈泽鑫 90.0 94.0 96.5 75.0 62.0 63.0 280.5 200.0 480.5
31712 陈中一 106.0 103.0 120.5 71.0 84.0 75.0 329.5 230.0 559.5
31713 何伊慧 105.0 76.0 122.5 69.0 68.0 78.0 303.5 215.0 518.5
31714 侯思涵 110.0 84.0 122.0 68.0 59.0 83.0 316.0 210.0 526.0
31715 黄彬霆 102.0 91.0 96.0 63.0 77.0 76.0 289.0 216.0 505.0
31716 黄丹 70.0 17.0 85.0 25.0 22.0 0 172.0 0 0
31717 黄光炳 95.0 73.0 87.5 51.0 43.0 47.0 255.5 141.0 396.5
31718 黄慧敏 104.0 103.0 134.0 86.0 82.0 86.0 341.0 254.0 595.0
31719 黄思翰 103.0 110.0 123.0 91.0 89.0 81.0 336.0 261.0 597.0
31720 黄伟纯 105.0 104.0 108.5 58.0 66.0 82.0 317.5 206.0 523.5
31721 黄莹 100.0 87.0 108.0 72.0 57.0 72.0 295.0 201.0 496.0
31722 黄梓芸 95.0 68.0 104.5 57.0 25.0 56.0 267.5 138.0 405.5
31723 江相渝 94.0 91.0 96.5 51.0 52.0 64.0 281.5 167.0 448.5
31724 李洁瀚 102.0 114.0 116.0 71.0 70.0 74.0 332.0 215.0 547.0
31725 林仰 104.0 99.0 133.5 79.0 58.0 76.0 336.5 213.0 549.5
31726 林雍权 102.0 83.0 119.5 80.0 73.0 77.0 304.5 230.0 534.5
31727 刘嘉鑫 86.0 64.0 98.5 51.0 51.0 56.0 248.5 158.0 406.5
31728 卢荣泰 108.0 134.0 115.5 66.0 89.0 84.0 357.5 239.0 596.5
31729 卢仪蕊 105.0 102.0 120.0 63.0 51.0 73.0 327.0 187.0 514.0
31730 马学盈 103.0 97.0 121.5 70.0 77.0 72.0 321.5 219.0 540.5
31731 马直先 100.0 122.0 111.5 77.0 84.0 81.0 333.5 242.0 575.5
31732 麦博 100.0 121.0 126.5 86.0 75.0 88.0 347.5 249.0 596.5
31733 欧阳生 107.0 124.0 119.5 86.0 89.0 76.0 350.5 251.0 601.5
31734 彭琪 104.0 93.0 111.0 60.0 34.0 53.0 308.0 147.0 455.0
31735 佘晓环 0 85.0 116.0 64.0 60.0 56.0 0 180.0 0
31736 王基鸿 107.0 116.0 112.0 81.0 81.0 88.0 335.0 250.0 585.0
31737 王俊澎 110.0 81.0 119.0 84.0 73.0 82.0 310.0 239.0 549.0
31739 王钰 101.0 71.0 109.5 68.0 52.0 85.0 281.5 205.0 486.5
31740 王真子 101.0 85.0 116.5 70.0 64.0 70.0 302.5 204.0 506.5
31741 吴俊翰 108.0 110.0 121.5 74.0 81.0 80.0 339.5 235.0 574.5
31742 吴彤沛 93.0 58.0 115.0 59.0 84.0 75.0 266.0 218.0 484.0
31743 吴伟霞 107.0 105.0 115.0 72.0 60.0 87.0 327.0 219.0 546.0
31744 谢锶琦 94.0 97.0 122.0 75.0 85.0 70.0 313.0 230.0 543.0
31745 许锶妍 108.0 90.0 122.5 68.0 29.0 54.0 320.5 151.0 471.5
31746 许奕烁 97.0 74.0 90.0 40.0 50.0 60.0 261.0 150.0 411.0
31747 许哲浩 116.0 103.0 121.5 72.0 84.0 84.0 340.5 240.0 580.5
31748 杨铠翔 94.0 93.0 92.5 84.0 73.0 66.0 279.5 223.0 502.5
31749 杨腾 92.0 59.0 98.5 58.0 25.0 47.0 249.5 130.0 379.5
31750 姚佳妮 111.0 73.0 120.0 69.0 91.0 82.0 304.0 242.0 546.0
31751 张纯 94.0 91.0 112.5 66.0 64.0 72.0 297.5 202.0 499.5
31752 张锐翰 92.0 55.0 100.5 53.0 41.0 47.0 247.5 141.0 388.5
31753 张维 97.0 75.0 122.5 82.0 51.0 77.0 294.5 210.0 504.5
31754 张奕 97.0 77.0 111.5 48.0 31.0 52.0 285.5 131.0 416.5
31755 张翼 98.0 94.0 128.0 86.0 68.0 84.0 320.0 238.0 558.0
31756 章家竣 102.0 111.0 132.5 81.0 94.0 86.0 345.5 261.0 606.5
31757 郑慈香 106.0 96.0 118.0 66.0 62.0 86.0 320.0 214.0 534.0
31758 郑曼燕 101.0 95.0 123.5 60.0 79.0 77.0 319.5 216.0 535.5
31759 郑铭 95.0 85.0 127.0 70.0 45.0 59.0 307.0 174.0 481.0
31761 周锴捷 104.0 83.0 125.0 81.0 74.0 76.0 312.0 231.0 543.0
31762 庄本熙 96.0 112.0 94.5 63.0 78.0 66.0 302.5 207.0 509.5
31763 黄钰莹 100.0 63.0 116.0 68.0 49.0 79.0 279.0 196.0 475.0
31764 王宏 99.0 106.0 118.5 78.0 81.0 84.0 323.5 243.0 566.5
31801 陈鸿飞 95.0 87.0 100.5 75.0 57.0 76.0 282.5 208.0 490.5
31802 陈家思 87.0 106.0 90.0 74.0 85.0 85.0 283.0 244.0 527.0
31803 陈立芃 83.0 84.0 127.0 62.0 72.0 65.0 294.0 199.0 493.0
31805 陈润铎 102.0 89.0 116.0 63.0 44.0 45.0 307.0 152.0 459.0
31806 陈润楷 105.0 104.0 117.0 72.0 71.0 82.0 326.0 225.0 551.0
31807 陈鑫冰 99.0 87.0 110.5 68.0 54.0 71.0 296.5 193.0 489.5
31808 陈永佳 103.0 105.0 116.0 75.0 86.0 78.0 324.0 239.0 563.0
31809 陈元嘉 84.0 90.0 98.5 71.0 80.0 71.0 272.5 222.0 494.5
31810 冯钰冰 93.0 102.0 99.0 52.0 39.0 73.0 294.0 164.0 458.0
31811 何畅 101.0 79.0 91.0 55.0 26.0 45.0 271.0 126.0 397.0
31812 黄怀瑶 97.0 104.0 119.5 54.0 63.0 69.0 320.5 186.0 506.5
31813 黄凯鹏 88.0 58.0 102.5 57.0 47.0 73.0 248.5 177.0 425.5
31814 黄昕仪 107.0 130.0 141.0 91.0 81.0 85.0 378.0 257.0 635.0
31815 黄泽宇 103.0 99.0 102.5 56.0 59.0 77.0 304.5 192.0 496.5
31816 康思妹 107.0 85.0 96.0 52.0 70.0 78.0 288.0 200.0 488.0
31817 孔雪欣 109.0 78.0 112.5 58.0 62.0 59.0 299.5 179.0 478.5
31818 赖淑凌 94.0 84.0 107.0 63.0 46.0 60.0 285.0 169.0 454.0
31819 李俊 117.0 84.0 120.5 66.0 40.0 71.0 321.5 177.0 498.5
31820 李楠 96.0 74.0 112.5 62.0 58.0 70.0 282.5 190.0 472.5
31821 李蔚东 100.0 124.0 108.0 83.0 63.0 79.0 332.0 225.0 557.0
31822 李昕 95.0 122.0 97.0 81.0 75.0 75.0 314.0 231.0 545.0
31823 连泓杰 96.0 116.0 120.0 63.0 71.0 73.0 332.0 207.0 539.0
31824 林泓 100.0 87.0 98.0 54.0 67.0 62.0 285.0 183.0 468.0
31825 林培润 93.0 60.0 111.0 59.0 52.0 75.0 264.0 186.0 450.0
31826 林绮娜 111.0 108.0 116.0 80.0 93.0 83.0 335.0 256.0 591.0
31827 林昕 107.0 100.0 121.5 77.0 68.0 73.0 328.5 218.0 546.5
31828 林奕敏 99.0 109.0 118.0 59.0 68.0 76.0 326.0 203.0 529.0
31829 林泽辉 83.0 68.0 106.0 55.0 56.0 72.0 257.0 183.0 440.0
31830 林泽炜 97.0 99.0 106.5 74.0 90.0 76.0 302.5 240.0 542.5
31831 林增瑞 103.0 106.0 119.5 71.0 81.0 73.0 328.5 225.0 553.5
31832 刘丁玮 101.0 108.0 108.5 90.0 79.0 64.0 317.5 233.0 550.5
31833 卢呈焕 100.0 104.0 97.5 61.0 37.0 61.0 301.5 159.0 460.5
31834 卢智扬 97.0 85.0 112.0 63.0 68.0 62.0 294.0 193.0 487.0
31835 罗亿权 91.0 79.0 107.5 60.0 45.0 53.0 277.5 158.0 435.5
31836 邱乐思 107.0 105.0 119.5 77.0 75.0 85.0 331.5 237.0 568.5
31837 佘涵 103.0 118.0 116.0 58.0 67.0 76.0 337.0 201.0 538.0
31838 汤钰瑛 92.0 82.0 122.0 70.0 52.0 67.0 296.0 189.0 485.0
31839 王佩佩 110.0 124.0 112.5 87.0 55.0 72.0 346.5 214.0 560.5
31840 王思佳 102.0 111.0 127.5 91.0 65.0 87.0 340.5 243.0 583.5
31841 王晓泽 0 0 0 0 0 74.0 0 0 0
31842 王振东 104.0 124.0 126.5 88.0 63.0 83.0 354.5 234.0 588.5
31843 王子瑜 98.0 76.0 107.5 74.0 41.0 66.0 281.5 181.0 462.5
31844 吴绍邦 106.0 111.0 129.0 71.0 78.0 79.0 346.0 228.0 574.0
31845 吴水滇 93.0 100.0 120.5 70.0 38.0 56.0 313.5 164.0 477.5
31846 吴晓琪 96.0 106.0 116.5 66.0 76.0 65.0 318.5 207.0 525.5
31847 吴昕 90.0 93.0 123.5 85.0 44.0 70.0 306.5 199.0 505.5
31848 谢昱康 99.0 104.0 117.0 83.0 76.0 73.0 320.0 232.0 552.0
31849 姚少云 104.0 87.0 101.0 58.0 45.0 64.0 292.0 167.0 459.0
31850 余博浩 87.0 85.0 105.0 84.0 74.0 61.0 277.0 219.0 496.0
31851 曾泓燊 99.0 106.0 109.5 86.0 70.0 74.0 314.5 230.0 544.5
31852 曾佳泓 94.0 80.0 116.5 78.0 69.0 67.0 290.5 214.0 504.5
31854 曾宪瀚 92.0 80.0 80.0 71.0 58.0 69.0 252.0 198.0 450.0
31855 曾伊琳 98.0 110.0 108.0 75.0 48.0 47.0 316.0 170.0 486.0
31856 张随娜 106.0 107.0 110.5 53.0 65.0 72.0 323.5 190.0 513.5
31857 张育铭 87.0 97.0 123.5 67.0 57.0 70.0 307.5 194.0 501.5
31858 章滢蓥 110.0 126.0 116.5 70.0 78.0 75.0 352.5 223.0 575.5
31859 郑任翔 90.0 94.0 130.0 71.0 68.0 64.0 314.0 203.0 517.0
31860 郑子昂 102.0 52.0 114.5 72.0 48.0 57.0 268.5 177.0 445.5
31861 钟浩川 111.0 124.0 112.5 74.0 81.0 80.0 347.5 235.0 582.5
31862 周苑婷 100.0 118.0 125.5 96.0 80.0 88.0 343.5 264.0 607.5
31863 庄妍 98.0 93.0 131.5 63.0 83.0 74.0 322.5 220.0 542.5
31901 蔡育铮 103.0 121.0 130.5 92.0 84.0 85.0 354.5 261.0 615.5
31902 蔡卓颖 105.0 93.0 119.5 60.0 76.0 63.0 317.5 199.0 516.5
31903 陈功超 90.0 68.0 111.5 59.0 38.0 49.0 269.5 146.0 415.5
31904 陈浩宇 104.0 119.0 100.0 96.0 67.0 87.0 323.0 250.0 573.0
31905 陈红 93.0 88.0 123.5 61.0 74.0 80.0 304.5 215.0 519.5
31906 陈嘉杭 103.0 82.0 116.5 54.0 61.0 67.0 301.5 182.0 483.5
31907 陈锴灏 110.0 132.0 104.0 88.0 91.0 75.0 346.0 254.0 600.0
31908 陈孟耀 102.0 70.0 80.0 53.0 60.0 67.0 252.0 180.0 432.0
31909 陈伟杰 113.0 105.0 129.0 87.0 82.0 80.0 347.0 249.0 596.0
31910 陈宇霏 93.0 118.0 125.0 73.0 41.0 62.0 336.0 176.0 512.0
31911 陈卓妮 99.0 84.0 125.0 56.0 52.0 50.0 308.0 158.0 466.0
31912 杜振超 108.0 112.0 124.0 68.0 88.0 88.0 344.0 244.0 588.0
31913 方家颖 95.0 78.0 103.0 60.0 72.0 59.0 276.0 191.0 467.0
31914 郭佳鑫 102.0 129.0 116.5 92.0 90.0 89.0 347.5 271.0 618.5
31915 黄超铄 94.0 78.0 106.5 69.0 84.0 74.0 278.5 227.0 505.5
31916 黄海铭 90.0 88.0 97.0 60.0 52.0 74.0 275.0 186.0 461.0
31917 黄融杰 101.0 104.0 106.5 67.0 60.0 77.0 311.5 204.0 515.5
31919 黄馨梓 106.0 74.0 127.0 53.0 52.0 60.0 307.0 165.0 472.0
31921 纪沛桐 88.0 84.0 109.5 85.0 47.0 67.0 281.5 199.0 480.5
31922 李岱谚 113.0 122.0 129.5 96.0 95.0 92.0 364.5 283.0 647.5
31923 李光泽 92.0 75.0 99.0 49.0 56.0 71.0 266.0 176.0 442.0
31924 李鸿 99.0 103.0 113.0 85.0 75.0 78.0 315.0 238.0 553.0
31925 李林昕 98.0 90.0 127.5 78.0 62.0 84.0 315.5 224.0 539.5
31926 李欣然 105.0 84.0 121.0 59.0 47.0 81.0 310.0 187.0 497.0
31927 李鑫 97.0 85.0 113.0 44.0 40.0 60.0 295.0 144.0 439.0
31928 李彦腾 91.0 103.0 107.0 65.0 44.0 67.0 301.0 176.0 477.0
31929 林坚生 98.0 87.0 118.5 67.0 54.0 72.0 303.5 193.0 496.5
31930 林乐贤 109.0 116.0 119.0 89.0 79.0 80.0 344.0 248.0 592.0
31931 林萌子 103.0 105.0 122.0 72.0 88.0 87.0 330.0 247.0 577.0
31932 林银虹 109.0 106.0 126.0 73.0 51.0 74.0 341.0 198.0 539.0
31933 林岳青 98.0 108.0 129.0 70.0 79.0 79.0 335.0 228.0 563.0
31934 卢晓杰 110.0 109.0 120.0 77.0 89.0 75.0 339.0 241.0 580.0
31935 马思昀 103.0 84.0 115.5 56.0 75.0 76.0 302.5 207.0 509.5
31936 彭丽妹 101.0 80.0 110.0 42.0 67.0 75.0 291.0 184.0 475.0
31937 彭扬帆 104.0 104.0 116.0 80.0 90.0 73.0 324.0 243.0 567.0
31938 沈桂菱 101.0 107.0 89.0 75.0 58.0 85.0 297.0 218.0 515.0
31939 沈益聪 102.0 121.0 117.5 73.0 65.0 80.0 340.5 218.0 558.5
31940 苏思澄 98.0 112.0 99.0 80.0 83.0 85.0 309.0 248.0 557.0
31941 苏泽坤 82.0 111.0 79.0 68.0 68.0 70.0 272.0 206.0 478.0
31942 王璐 108.0 129.0 129.0 98.0 89.0 78.0 366.0 265.0 631.0
31943 王梓琦 90.0 94.0 103.5 89.0 70.0 64.0 287.5 223.0 510.5
31944 文渲 99.0 91.0 110.5 74.0 59.0 62.0 300.5 195.0 495.5
31945 翁涵 94.0 110.0 106.5 62.0 47.0 74.0 310.5 183.0 493.5
31946 吴虹燕 105.0 84.0 106.0 61.0 40.0 53.0 295.0 154.0 449.0
31947 吴佳銮 125.0 110.0 140.5 73.0 69.0 83.0 375.5 225.0 600.5
31948 吴怡玫 101.0 75.0 118.5 67.0 50.0 61.0 294.5 178.0 472.5
31949 谢罗瀚 85.0 71.0 89.5 69.0 41.0 64.0 245.5 174.0 419.5
31950 谢泽钊 81.0 112.0 101.5 79.0 69.0 69.0 294.5 217.0 511.5
31951 徐润峰 93.0 62.0 87.5 73.0 59.0 60.0 242.5 192.0 434.5
31952 许滨楠 106.0 102.0 128.0 89.0 54.0 65.0 336.0 208.0 544.0
31953 许玫 101.0 81.0 136.5 50.0 47.0 72.0 318.5 169.0 487.5
31954 许子源 101.0 85.0 100.5 60.0 30.0 58.0 286.5 148.0 434.5
31955 杨利秋 104.0 92.0 115.0 73.0 64.0 84.0 311.0 221.0 532.0
31956 余子涵 96.0 82.0 110.0 66.0 77.0 61.0 288.0 204.0 492.0
31957 曾奕楠 101.0 78.0 118.0 54.0 49.0 65.0 297.0 168.0 465.0
31958 张超逸 103.0 97.0 109.0 59.0 48.0 83.0 309.0 190.0 499.0
31959 张曼琪 106.0 86.0 104.5 61.0 53.0 78.0 296.5 192.0 488.5
31960 赵彦纯 103.0 98.0 118.0 63.0 77.0 79.0 319.0 219.0 538.0
31961 郑钧漾 81.0 86.0 110.5 59.0 56.0 71.0 277.5 186.0 463.5
31962 郑玮涛 100.0 98.0 121.5 82.0 79.0 80.0 319.5 241.0 560.5
31963 郑锨淇 99.0 100.0 126.5 72.0 62.0 74.0 325.5 208.0 533.5
31964 庄开翔 93.0 98.0 119.0 86.0 82.0 76.0 310.0 244.0 554.0
32001 蔡佳琪 99.0 68.0 112.0 66.0 46.0 65.0 279.0 177.0 456.0
32002 蔡淑玲 108.0 90.0 123.5 55.0 85.0 80.0 321.5 220.0 541.5
32003 蔡伟龙 95.0 120.0 114.5 76.0 71.0 69.0 329.5 216.0 545.5
32004 陈博涵 106.0 122.0 98.5 77.0 79.0 75.0 326.5 231.0 557.5
32005 陈畅洪 95.0 61.0 99.5 68.0 67.0 59.0 255.5 194.0 449.5
32006 陈润洋 109.0 110.0 110.0 71.0 79.0 73.0 329.0 223.0 552.0
32007 陈思桦 108.0 85.0 118.5 72.0 72.0 74.0 311.5 218.0 529.5
32008 陈雪仪 107.0 107.0 118.5 77.0 83.0 73.0 332.5 233.0 565.5
32009 洪奕祥 88.0 121.0 121.5 80.0 76.0 82.0 330.5 238.0 568.5
32010 胡期升 102.0 118.0 127.0 74.0 70.0 85.0 347.0 229.0 576.0
32011 黄斌伟 96.0 91.0 114.5 87.0 72.0 74.0 301.5 233.0 534.5
32012 黄洪雯 93.0 73.0 101.5 55.0 47.0 67.0 267.5 169.0 436.5
32013 黄敏华 107.0 82.0 111.0 63.0 62.0 60.0 300.0 185.0 485.0
32014 黄舜娴 101.0 115.0 113.0 77.0 56.0 80.0 329.0 213.0 542.0
32015 黄于峻 79.0 85.0 81.5 74.0 41.0 62.0 245.5 177.0 422.5
32016 纪梓荣 96.0 124.0 83.0 57.0 41.0 49.0 303.0 147.0 450.0
32017 李东烁 100.0 109.0 122.0 79.0 83.0 76.0 331.0 238.0 569.0
32018 李洁 109.0 122.0 135.5 85.0 76.0 85.0 366.5 246.0 612.5
32019 李易霖 97.0 58.0 109.0 79.0 51.0 64.0 264.0 194.0 458.0
32020 李治 101.0 105.0 116.5 100.0 78.0 87.0 322.5 265.0 587.5
32021 李卓明 89.0 135.0 118.0 82.0 87.0 83.0 342.0 252.0 594.0
32022 林佳煌 97.0 121.0 106.0 64.0 80.0 78.0 324.0 222.0 546.0
32023 林钦鸿 99.0 109.0 122.5 96.0 82.0 83.0 330.5 261.0 591.5
32024 林小琪 94.0 77.0 109.5 50.0 79.0 80.0 280.5 209.0 489.5
32025 林烨 95.0 76.0 123.5 69.0 78.0 71.0 294.5 218.0 512.5
32026 刘艾莉 108.0 126.0 130.0 85.0 80.0 85.0 364.0 250.0 614.0
32027 刘旭东 93.0 124.0 119.0 88.0 71.0 80.0 336.0 239.0 575.0
32028 刘依菁 98.0 119.0 102.5 84.0 66.0 65.0 319.5 215.0 534.5
32029 刘悦韵 106.0 116.0 134.0 70.0 70.0 78.0 356.0 218.0 574.0
32030 马洪量 96.0 78.0 125.5 73.0 63.0 73.0 299.5 209.0 508.5
32031 马茵茵 92.0 77.0 104.5 70.0 43.0 60.0 273.5 173.0 446.5
32032 潘莹涵 95.0 69.0 96.0 62.0 57.0 65.0 260.0 184.0 444.0
32033 沈敏勇 105.0 105.0 110.5 86.0 76.0 85.0 320.5 247.0 567.5
32034 沈晓燕 97.0 120.0 116.5 81.0 65.0 85.0 333.5 231.0 564.5
32035 苏诚章 105.0 109.0 124.5 77.0 75.0 81.0 338.5 233.0 571.5
32036 唐梦洋 91.0 58.0 84.0 48.0 24.0 58.0 233.0 130.0 363.0
32037 王灿杜 98.0 106.0 117.0 73.0 76.0 77.0 321.0 226.0 547.0
32038 王鸿吉 97.0 80.0 106.0 57.0 46.0 51.0 283.0 154.0 437.0
32039 王杰鑫 113.0 118.0 119.5 85.0 74.0 83.0 350.5 242.0 592.5
32040 王泽锴 99.0 90.0 103.5 67.0 54.0 51.0 292.5 172.0 464.5
32041 王子铟 105.0 120.0 129.5 86.0 64.0 79.0 354.5 229.0 583.5
32042 吴斯彤 105.0 74.0 111.0 53.0 69.0 69.0 290.0 191.0 481.0
32043 吴泽锐 115.0 110.0 134.5 92.0 81.0 71.0 359.5 244.0 603.5
32044 谢锦珊 113.0 103.0 113.5 68.0 73.0 85.0 329.5 226.0 555.5
32045 谢铠羽 83.0 74.0 105.0 60.0 50.0 54.0 262.0 164.0 426.0
32046 谢婉婷 97.0 83.0 121.5 60.0 65.0 62.0 301.5 187.0 488.5
32047 谢懿锐 95.0 99.0 108.0 88.0 62.0 82.0 302.0 232.0 534.0
32048 徐英芸 97.0 88.0 113.0 70.0 32.0 65.0 298.0 167.0 465.0
32049 许晓刚 97.0 94.0 116.0 66.0 58.0 63.0 307.0 187.0 494.0
32050 许永泓 108.0 119.0 127.0 87.0 86.0 84.0 354.0 257.0 611.0
32051 颜莞尔 103.0 78.0 116.5 71.0 60.0 83.0 297.5 214.0 511.5
32052 姚树耿 102.0 101.0 116.0 70.0 79.0 83.0 319.0 232.0 551.0
32053 姚悦扬 101.0 105.0 117.0 58.0 48.0 67.0 323.0 173.0 496.0
32055 詹金伟 93.0 76.0 103.5 70.0 59.0 57.0 272.5 186.0 458.5
32056 张皓洵 104.0 105.0 123.0 81.0 69.0 81.0 332.0 231.0 563.0
32057 张扬 102.0 104.0 107.5 74.0 72.0 64.0 313.5 210.0 523.5
32058 张奕欣 103.0 53.0 103.5 48.0 35.0 45.0 259.5 128.0 387.5
32059 郑铠 91.0 97.0 92.0 79.0 69.0 88.0 280.0 236.0 516.0
32060 郑哲然 94.0 106.0 118.5 57.0 71.0 78.0 318.5 206.0 524.5
32061 周泽妍 104.0 103.0 102.5 69.0 48.0 80.0 309.5 197.0 506.5
32062 周子毓 96.0 53.0 115.5 60.0 43.0 45.0 264.5 148.0 412.5
