30401 陈柏林 114.0 93.0 100.5 77.0 82.0 66.0 307.5 225.0 532.5
30402 陈东晓 110.0 55.0 103.5 77.0 74.0 45.0 268.5 196.0 464.5
30403 陈冬仪 121.0 101.0 99.5 48.0 72.0 63.0 321.5 183.0 504.5
30404 陈金洲 110.0 117.0 113.5 89.0 95.0 70.0 340.5 254.0 594.5
30405 陈淑妍 127.0 101.0 117.5 61.0 79.0 76.0 345.5 216.0 561.5
30406 胡楷宇 111.0 121.0 116.0 58.0 88.0 58.0 348.0 204.0 552.0
30407 胡昱 114.0 109.0 122.5 72.0 91.0 73.0 345.5 236.0 581.5
30408 黄艾琪 121.0 122.0 127.5 73.0 81.0 84.0 370.5 238.0 608.5
30409 黄狄林 119.0 118.0 123.0 60.0 82.0 66.0 360.0 208.0 568.0
30410 黄琳婷 116.0 108.0 119.0 48.0 67.0 67.0 343.0 182.0 525.0
30411 黄云进 112.0 65.0 119.5 72.0 85.0 71.0 296.5 228.0 524.5
30412 纪慧煊 110.0 113.0 105.5 76.0 87.0 69.0 328.5 232.0 560.5
30413 蓝玉奇 107.0 102.0 107.0 48.0 64.0 50.0 316.0 162.0 478.0
30414 李宏森 102.0 85.0 70.0 38.0 48.0 42.0 257.0 128.0 385.0
30415 李艺晴 115.0 116.0 121.0 68.0 86.0 76.0 352.0 230.0 582.0
30416 李兆捷 106.0 124.0 117.0 89.0 89.0 76.0 347.0 254.0 601.0
30417 林达 117.0 101.0 116.5 68.0 91.0 78.0 334.5 237.0 571.5
30418 林镜辉 103.0 102.0 116.0 64.0 84.0 56.0 321.0 204.0 525.0
30419 林永佳 94.0 86.0 109.0 48.0 69.0 47.0 289.0 164.0 453.0
30420 林昱霖 108.0 146.0 107.5 85.0 100.0 67.0 361.5 252.0 613.5
30421 林泽楷 101.0 99.0 103.0 60.0 51.0 71.0 303.0 182.0 485.0
30422 刘琳菲 120.0 123.0 116.0 65.0 74.0 71.0 359.0 210.0 569.0
30423 刘壮鸣 51.0 20.0 21.5 14.0 15.0 17.0 92.5 46.0 138.5
30424 卢涵 113.0 108.0 108.0 79.0 80.0 53.0 329.0 212.0 541.0
30425 卢昕玥 113.0 106.0 121.5 56.0 87.0 61.0 340.5 204.0 544.5
30426 卢彦宇 110.0 113.0 97.0 59.0 65.0 56.0 320.0 180.0 500.0
30427 罗亦宋 112.0 98.0 120.5 58.0 73.0 68.0 330.5 199.0 529.5
30428 麦扬 98.0 88.0 109.5 57.0 71.0 63.0 295.5 191.0 486.5
30429 邵彦程 94.0 74.0 88.5 24.0 65.0 48.0 256.5 137.0 393.5
30430 沈丹琼 113.0 124.0 118.0 84.0 93.0 78.0 355.0 255.0 610.0
30431 王磊 115.0 117.0 111.0 86.0 78.0 68.0 343.0 232.0 575.0
30432 王震霆 99.0 80.0 95.0 52.0 58.0 34.0 274.0 144.0 418.0
30433 韦昕澄 108.0 133.0 128.0 79.0 90.0 72.0 369.0 241.0 610.0
30434 魏桐曦 107.0 127.0 115.5 78.0 92.0 75.0 349.5 245.0 594.5
30435 翁铭捷 110.0 96.0 99.5 56.0 62.0 46.0 305.5 164.0 469.5
30436 吴洁兰 118.0 70.0 111.5 61.0 69.0 59.0 299.5 189.0 488.5
30437 吴婕洵 119.0 105.0 121.0 59.0 76.0 69.0 345.0 204.0 549.0
30438 吴郁楠 107.0 87.0 113.5 73.0 94.0 74.0 307.5 241.0 548.5
30439 吴泽峰 109.0 98.0 115.0 80.0 74.0 56.0 322.0 210.0 532.0
30440 吴植慧 108.0 68.0 104.0 42.0 60.0 53.0 280.0 155.0 435.0
30441 谢庆欣 90.0 87.0 118.5 61.0 61.0 44.0 295.5 166.0 461.5
30442 辛孜玫 117.0 111.0 100.5 60.0 73.0 53.0 328.5 186.0 514.5
30443 徐浩锴 103.0 102.0 110.0 76.0 80.0 60.0 315.0 216.0 531.0
30444 许可淳 127.0 125.0 128.5 88.0 98.0 87.0 380.5 273.0 653.5
30445 许林菁 100.0 78.0 103.0 61.0 76.0 56.0 281.0 193.0 474.0
30446 许统辉 112.0 85.0 95.0 61.0 89.0 54.0 292.0 204.0 496.0
30447 许旭东 131.0 110.0 135.5 64.0 85.0 68.0 376.5 217.0 593.5
30448 杨博锐 105.0 76.0 106.0 61.0 66.0 69.0 287.0 196.0 483.0
30449 杨乔 111.0 81.0 105.5 56.0 75.0 71.0 297.5 202.0 499.5
30450 杨宇镔 115.0 82.0 117.0 59.0 80.0 66.0 314.0 205.0 519.0
30451 杨芷涵 111.0 101.0 132.0 81.0 85.0 75.0 344.0 241.0 585.0
30452 姚楷炫 114.0 110.0 118.5 82.0 80.0 76.0 342.5 238.0 580.5
30453 张若涵 121.0 98.0 122.0 72.0 77.0 46.0 341.0 195.0 536.0
30454 张雪妍 122.0 87.0 104.5 71.0 71.0 59.0 313.5 201.0 514.5
30455 赵明明 109.0 84.0 132.0 64.0 76.0 67.0 325.0 207.0 532.0
30456 赵晓明 118.0 89.0 90.5 63.0 66.0 64.0 297.5 193.0 490.5
30457 郑沐林 118.0 126.0 138.5 87.0 96.0 68.0 382.5 251.0 633.5
30458 郑镛墉 110.0 100.0 98.5 43.0 74.0 56.0 308.5 173.0 481.5
30459 钟献彪 107.0 97.0 104.0 77.0 92.0 67.0 308.0 236.0 544.0
30460 周梓勃 102.0 113.0 122.0 74.0 91.0 59.0 337.0 224.0 561.0
30461 朱丹琪 112.0 86.0 118.0 67.0 66.0 64.0 316.0 197.0 513.0
30462 庄漪婷 105.0 83.0 115.0 74.0 64.0 47.0 303.0 185.0 488.0
30501 蔡苑虹 107.0 121.0 125.0 84.0 93.0 63.0 353.0 240.0 593.0
30502 陈福溢 113.0 111.0 129.0 72.0 86.0 71.0 353.0 229.0 582.0
30503 陈泓 95.0 69.0 122.0 61.0 63.0 38.0 286.0 162.0 448.0
30504 陈佳泓 121.0 125.0 129.0 59.0 92.0 75.0 375.0 226.0 601.0
30505 陈嘉胜 119.0 69.0 103.5 66.0 66.0 62.0 291.5 194.0 485.5
30506 陈丽娜 115.0 108.0 109.0 77.0 78.0 56.0 332.0 211.0 543.0
30507 陈沛震 101.0 103.0 102.0 75.0 74.0 62.0 306.0 211.0 517.0
30508 陈乔林 103.0 89.0 100.0 66.0 81.0 58.0 292.0 205.0 497.0
30509 陈疏桐 116.0 107.0 139.5 75.0 82.0 77.0 362.5 234.0 596.5
30510 陈欣洋 87.0 78.0 92.0 40.0 73.0 39.0 257.0 152.0 409.0
30511 陈雅琪 114.0 108.0 127.0 70.0 63.0 55.0 349.0 188.0 537.0
30512 陈一凡 100.0 117.0 89.0 84.0 86.0 80.0 306.0 250.0 556.0
30513 陈禹廷 113.0 96.0 124.5 76.0 76.0 57.0 333.5 209.0 542.5
30514 陈煜琳 118.0 120.0 122.5 66.0 86.0 77.0 360.5 229.0 589.5
30515 陈梓瀚 108.0 108.0 111.0 66.0 81.0 72.0 327.0 219.0 546.0
30517 陈梓宇 113.0 88.0 113.0 79.0 92.0 69.0 314.0 240.0 554.0
30518 方灿鸿 115.0 111.0 109.0 79.0 76.0 59.0 335.0 214.0 549.0
30519 郭梓淇 119.0 79.0 101.5 58.0 55.0 52.0 299.5 165.0 464.5
30520 黄泓鉴 121.0 114.0 123.0 86.0 91.0 73.0 358.0 250.0 608.0
30521 黄金涛 95.0 113.0 104.5 49.0 69.0 54.0 312.5 172.0 484.5
30522 黄式铨 108.0 113.0 109.0 71.0 87.0 71.0 330.0 229.0 559.0
30523 黄孜睿 96.0 104.0 111.0 66.0 86.0 62.0 311.0 214.0 525.0
30524 江卓聪 117.0 108.0 127.0 68.0 88.0 77.0 352.0 233.0 585.0
30525 李依璘 108.0 71.0 121.5 62.0 84.0 75.0 300.5 221.0 521.5
30526 李子聪 102.0 118.0 116.0 82.0 85.0 69.0 336.0 236.0 572.0
30527 林钡钡 114.0 120.0 117.5 70.0 91.0 69.0 351.5 230.0 581.5
30528 林洁萍 107.0 105.0 106.5 55.0 85.0 79.0 318.5 219.0 537.5
30529 林煜涛 88.0 108.0 103.5 84.0 85.0 72.0 299.5 241.0 540.5
30530 林泽滢 105.0 87.0 106.0 65.0 78.0 45.0 298.0 188.0 486.0
30531 刘榕飒 107.0 88.0 110.0 72.0 83.0 68.0 305.0 223.0 528.0
30532 陆凡冰 114.0 124.0 115.5 69.0 85.0 67.0 353.5 221.0 574.5
30533 马万里 92.0 100.0 97.5 77.0 84.0 47.0 289.5 208.0 497.5
30534 马伟涛 121.0 129.0 122.0 92.0 94.0 79.0 372.0 265.0 637.0
30535 潘俞霏 99.0 102.0 126.0 61.0 74.0 60.0 327.0 195.0 522.0
30536 沈哲沛 96.0 94.0 101.5 47.0 68.0 52.0 291.5 167.0 458.5
30537 孙玮 107.0 112.0 103.0 67.0 78.0 67.0 322.0 212.0 534.0
30538 王楠 112.0 80.0 125.0 60.0 65.0 62.0 317.0 187.0 504.0
30539 王天乐 103.0 110.0 99.0 66.0 58.0 60.0 312.0 184.0 496.0
30540 吴博 117.0 118.0 131.0 82.0 95.0 75.0 366.0 252.0 618.0
30541 吴佳芸 109.0 93.0 108.0 47.0 73.0 48.0 310.0 168.0 478.0
30542 吴淇升 96.0 95.0 113.0 55.0 73.0 58.0 304.0 186.0 490.0
30543 吴易达 102.0 101.0 106.0 66.0 78.0 60.0 309.0 204.0 513.0
30544 肖泽楷 114.0 86.0 113.5 65.0 77.0 66.0 313.5 208.0 521.5
30545 谢函瀚 110.0 103.0 112.5 68.0 73.0 56.0 325.5 197.0 522.5
30547 谢思婷 119.0 108.0 124.0 71.0 82.0 64.0 351.0 217.0 568.0
30548 谢育锋 110.0 115.0 110.0 81.0 87.0 64.0 335.0 232.0 567.0
30549 徐芷欣 108.0 106.0 128.5 62.0 76.0 67.0 342.5 205.0 547.5
30550 杨昕 119.0 115.0 115.5 52.0 79.0 77.0 349.5 208.0 557.5
30551 姚雪萍 114.0 94.0 111.0 61.0 68.0 61.0 319.0 190.0 509.0
30552 姚逸峰 121.0 113.0 100.5 66.0 72.0 71.0 334.5 209.0 543.5
30553 余泓涛 90.0 93.0 98.5 64.0 63.0 54.0 281.5 181.0 462.5
30554 余珮镕 117.0 114.0 118.0 62.0 77.0 65.0 349.0 204.0 553.0
30555 曾烁 100.0 97.0 100.5 57.0 71.0 60.0 297.5 188.0 485.5
30556 张基烨 91.0 67.0 108.0 65.0 82.0 50.0 266.0 197.0 463.0
30557 张锦河 111.0 121.0 94.0 92.0 85.0 68.0 326.0 245.0 571.0
30558 张子斌 112.0 110.0 118.0 67.0 88.0 65.0 340.0 220.0 560.0
30559 张宗泽 99.0 108.0 121.5 60.0 91.0 61.0 328.5 212.0 540.5
30560 郑涵 119.0 116.0 124.5 82.0 87.0 79.0 359.5 248.0 607.5
30562 钟婉灵 106.0 99.0 97.5 55.0 77.0 65.0 302.5 197.0 499.5
30563 周哲 92.0 124.0 118.0 86.0 96.0 52.0 334.0 234.0 568.0
30601 蔡楚怡 103.0 111.0 97.0 67.0 72.0 51.0 311.0 190.0 501.0
30602 蔡瀚锋 122.0 99.0 111.0 78.0 78.0 56.0 332.0 212.0 544.0
30603 蔡弋炀 112.0 115.0 114.0 84.0 85.0 71.0 341.0 240.0 581.0
30604 陈金涛 105.0 133.0 105.0 65.0 91.0 49.0 343.0 205.0 548.0
30605 陈谨 120.0 101.0 119.0 65.0 70.0 53.0 340.0 188.0 528.0
30606 陈庆 96.0 97.0 101.5 64.0 69.0 67.0 294.5 200.0 494.5
30607 陈帅琦 107.0 84.0 116.0 71.0 89.0 61.0 307.0 221.0 528.0
30608 陈锶涛 101.0 72.0 96.0 62.0 40.0 30.0 269.0 132.0 401.0
30609 陈雅文 122.0 116.0 130.0 65.0 77.0 66.0 368.0 208.0 576.0
30610 陈妍 106.0 98.0 111.0 67.0 83.0 43.0 315.0 193.0 508.0
30611 陈振霖 94.0 94.0 98.5 64.0 76.0 56.0 286.5 196.0 482.5
30612 陈震寅 104.0 125.0 101.0 81.0 90.0 74.0 330.0 245.0 575.0
30613 陈梓泓 96.0 106.0 103.5 64.0 86.0 68.0 305.5 218.0 523.5
30614 陈梓演 110.0 116.0 124.5 65.0 92.0 72.0 350.5 229.0 579.5
30615 戴德燊 110.0 114.0 84.5 70.0 87.0 76.0 308.5 233.0 541.5
30616 方家浩 93.0 89.0 91.5 41.0 74.0 58.0 273.5 173.0 446.5
30617 方玮绚 107.0 100.0 94.0 66.0 79.0 66.0 301.0 211.0 512.0
30618 方小涵 106.0 79.0 111.0 61.0 64.0 63.0 296.0 188.0 484.0
30619 方梓昊 106.0 81.0 86.0 49.0 67.0 55.0 273.0 171.0 444.0
30620 郭悦宁 101.0 88.0 104.5 58.0 44.0 43.0 293.5 145.0 438.5
30622 洪斯沛 105.0 98.0 125.5 45.0 82.0 67.0 328.5 194.0 522.5
30624 黄树炫 118.0 120.0 128.5 73.0 82.0 74.0 366.5 229.0 595.5
30625 黄晚至 106.0 110.0 116.0 58.0 57.0 54.0 332.0 169.0 501.0
30626 黄粤奇 108.0 86.0 109.0 52.0 80.0 71.0 303.0 203.0 506.0
30627 李传璞 111.0 116.0 118.5 70.0 86.0 66.0 345.5 222.0 567.5
30628 李科谋 117.0 89.0 126.0 65.0 93.0 68.0 332.0 226.0 558.0
30629 李婉宜 120.0 118.0 109.5 74.0 85.0 73.0 347.5 232.0 579.5
30630 李心彤 113.0 107.0 102.0 66.0 53.0 54.0 322.0 173.0 495.0
30631 梁婧 106.0 94.0 98.5 66.0 66.0 46.0 298.5 178.0 476.5
30632 林琦 124.0 124.0 107.5 87.0 80.0 75.0 355.5 242.0 597.5
30633 林润峰 104.0 60.0 110.0 69.0 66.0 49.0 274.0 184.0 458.0
30634 林烁 109.0 88.0 111.0 56.0 68.0 69.0 308.0 193.0 501.0
30635 林钰祺 113.0 105.0 113.0 69.0 65.0 63.0 331.0 197.0 528.0
30636 林泽聪 115.0 106.0 108.5 79.0 89.0 76.0 329.5 244.0 573.5
30637 林泽娜 115.0 99.0 123.0 57.0 63.0 67.0 337.0 187.0 524.0
30638 刘学智 107.0 120.0 119.5 68.0 82.0 69.0 346.5 219.0 565.5
30639 马思奇 112.0 0 0 0 0 0 0 0 0
30640 佘卓键 97.0 120.0 97.5 68.0 77.0 64.0 314.5 209.0 523.5
30641 沈畅泳 110.0 107.0 126.0 80.0 87.0 74.0 343.0 241.0 584.0
30642 汤庆琳 110.0 61.0 127.5 42.0 46.0 41.0 298.5 129.0 427.5
30643 王嘉如 117.0 103.0 110.0 75.0 64.0 62.0 330.0 201.0 531.0
30644 王琳 125.0 93.0 110.0 64.0 74.0 77.0 328.0 215.0 543.0
30645 王梓渲 111.0 108.0 116.5 72.0 94.0 78.0 335.5 244.0 579.5
30646 吴文澜 101.0 86.0 109.0 47.0 60.0 51.0 296.0 158.0 454.0
30647 吴妍 122.0 115.0 118.5 72.0 81.0 55.0 355.5 208.0 563.5
30648 许夏帆 107.0 124.0 128.0 65.0 85.0 71.0 359.0 221.0 580.0
30649 许烨琪 105.0 113.0 106.0 57.0 72.0 49.0 324.0 178.0 502.0
30650 杨金满 113.0 116.0 127.5 80.0 94.0 78.0 356.5 252.0 608.5
30651 杨壬 83.0 59.0 93.0 55.0 47.0 52.0 235.0 154.0 389.0
30653 蚁维聪 101.0 114.0 104.5 73.0 90.0 69.0 319.5 232.0 551.5
30654 余信荣 115.0 122.0 131.5 76.0 89.0 76.0 368.5 241.0 609.5
30655 喻子韬 107.0 101.0 109.5 60.0 80.0 69.0 317.5 209.0 526.5
30656 詹育东 112.0 115.0 106.5 80.0 82.0 72.0 333.5 234.0 567.5
30657 张棣炫 106.0 70.0 129.0 55.0 72.0 52.0 305.0 179.0 484.0
30658 张欣悦 101.0 103.0 117.5 72.0 70.0 68.0 321.5 210.0 531.5
30659 郑东能 112.0 101.0 87.5 85.0 85.0 68.0 300.5 238.0 538.5
30660 郑凯元 109.0 124.0 125.0 83.0 83.0 61.0 358.0 227.0 585.0
30661 郑泽楠 0 99.0 116.0 84.0 84.0 78.0 0 246.0 0
30662 钟贝琪 117.0 122.0 119.5 70.0 74.0 62.0 358.5 206.0 564.5
30663 周盈贝 101.0 83.0 111.0 61.0 81.0 70.0 295.0 212.0 507.0
30701 蔡博涵 104.0 110.0 100.0 62.0 71.0 58.0 314.0 191.0 505.0
30702 蔡琪 98.0 77.0 90.5 53.0 50.0 51.0 265.5 154.0 419.5
30703 蔡淑熙 116.0 90.0 116.5 75.0 80.0 63.0 322.5 218.0 540.5
30706 蔡之雅 113.0 107.0 116.0 67.0 73.0 67.0 336.0 207.0 543.0
30707 蔡至钿 116.0 100.0 103.0 62.0 74.0 59.0 319.0 195.0 514.0
30708 陈畅 109.0 93.0 105.5 54.0 68.0 58.0 307.5 180.0 487.5
30709 陈铎仑 118.0 130.0 130.0 79.0 89.0 71.0 378.0 239.0 617.0
30710 陈俊成 106.0 91.0 108.5 79.0 94.0 72.0 305.5 245.0 550.5
30711 陈思冰 92.0 98.0 110.5 48.0 79.0 59.0 300.5 186.0 486.5
30712 陈思桦 100.0 72.0 87.0 69.0 76.0 41.0 259.0 186.0 445.0
30713 陈武杰 100.0 109.0 110.5 55.0 71.0 48.0 319.5 174.0 493.5
30714 陈晓雯 122.0 117.0 138.0 59.0 80.0 78.0 377.0 217.0 594.0
30715 陈奕纯 111.0 88.0 117.0 52.0 78.0 66.0 316.0 196.0 512.0
30716 陈钟之 93.0 88.0 116.0 58.0 72.0 64.0 297.0 194.0 491.0
30717 陈梓博 111.0 119.0 115.0 68.0 88.0 73.0 345.0 229.0 574.0
30718 陈梓全 108.0 122.0 126.0 73.0 89.0 70.0 356.0 232.0 588.0
30719 丁烜 93.0 85.0 72.0 51.0 54.0 68.0 250.0 173.0 423.0
30720 杜昕 115.0 96.0 118.0 77.0 80.0 71.0 329.0 228.0 557.0
30721 杜展 111.0 133.0 122.5 94.0 87.0 87.0 366.5 268.0 634.5
30722 郭枫阳 132.0 0 118.5 0 96.0 0 0 0 0
30723 洪欣苑 107.0 85.0 111.5 51.0 58.0 49.0 303.5 158.0 461.5
30724 洪梓昂 110.0 109.0 124.5 79.0 89.0 69.0 343.5 237.0 580.5
30725 黄心婷 122.0 122.0 116.5 71.0 83.0 71.0 360.5 225.0 585.5
30726 黄芷琳 123.0 82.0 122.0 65.0 78.0 62.0 327.0 205.0 532.0
30727 李博恩 104.0 96.0 105.5 61.0 73.0 67.0 305.5 201.0 506.5
30728 李恺寰 103.0 77.0 125.0 78.0 73.0 72.0 305.0 223.0 528.0
30729 李沛熙 105.0 133.0 108.0 91.0 94.0 72.0 346.0 257.0 603.0
30730 李翊亨 115.0 102.0 102.5 74.0 87.0 65.0 319.5 226.0 545.5
30731 林宏杰 107.0 93.0 106.5 71.0 77.0 61.0 306.5 209.0 515.5
30732 林熙 114.0 78.0 99.5 49.0 71.0 59.0 291.5 179.0 470.5
30733 林映含 116.0 97.0 118.0 73.0 78.0 58.0 331.0 209.0 540.0
30734 林芸 111.0 95.0 100.5 69.0 86.0 64.0 306.5 219.0 525.5
30735 刘乐欣 124.0 114.0 119.0 72.0 81.0 70.0 357.0 223.0 580.0
30736 刘依雯 101.0 38.0 108.0 45.0 48.0 47.0 247.0 140.0 387.0
30737 刘雨奇 115.0 133.0 120.5 81.0 91.0 84.0 368.5 256.0 624.5
30738 刘子烁 110.0 52.0 108.5 42.0 72.0 63.0 270.5 177.0 447.5
30739 陆伟坤 108.0 102.0 100.5 67.0 83.0 63.0 310.5 213.0 523.5
30740 马学宽 91.0 107.0 115.0 55.0 78.0 57.0 313.0 190.0 503.0
30741 彭博澄 111.0 114.0 119.0 69.0 57.0 57.0 344.0 183.0 527.0
30742 邱可盈 110.0 96.0 113.0 63.0 70.0 69.0 319.0 202.0 521.0
30743 佘晓仪 113.0 86.0 102.0 53.0 58.0 53.0 301.0 164.0 465.0
30744 盛若岚 120.0 112.0 113.0 76.0 81.0 65.0 345.0 222.0 567.0
30745 苏烁航 96.0 102.0 87.0 78.0 84.0 54.0 285.0 216.0 501.0
30746 苏斯楠 97.0 98.0 97.5 74.0 61.0 65.0 292.5 200.0 492.5
30747 孙润楷 103.0 111.0 102.5 62.0 88.0 56.0 316.5 206.0 522.5
30748 吴佳生 121.0 129.0 119.5 75.0 90.0 70.0 369.5 235.0 604.5
30749 吴昕 124.0 90.0 119.0 65.0 70.0 59.0 333.0 194.0 527.0
30750 谢伟坤 103.0 103.0 108.5 61.0 75.0 61.0 314.5 197.0 511.5
30751 谢宗泰 100.0 82.0 119.5 77.0 72.0 61.0 301.5 210.0 511.5
30752 徐子媛 112.0 100.0 119.0 57.0 76.0 60.0 331.0 193.0 524.0
30753 许楷扬 116.0 112.0 109.0 69.0 74.0 63.0 337.0 206.0 543.0
30754 许艺瀛 114.0 107.0 127.0 74.0 82.0 67.0 348.0 223.0 571.0
30755 杨深林 125.0 100.0 94.0 68.0 83.0 78.0 319.0 229.0 548.0
30756 杨烨爽 99.0 113.0 118.0 86.0 91.0 69.0 330.0 246.0 576.0
30757 叶乐萱 127.0 139.0 137.5 74.0 100.0 87.0 403.5 261.0 664.5
30758 张睿 96.0 101.0 101.5 81.0 68.0 74.0 298.5 223.0 521.5
30759 张少伟 96.0 76.0 107.5 76.0 72.0 47.0 279.5 195.0 474.5
30760 张煜坚 88.0 99.0 124.0 49.0 64.0 50.0 311.0 163.0 474.0
30761 郑逸晖 112.0 128.0 136.0 78.0 90.0 66.0 376.0 234.0 610.0
30762 钟耿钦 96.0 124.0 109.0 64.0 83.0 62.0 329.0 209.0 538.0
30801 蔡筱蕊 113.0 105.0 109.5 78.0 82.0 62.0 327.5 222.0 549.5
30802 蔡奕桐 111.0 85.0 111.5 71.0 62.0 63.0 307.5 196.0 503.5
30803 蔡泽泓 108.0 105.0 102.5 74.0 74.0 67.0 315.5 215.0 530.5
30804 陈达可 117.0 113.0 125.5 81.0 88.0 76.0 355.5 245.0 600.5
30805 陈丹仪 118.0 126.0 120.5 77.0 93.0 79.0 364.5 249.0 613.5
30806 陈锴榆 110.0 72.0 104.0 73.0 86.0 52.0 286.0 211.0 497.0
30807 陈润慷 92.0 123.0 111.0 83.0 92.0 69.0 326.0 244.0 570.0
30808 陈淑芳 123.0 95.0 112.0 58.0 58.0 37.0 330.0 153.0 483.0
30809 陈彦宇 102.0 48.0 120.5 41.0 72.0 58.0 270.5 171.0 441.5
30810 陈钰琦 107.0 85.0 112.0 37.0 54.0 47.0 304.0 138.0 442.0
30811 陈志航 105.0 102.0 100.0 49.0 57.0 51.0 307.0 157.0 464.0
30812 单浩铭 102.0 106.0 111.5 63.0 69.0 52.0 319.5 184.0 503.5
30813 董煜然 94.0 99.0 102.0 84.0 73.0 53.0 295.0 210.0 505.0
30814 杜庚育 122.0 115.0 127.0 80.0 97.0 76.0 364.0 253.0 617.0
30816 方殷锴 119.0 115.0 130.5 73.0 92.0 71.0 364.5 236.0 600.5
30817 葛颖 113.0 107.0 103.5 62.0 60.0 68.0 323.5 190.0 513.5
30818 郭粉红 119.0 97.0 113.5 57.0 69.0 66.0 329.5 192.0 521.5
30819 郭景瀚 108.0 79.0 117.5 63.0 65.0 54.0 304.5 182.0 486.5
30820 洪立强 111.0 79.0 111.0 58.0 76.0 54.0 301.0 188.0 489.0
30821 洪少锐 105.0 119.0 105.0 66.0 85.0 68.0 329.0 219.0 548.0
30822 黄端 108.0 113.0 93.5 86.0 97.0 78.0 314.5 261.0 575.5
30823 黄丰 101.0 87.0 111.5 62.0 69.0 52.0 299.5 183.0 482.5
30824 黄俊斐 102.0 106.0 110.5 82.0 91.0 68.0 318.5 241.0 559.5
30825 黄可欣 111.0 130.0 125.0 65.0 92.0 71.0 366.0 228.0 594.0
30826 金泽薰 115.0 103.0 120.5 80.0 93.0 77.0 338.5 250.0 588.5
30827 蓝旸 115.0 98.0 118.5 44.0 63.0 53.0 331.5 160.0 491.5
30828 林炳丽 124.0 120.0 127.5 89.0 95.0 78.0 371.5 262.0 633.5
30829 林栾荀 118.0 112.0 118.5 76.0 68.0 71.0 348.5 215.0 563.5
30830 林若彤 118.0 87.0 110.0 71.0 61.0 55.0 315.0 187.0 502.0
30831 林晓纯 119.0 108.0 127.5 51.0 90.0 57.0 354.5 198.0 552.5
30832 林钇 111.0 116.0 114.0 76.0 88.0 75.0 341.0 239.0 580.0
30833 林毓莹 109.0 101.0 120.5 65.0 61.0 61.0 330.5 187.0 517.5
30835 刘尔嘉 112.0 105.0 127.0 80.0 80.0 71.0 344.0 231.0 575.0
30836 马旭宁 115.0 112.0 106.5 64.0 69.0 66.0 333.5 199.0 532.5
30837 彭诗妍 106.0 78.0 97.5 52.0 64.0 54.0 281.5 170.0 451.5
30838 宋洁榕 105.0 111.0 113.0 64.0 70.0 72.0 329.0 206.0 535.0
30839 王绿蔚 116.0 114.0 112.0 53.0 81.0 79.0 342.0 213.0 555.0
30840 王维佳 98.0 91.0 101.0 47.0 57.0 49.0 290.0 153.0 443.0
30841 王知往 102.0 83.0 117.5 69.0 90.0 64.0 302.5 223.0 525.5
30842 王志扬 110.0 121.0 103.5 62.0 87.0 72.0 334.5 221.0 555.5
30843 温一海 118.0 49.0 118.5 56.0 69.0 63.0 285.5 188.0 473.5
30844 吴丹妮 100.0 82.0 111.5 53.0 61.0 60.0 293.5 174.0 467.5
30845 吴赋 106.0 126.0 124.0 76.0 92.0 68.0 356.0 236.0 592.0
30846 吴润铭 99.0 69.0 107.0 50.0 70.0 49.0 275.0 169.0 444.0
30847 吴夏韵 86.0 99.0 96.5 65.0 71.0 52.0 281.5 188.0 469.5
30848 辛铄浩 100.0 119.0 114.0 75.0 80.0 59.0 333.0 214.0 547.0
30849 杨婷婷 103.0 76.0 110.5 39.0 57.0 55.0 289.5 151.0 440.5
30850 曾宇丹 114.0 129.0 127.0 77.0 94.0 75.0 370.0 246.0 616.0
30851 曾宇煌 105.0 94.0 111.5 69.0 61.0 41.0 310.5 171.0 481.5
30852 张晓斐 106.0 89.0 111.5 60.0 70.0 52.0 306.5 182.0 488.5
30853 张梓涵 104.0 107.0 125.0 58.0 93.0 64.0 336.0 215.0 551.0
30854 郑聪 106.0 113.0 114.0 76.0 90.0 54.0 333.0 220.0 553.0
30855 郑岱锋 99.0 76.0 99.5 48.0 61.0 57.0 274.5 166.0 440.5
30856 郑楷融 88.0 48.0 105.0 62.0 67.0 47.0 241.0 176.0 417.0
30857 郑欣琳 101.0 116.0 126.0 62.0 71.0 62.0 343.0 195.0 538.0
30858 郑宇平 108.0 108.0 109.5 80.0 63.0 58.0 325.5 201.0 526.5
30859 周弋钿 118.0 112.0 134.0 74.0 93.0 77.0 364.0 244.0 608.0
30861 庄先正 106.0 87.0 86.0 50.0 77.0 54.0 279.0 181.0 460.0
30862 邹彤彤 105.0 110.0 106.5 44.0 73.0 64.0 321.5 181.0 502.5
30901 蔡仰涵 123.0 113.0 112.5 81.0 98.0 81.0 348.5 260.0 608.5
30902 陈玳翊 98.0 104.0 108.5 69.0 71.0 61.0 310.5 201.0 511.5
30903 陈方梓淳 116.0 87.0 118.5 59.0 76.0 69.0 321.5 204.0 525.5
30904 陈俊锴 107.0 92.0 118.5 63.0 77.0 60.0 317.5 200.0 517.5
30905 陈铿 109.0 93.0 114.5 66.0 75.0 52.0 316.5 193.0 509.5
30906 陈琳 118.0 99.0 111.0 63.0 72.0 55.0 328.0 190.0 518.0
30907 陈淼泓 109.0 96.0 111.5 67.0 54.0 63.0 316.5 184.0 500.5
30908 陈诺 124.0 129.0 108.5 66.0 92.0 82.0 361.5 240.0 601.5
30909 陈申 120.0 102.0 122.0 73.0 95.0 70.0 344.0 238.0 582.0
30910 陈曦芃 110.0 88.0 107.0 44.0 67.0 62.0 305.0 173.0 478.0
30911 陈逸挺 87.0 76.0 98.5 60.0 52.0 48.0 261.5 160.0 421.5
30912 陈钰媛 109.0 105.0 108.5 64.0 82.0 64.0 322.5 210.0 532.5
30913 陈裕 100.0 98.0 114.0 59.0 87.0 52.0 312.0 198.0 510.0
30914 陈钊燚 106.0 106.0 99.0 79.0 67.0 72.0 311.0 218.0 529.0
30915 丁琪瑄 115.0 98.0 119.5 88.0 77.0 58.0 332.5 223.0 555.5
30916 丁泽晟 112.0 124.0 105.5 79.0 77.0 61.0 341.5 217.0 558.5
30917 董信步 105.0 94.0 112.5 71.0 67.0 67.0 311.5 205.0 516.5
30918 郭婉祺 106.0 127.0 131.0 59.0 87.0 69.0 364.0 215.0 579.0
30919 郭潇凯 110.0 107.0 114.0 71.0 77.0 71.0 331.0 219.0 550.0
30920 洪愿足 113.0 115.0 115.5 85.0 76.0 76.0 343.5 237.0 580.5
30921 黄川 110.0 118.0 114.5 68.0 82.0 61.0 342.5 211.0 553.5
30922 黄建凱 104.0 37.0 90.5 0 60.0 48.0 231.5 0 0
30923 黄晓彤 85.0 42.0 85.5 38.0 40.0 43.0 212.5 121.0 333.5
30924 黄泽钦 112.0 131.0 119.5 85.0 94.0 72.0 362.5 251.0 613.5
30925 黄梓媛 105.0 79.0 119.5 54.0 79.0 75.0 303.5 208.0 511.5
30926 蓝菁 121.0 94.0 116.0 66.0 76.0 58.0 331.0 200.0 531.0
30927 李金洺 105.0 90.0 93.0 38.0 33.0 56.0 288.0 127.0 415.0
30928 李乐浩 98.0 98.0 117.0 69.0 66.0 57.0 313.0 192.0 505.0
30929 李泽銮 111.0 96.0 106.5 51.0 90.0 72.0 313.5 213.0 526.5
30930 林翰 78.0 98.0 103.0 78.0 82.0 60.0 279.0 220.0 499.0
30931 林洁娜 117.0 105.0 120.0 76.0 98.0 63.0 342.0 237.0 579.0
30932 林锦燕 120.0 119.0 121.5 79.0 91.0 82.0 360.5 252.0 612.5
30933 林仕居 105.0 131.0 131.0 81.0 84.0 63.0 367.0 228.0 595.0
30934 林铄浩 102.0 85.0 97.5 71.0 78.0 64.0 284.5 213.0 497.5
30935 林晓琪 115.0 112.0 111.5 66.0 79.0 76.0 338.5 221.0 559.5
30936 林依洁 120.0 88.0 122.5 64.0 84.0 68.0 330.5 216.0 546.5
30937 刘泳钊 107.0 82.0 104.5 77.0 77.0 59.0 293.5 213.0 506.5
30938 罗泽鑫 104.0 129.0 117.5 86.0 98.0 71.0 350.5 255.0 605.5
30939 欧阳苇航 105.0 111.0 117.0 93.0 96.0 66.0 333.0 255.0 588.0
30940 潘沛 106.0 92.0 119.0 62.0 75.0 52.0 317.0 189.0 506.0
30941 邱子涵 120.0 108.0 124.5 78.0 89.0 76.0 352.5 243.0 595.5
30942 芮滢 100.0 111.0 125.0 68.0 83.0 80.0 336.0 231.0 567.0
30943 沈子钦 104.0 108.0 116.0 70.0 81.0 63.0 328.0 214.0 542.0
30944 王逸楠 107.0 98.0 115.5 63.0 77.0 59.0 320.5 199.0 519.5
30945 王梓宜 104.0 76.0 92.5 74.0 76.0 55.0 272.5 205.0 477.5
30946 吴佳锡 103.0 94.0 96.5 61.0 85.0 62.0 293.5 208.0 501.5
30947 吴奕艾 100.0 104.0 81.5 53.0 83.0 72.0 285.5 208.0 493.5
30948 吴逸慈 106.0 84.0 123.0 76.0 90.0 72.0 313.0 238.0 551.0
30949 徐仰男 96.0 83.0 115.5 84.0 80.0 70.0 294.5 234.0 528.5
30950 杨亦茜 121.0 119.0 119.5 86.0 81.0 71.0 359.5 238.0 597.5
30951 姚炜琳 111.0 92.0 86.0 56.0 65.0 47.0 289.0 168.0 457.0
30952 余烁 114.0 124.0 112.5 71.0 87.0 67.0 350.5 225.0 575.5
30953 袁一欣 104.0 104.0 114.5 63.0 86.0 59.0 322.5 208.0 530.5
30954 曾慧宾 117.0 113.0 101.5 68.0 79.0 62.0 331.5 209.0 540.5
30955 张涵 120.0 138.0 128.0 85.0 82.0 75.0 386.0 242.0 628.0
30956 张禾 120.0 112.0 107.5 67.0 85.0 65.0 339.5 217.0 556.5
30957 郑瑞锐 111.0 124.0 125.0 83.0 90.0 78.0 360.0 251.0 611.0
30958 郑闻铎 85.0 113.0 89.5 76.0 83.0 48.0 287.5 207.0 494.5
30959 郑勋 108.0 111.0 120.5 71.0 79.0 53.0 339.5 203.0 542.5
30960 郑哲 112.0 0 92.0 62.0 63.0 0 0 0 0
30961 朱海平 103.0 59.0 125.0 55.0 65.0 59.0 287.0 179.0 466.0
30962 庄瑞临 117.0 104.0 123.0 75.0 68.0 53.0 344.0 196.0 540.0
31001 蔡凡 110.0 116.0 106.0 71.0 85.0 64.0 332.0 220.0 552.0
31002 蔡若珂 106.0 97.0 116.5 61.0 80.0 66.0 319.5 207.0 526.5
31003 蔡晓霓 107.0 85.0 100.5 44.0 77.0 60.0 292.5 181.0 473.5
31004 蔡周峰 99.0 117.0 117.5 70.0 78.0 67.0 333.5 215.0 548.5
31005 陈蓓蓓 117.0 95.0 101.5 54.0 78.0 52.0 313.5 184.0 497.5
31006 陈钧哲 108.0 134.0 112.5 68.0 89.0 69.0 354.5 226.0 580.5
31007 陈树煜 109.0 83.0 72.5 75.0 75.0 64.0 264.5 214.0 478.5
31008 陈泰霖 113.0 111.0 108.0 51.0 76.0 67.0 332.0 194.0 526.0
31009 陈童菲 117.0 118.0 111.0 78.0 80.0 65.0 346.0 223.0 569.0
31010 陈泽锋 0 75.0 105.5 65.0 97.0 57.0 0 219.0 0
31011 陈泽锐 112.0 99.0 107.5 59.0 80.0 55.0 318.5 194.0 512.5
31012 池逸和 120.0 113.0 134.0 85.0 92.0 60.0 367.0 237.0 604.0
31013 杜鑫 124.0 121.0 126.5 63.0 97.0 77.0 371.5 237.0 608.5
31014 范冬倪 122.0 96.0 101.0 64.0 75.0 60.0 319.0 199.0 518.0
31015 房瑜仪 111.0 138.0 110.0 94.0 88.0 73.0 359.0 255.0 614.0
31016 高帅博 114.0 104.0 105.5 65.0 92.0 58.0 323.5 215.0 538.5
31017 黄钿津 83.0 94.0 90.0 61.0 47.0 27.0 267.0 135.0 402.0
31018 黄兰馨 116.0 95.0 119.5 55.0 66.0 58.0 330.5 179.0 509.5
31019 黄立涵 105.0 108.0 119.0 66.0 66.0 62.0 332.0 194.0 526.0
31020 黄泽瀚 103.0 127.0 132.0 87.0 90.0 63.0 362.0 240.0 602.0
31021 纪南帆 96.0 92.0 91.5 65.0 66.0 49.0 279.5 180.0 459.5
31022 纪欣格 112.0 110.0 117.0 66.0 77.0 51.0 339.0 194.0 533.0
31023 金敏桦 123.0 99.0 115.5 76.0 88.0 71.0 337.5 235.0 572.5
31024 李嘉桦 100.0 110.0 106.5 70.0 77.0 58.0 316.5 205.0 521.5
31025 李芷佳 113.0 85.0 114.0 65.0 65.0 61.0 312.0 191.0 503.0
31026 林翠环 101.0 112.0 121.0 70.0 86.0 63.0 334.0 219.0 553.0
31027 林丹娜 98.0 109.0 103.5 62.0 77.0 73.0 310.5 212.0 522.5
31028 林婷婷 124.0 111.0 101.0 57.0 68.0 75.0 336.0 200.0 536.0
31029 林钰 109.0 116.0 128.5 70.0 73.0 65.0 353.5 208.0 561.5
31030 林展锋 105.0 100.0 102.0 68.0 78.0 67.0 307.0 213.0 520.0
31031 林子潼 103.0 120.0 123.5 75.0 89.0 85.0 346.5 249.0 595.5
31032 刘派佳 98.0 78.0 107.5 71.0 82.0 62.0 283.5 215.0 498.5
31033 陆天宇 108.0 95.0 102.0 67.0 64.0 51.0 305.0 182.0 487.0
31034 马殊 123.0 111.0 121.5 63.0 88.0 66.0 355.5 217.0 572.5
31035 邱驰 107.0 134.0 119.0 91.0 85.0 65.0 360.0 241.0 601.0
31036 邱煜群 97.0 118.0 105.0 80.0 93.0 73.0 320.0 246.0 566.0
31037 王昊东 97.0 121.0 87.5 78.0 69.0 47.0 305.5 194.0 499.5
31038 王新荣 124.0 130.0 128.5 94.0 91.0 78.0 382.5 263.0 645.5
31039 王岳 97.0 116.0 97.5 62.0 60.0 63.0 310.5 185.0 495.5
31040 王芸 97.0 100.0 96.5 47.0 69.0 69.0 293.5 185.0 478.5
31042 吴铭洵 112.0 91.0 111.5 61.0 70.0 41.0 314.5 172.0 486.5
31043 吴楠 111.0 88.0 119.0 76.0 86.0 73.0 318.0 235.0 553.0
31044 吴新仪 106.0 88.0 117.5 65.0 81.0 58.0 311.5 204.0 515.5
31045 夏立嘉 117.0 110.0 117.0 75.0 92.0 80.0 344.0 247.0 591.0
31046 辛焜媛 122.0 108.0 108.0 66.0 84.0 65.0 338.0 215.0 553.0
31047 辛源锋 104.0 96.0 115.5 38.0 60.0 47.0 315.5 145.0 460.5
31048 许思琪 95.0 87.0 102.0 47.0 66.0 54.0 284.0 167.0 451.0
31049 羊雪琪 118.0 123.0 123.5 70.0 87.0 68.0 364.5 225.0 589.5
31050 杨基石 123.0 90.0 124.5 77.0 79.0 57.0 337.5 213.0 550.5
31051 杨璐羽 105.0 102.0 107.0 62.0 59.0 50.0 314.0 171.0 485.0
31052 曾炀铃 103.0 103.0 110.5 68.0 85.0 65.0 316.5 218.0 534.5
31053 曾钰辉 110.0 84.0 98.5 72.0 85.0 62.0 292.5 219.0 511.5
31054 张森烔 104.0 83.0 122.0 67.0 83.0 64.0 309.0 214.0 523.0
31055 赵博瑄 97.0 33.0 94.0 40.0 30.0 42.0 224.0 112.0 336.0
31056 郑乐镔 111.0 107.0 101.5 67.0 72.0 54.0 319.5 193.0 512.5
31057 郑若晗 111.0 97.0 108.5 75.0 73.0 65.0 316.5 213.0 529.5
31058 郑少铭 111.0 105.0 133.5 76.0 75.0 70.0 349.5 221.0 570.5
31059 郑伟纯 119.0 136.0 123.5 71.0 94.0 79.0 378.5 244.0 622.5
31060 周宇程 104.0 93.0 114.0 70.0 72.0 55.0 311.0 197.0 508.0
31061 周之祺 114.0 113.0 115.5 64.0 82.0 37.0 342.5 183.0 525.5
31062 庄杰涛 121.0 129.0 136.0 98.0 95.0 82.0 386.0 275.0 661.0
31101 蔡滨 122.0 125.0 126.5 71.0 94.0 77.0 373.5 242.0 615.5
31102 曹耿槟 105.0 88.0 106.0 67.0 66.0 54.0 299.0 187.0 486.0
31103 陈浩钦 120.0 138.0 122.0 81.0 87.0 77.0 380.0 245.0 625.0
31104 陈洪昱 95.0 115.0 113.0 87.0 84.0 72.0 323.0 243.0 566.0
31105 陈令烨 123.0 94.0 130.0 69.0 66.0 61.0 347.0 196.0 543.0
31106 陈斯昂 117.0 133.0 132.5 87.0 100.0 87.0 382.5 274.0 656.5
31107 陈逸南 107.0 115.0 127.5 70.0 79.0 70.0 349.5 219.0 568.5
31108 陈逸天 101.0 95.0 109.0 70.0 82.0 60.0 305.0 212.0 517.0
31109 陈詠萩 125.0 102.0 121.0 84.0 97.0 79.0 348.0 260.0 608.0
31110 代桂敏 114.0 73.0 109.0 40.0 70.0 52.0 296.0 162.0 458.0
31111 方江鑫 114.0 112.0 122.5 79.0 94.0 67.0 348.5 240.0 588.5
31112 方武智 84.0 68.0 104.5 40.0 54.0 55.0 256.5 149.0 405.5
31113 高亦婷 116.0 103.0 125.5 49.0 65.0 51.0 344.5 165.0 509.5
31114 郭林凯 109.0 87.0 127.5 74.0 70.0 55.0 323.5 199.0 522.5
31115 黄航 116.0 128.0 125.5 91.0 84.0 77.0 369.5 252.0 621.5
31116 黄腾 87.0 105.0 108.5 67.0 61.0 55.0 300.5 183.0 483.5
31117 黄钰涵 100.0 117.0 103.0 61.0 59.0 75.0 320.0 195.0 515.0
31118 黄仲铖 103.0 95.0 108.5 69.0 79.0 54.0 306.5 202.0 508.5
31119 蓝欣悦 113.0 83.0 111.0 51.0 57.0 49.0 307.0 157.0 464.0
31120 李琳纯 119.0 87.0 109.0 58.0 72.0 45.0 315.0 175.0 490.0
31121 李世濠 101.0 82.0 120.5 67.0 72.0 69.0 303.5 208.0 511.5
31122 李晓琳 120.0 110.0 125.5 80.0 92.0 60.0 355.5 232.0 587.5
31123 李旭纯 121.0 99.0 121.0 76.0 94.0 71.0 341.0 241.0 582.0
31124 林德明 109.0 115.0 113.0 87.0 96.0 63.0 337.0 246.0 583.0
31125 林介山 105.0 103.0 99.0 79.0 84.0 58.0 307.0 221.0 528.0
31126 林琳 96.0 103.0 102.0 55.0 72.0 41.0 301.0 168.0 469.0
31127 林南裕 108.0 79.0 118.5 73.0 76.0 65.0 305.5 214.0 519.5
31128 林烁 106.0 109.0 115.0 60.0 87.0 57.0 330.0 204.0 534.0
31129 林媛 112.0 90.0 86.5 79.0 76.0 65.0 288.5 220.0 508.5
31130 林泽豪 115.0 110.0 127.0 78.0 76.0 69.0 352.0 223.0 575.0
31131 林曾越 119.0 120.0 118.0 57.0 82.0 64.0 357.0 203.0 560.0
31132 卢楠 99.0 89.0 107.5 52.0 63.0 41.0 295.5 156.0 451.5
31133 罗世跃 92.0 89.0 90.5 56.0 72.0 45.0 271.5 173.0 444.5
31134 佘晓洁 100.0 80.0 120.0 44.0 66.0 63.0 300.0 173.0 473.0
31135 宋畅 119.0 96.0 115.5 61.0 78.0 73.0 330.5 212.0 542.5
31136 苏梓禄 79.0 65.0 81.0 49.0 48.0 55.0 225.0 152.0 377.0
31137 孙可欣 123.0 134.0 127.0 85.0 92.0 78.0 384.0 255.0 639.0
31138 王冬梅 121.0 111.0 108.0 0 95.0 72.0 340.0 0 0
31139 王睿琪 107.0 104.0 111.5 72.0 87.0 62.0 322.5 221.0 543.5
31140 王松波 108.0 111.0 119.0 52.0 83.0 69.0 338.0 204.0 542.0
31141 王宇涵 122.0 102.0 120.5 69.0 89.0 61.0 344.5 219.0 563.5
31142 翁锐鹏 88.0 98.0 90.0 48.0 64.0 39.0 276.0 151.0 427.0
31143 翁慎喆 123.0 107.0 112.0 61.0 75.0 53.0 342.0 189.0 531.0
31144 吴吉莉 102.0 74.0 122.5 57.0 71.0 61.0 298.5 189.0 487.5
31145 吴锦涛 95.0 57.0 79.5 57.0 52.0 32.0 231.5 141.0 372.5
31146 吴泽钟 108.0 120.0 105.5 66.0 71.0 61.0 333.5 198.0 531.5
31147 肖涵 110.0 92.0 117.5 71.0 83.0 55.0 319.5 209.0 528.5
31148 肖芷雅 120.0 123.0 114.5 62.0 81.0 63.0 357.5 206.0 563.5
31149 谢冬纯 118.0 117.0 123.5 88.0 94.0 65.0 358.5 247.0 605.5
31150 谢晴 110.0 104.0 127.5 50.0 80.0 65.0 341.5 195.0 536.5
31151 徐子东 119.0 110.0 129.0 86.0 83.0 71.0 358.0 240.0 598.0
31152 杨薇 115.0 120.0 122.5 63.0 90.0 73.0 357.5 226.0 583.5
31153 杨艺霞 123.0 121.0 127.5 82.0 90.0 71.0 371.5 243.0 614.5
31154 姚曙凯 106.0 118.0 106.0 78.0 91.0 67.0 330.0 236.0 566.0
31155 曾扬航 97.0 101.0 111.5 52.0 72.0 47.0 309.5 171.0 480.5
31156 张新阳 108.0 130.0 122.5 86.0 96.0 68.0 360.5 250.0 610.5
31157 郑长河 110.0 104.0 109.5 82.0 67.0 63.0 323.5 212.0 535.5
31158 郑力中 123.0 113.0 130.5 77.0 83.0 71.0 366.5 231.0 597.5
31159 郑润华 108.0 111.0 107.0 63.0 83.0 58.0 326.0 204.0 530.0
31160 郑逸锋 100.0 109.0 104.0 75.0 92.0 74.0 313.0 241.0 554.0
31161 周锦煜 93.0 0 0 0 0 0 0 0 0
31201 陈健颖 108.0 109.0 107.5 69.0 90.0 75.0 324.5 234.0 558.5
31202 陈楠弘 113.0 91.0 117.5 58.0 81.0 77.0 321.5 216.0 537.5
31203 陈祈丹 104.0 83.0 95.0 64.0 61.0 54.0 282.0 179.0 461.0
31204 陈舒颖 112.0 127.0 116.5 81.0 85.0 69.0 355.5 235.0 590.5
31205 陈晓婷 112.0 109.0 122.0 70.0 74.0 60.0 343.0 204.0 547.0
31206 陈雅昕 125.0 102.0 130.5 83.0 93.0 73.0 357.5 249.0 606.5
31207 陈逸泓 121.0 81.0 108.5 58.0 75.0 65.0 310.5 198.0 508.5
31208 陈裕渊 117.0 118.0 132.5 79.0 94.0 80.0 367.5 253.0 620.5
31209 程梓 99.0 82.0 118.0 0 41.0 49.0 299.0 0 0
31210 池霖锋 102.0 104.0 106.5 63.0 72.0 61.0 312.5 196.0 508.5
31211 高丹敏 114.0 108.0 119.0 58.0 83.0 60.0 341.0 201.0 542.0
31212 洪耿鑫 104.0 129.0 108.5 77.0 76.0 68.0 341.5 221.0 562.5
31213 洪泳琪 111.0 123.0 120.5 63.0 79.0 70.0 354.5 212.0 566.5
31214 黄骏涵 93.0 86.0 107.5 70.0 53.0 58.0 286.5 181.0 467.5
31215 黄丽楠 111.0 122.0 104.0 55.0 69.0 56.0 337.0 180.0 517.0
31216 黄绵煌 122.0 72.0 106.0 50.0 73.0 57.0 300.0 180.0 480.0
31217 黄曦宇 106.0 90.0 114.5 54.0 62.0 58.0 310.5 174.0 484.5
31218 李洁淳 114.0 83.0 113.5 67.0 75.0 51.0 310.5 193.0 503.5
31219 李晓波 104.0 108.0 97.5 55.0 87.0 66.0 309.5 208.0 517.5
31220 李育纯 120.0 105.0 118.0 80.0 79.0 70.0 343.0 229.0 572.0
31221 李云山 113.0 109.0 113.0 67.0 91.0 51.0 335.0 209.0 544.0
31222 林翰韬 100.0 92.0 129.5 46.0 64.0 55.0 321.5 165.0 486.5
31223 林靖 118.0 131.0 130.0 92.0 95.0 74.0 379.0 261.0 640.0
31224 林敏英 118.0 120.0 103.0 72.0 78.0 73.0 341.0 223.0 564.0
31225 林汪灏 110.0 81.0 111.0 61.0 71.0 55.0 302.0 187.0 489.0
31226 林晓仰 122.0 102.0 120.0 69.0 71.0 69.0 344.0 209.0 553.0
31227 刘陈婷 115.0 121.0 123.0 69.0 83.0 73.0 359.0 225.0 584.0
31228 刘淇文 108.0 102.0 123.0 44.0 66.0 66.0 333.0 176.0 509.0
31229 刘逸璋 104.0 118.0 124.5 52.0 60.0 68.0 346.5 180.0 526.5
31230 罗立扬 92.0 107.0 116.0 70.0 83.0 69.0 315.0 222.0 537.0
31231 马尚霖 120.0 77.0 110.0 56.0 66.0 56.0 307.0 178.0 485.0
31232 沈楠 113.0 103.0 116.0 70.0 73.0 69.0 332.0 212.0 544.0
31233 孙奇 119.0 129.0 131.0 92.0 89.0 80.0 379.0 261.0 640.0
31234 孙泽鑫 109.0 104.0 104.0 66.0 74.0 47.0 317.0 187.0 504.0
31235 王锴 115.0 89.0 117.0 75.0 91.0 78.0 321.0 244.0 565.0
31236 王婉仪 113.0 51.0 124.5 55.0 61.0 43.0 288.5 159.0 447.5
31237 王炜 112.0 122.0 127.5 92.0 92.0 76.0 361.5 260.0 621.5
31238 王志鹏 105.0 113.0 122.5 66.0 75.0 66.0 340.5 207.0 547.5
31239 王梓菁 117.0 112.0 121.5 61.0 76.0 69.0 350.5 206.0 556.5
31240 翁子腾 110.0 112.0 110.5 87.0 83.0 58.0 332.5 228.0 560.5
31241 吴宏振 111.0 87.0 104.0 67.0 71.0 61.0 302.0 199.0 501.0
31242 吴捷健 121.0 107.0 133.0 97.0 100.0 81.0 361.0 278.0 639.0
31243 吴晓杰 107.0 118.0 122.0 79.0 93.0 85.0 347.0 257.0 604.0
31244 肖扬秀 107.0 112.0 124.5 74.0 91.0 66.0 343.5 231.0 574.5
31245 谢艾津 118.0 105.0 119.5 50.0 74.0 67.0 342.5 191.0 533.5
31246 谢泽杰 120.0 111.0 125.0 77.0 80.0 67.0 356.0 224.0 580.0
31247 许涵英 120.0 116.0 111.5 71.0 85.0 75.0 347.5 231.0 578.5
31248 许佳森 100.0 60.0 42.5 46.0 71.0 54.0 202.5 171.0 373.5
31249 许桐辉 113.0 95.0 100.0 56.0 76.0 68.0 308.0 200.0 508.0
31250 杨时骅 94.0 69.0 103.0 53.0 58.0 51.0 266.0 162.0 428.0
31251 杨时颖 94.0 101.0 104.5 63.0 75.0 64.0 299.5 202.0 501.5
31252 余洢彤 102.0 88.0 109.0 45.0 75.0 60.0 299.0 180.0 479.0
31253 曾婵娟 124.0 128.0 131.5 98.0 88.0 72.0 383.5 258.0 641.5
31254 张漫卿 115.0 66.0 106.0 40.0 54.0 54.0 287.0 148.0 435.0
31255 张睿莹 113.0 102.0 116.5 65.0 89.0 71.0 331.5 225.0 556.5
31256 张艺涵 110.0 121.0 120.0 69.0 86.0 68.0 351.0 223.0 574.0
31257 郑思思 100.0 94.0 101.5 59.0 64.0 54.0 295.5 177.0 472.5
31258 郑希彦 107.0 113.0 114.0 61.0 77.0 65.0 334.0 203.0 537.0
31259 郑以豪 93.0 112.0 101.0 74.0 83.0 79.0 306.0 236.0 542.0
31260 周名弦 111.0 135.0 136.5 78.0 92.0 73.0 382.5 243.0 625.5
31261 朱源腾 104.0 101.0 101.5 62.0 85.0 61.0 306.5 208.0 514.5
31262 朱越 113.0 136.0 119.5 81.0 75.0 68.0 368.5 224.0 592.5
31301 蔡祎晖 106.0 109.0 90.0 69.0 45.0 56.0 305.0 170.0 475.0
31302 蔡永杰 104.0 87.0 110.5 61.0 81.0 56.0 301.5 198.0 499.5
31303 蔡泽莎 123.0 99.0 115.5 73.0 76.0 72.0 337.5 221.0 558.5
31304 蔡芝恬 118.0 103.0 121.0 81.0 83.0 79.0 342.0 243.0 585.0
31305 陈璐 118.0 94.0 118.5 66.0 81.0 69.0 330.5 216.0 546.5
31306 陈冉 112.0 114.0 131.5 58.0 77.0 67.0 357.5 202.0 559.5
31307 陈文博 96.0 115.0 115.5 82.0 97.0 85.0 326.5 264.0 590.5
31308 陈宇铭 108.0 110.0 126.5 66.0 84.0 68.0 344.5 218.0 562.5
31309 陈岳彬 102.0 110.0 112.0 68.0 71.0 59.0 324.0 198.0 522.0
31310 郭剑豪 124.0 104.0 112.5 62.0 96.0 59.0 340.5 217.0 557.5
31311 黄凯丽 109.0 102.0 118.0 77.0 71.0 64.0 329.0 212.0 541.0
31312 黄宇阳 123.0 131.0 124.0 91.0 94.0 85.0 378.0 270.0 648.0
31313 黄桢栩 109.0 113.0 113.0 79.0 78.0 76.0 335.0 233.0 568.0
31314 黄柱铭 86.0 87.0 88.5 69.0 78.0 56.0 261.5 203.0 464.5
31315 赖浩锋 113.0 134.0 122.5 86.0 91.0 69.0 369.5 246.0 615.5
31316 李斯涵 106.0 0 99.5 0 67.0 0 0 0 0
31317 林耿烨 104.0 105.0 123.0 80.0 81.0 70.0 332.0 231.0 563.0
31318 林炜钿 104.0 89.0 91.5 42.0 63.0 58.0 284.5 163.0 447.5
31319 林业渺 108.0 108.0 108.5 63.0 83.0 81.0 324.5 227.0 551.5
31320 林子棉 114.0 117.0 106.0 71.0 89.0 88.0 337.0 248.0 585.0
31321 刘佳彤 116.0 108.0 109.0 59.0 65.0 63.0 333.0 187.0 520.0
31322 刘珊 108.0 110.0 127.5 63.0 75.0 65.0 345.5 203.0 548.5
31323 陆齐 105.0 88.0 113.0 37.0 75.0 50.0 306.0 162.0 468.0
31324 马丹泓 88.0 110.0 91.0 60.0 81.0 55.0 289.0 196.0 485.0
31325 马伟根 101.0 120.0 109.0 77.0 88.0 63.0 330.0 228.0 558.0
31326 欧斐斐 130.0 98.0 127.0 76.0 87.0 75.0 355.0 238.0 593.0
31327 宋伊钿 94.0 80.0 113.5 62.0 69.0 55.0 287.5 186.0 473.5
31328 苏昉 113.0 71.0 121.5 62.0 60.0 57.0 305.5 179.0 484.5
31329 孙佳笙 121.0 125.0 123.0 50.0 72.0 63.0 369.0 185.0 554.0
31330 孙隽源 118.0 132.0 118.5 74.0 85.0 66.0 368.5 225.0 593.5
31331 吴国炀 108.0 88.0 113.0 68.0 69.0 62.0 309.0 199.0 508.0
31332 吴铭泓 120.0 109.0 116.0 75.0 81.0 70.0 345.0 226.0 571.0
31333 吴任诚 115.0 70.0 110.0 60.0 52.0 46.0 295.0 158.0 453.0
31334 吴之林 121.0 101.0 103.5 82.0 68.0 68.0 325.5 218.0 543.5
31335 肖林昕 108.0 31.0 110.5 47.0 58.0 59.0 249.5 164.0 413.5
31336 谢键焕 98.0 126.0 115.0 89.0 98.0 74.0 339.0 261.0 600.0
31337 谢向川 100.0 0 0 0 54.0 0 0 0 0
31338 徐略 104.0 69.0 95.0 44.0 49.0 51.0 268.0 144.0 412.0
31339 徐紫丹 114.0 94.0 108.0 48.0 78.0 55.0 316.0 181.0 497.0
31340 许锦涛 115.0 112.0 109.0 67.0 84.0 80.0 336.0 231.0 567.0
31341 许稚芝 111.0 121.0 116.5 59.0 75.0 62.0 348.5 196.0 544.5
31342 许宗蕾 103.0 108.0 93.0 45.0 73.0 60.0 304.0 178.0 482.0
31343 颜舒洁 108.0 65.0 101.0 47.0 41.0 56.0 274.0 144.0 418.0
31344 羊恩跃 113.0 124.0 94.0 82.0 83.0 70.0 331.0 235.0 566.0
31345 杨璐洁 117.0 92.0 126.0 68.0 94.0 70.0 335.0 232.0 567.0
31346 杨宓 117.0 110.0 122.0 70.0 84.0 66.0 349.0 220.0 569.0
31347 杨晓虹 121.0 103.0 110.5 66.0 80.0 66.0 334.5 212.0 546.5
31348 姚佳宜 114.0 130.0 115.5 76.0 79.0 73.0 359.5 228.0 587.5
31349 姚星宇 99.0 94.0 105.5 46.0 78.0 46.0 298.5 170.0 468.5
31350 姚映苗 109.0 104.0 123.5 81.0 83.0 67.0 336.5 231.0 567.5
31351 余嘉梓 120.0 112.0 120.5 77.0 76.0 61.0 352.5 214.0 566.5
31352 曾博宇 118.0 129.0 115.5 68.0 97.0 85.0 362.5 250.0 612.5
31354 曾坚锐 109.0 114.0 121.0 69.0 84.0 67.0 344.0 220.0 564.0
31355 曾妍 100.0 106.0 98.0 71.0 75.0 68.0 304.0 214.0 518.0
31356 詹海鹏 112.0 133.0 118.0 82.0 67.0 80.0 363.0 229.0 592.0
31357 詹絮素 106.0 83.0 110.0 60.0 60.0 44.0 299.0 164.0 463.0
31358 张泽恩 105.0 79.0 109.0 46.0 73.0 66.0 293.0 185.0 478.0
31359 章智秋 102.0 132.0 117.5 89.0 93.0 74.0 351.5 256.0 607.5
31360 郑少锐 100.0 83.0 96.5 71.0 54.0 62.0 279.5 187.0 466.5
31361 郑泽明 119.0 113.0 105.5 65.0 80.0 59.0 337.5 204.0 541.5
31362 庄鸿鑫 103.0 102.0 113.5 77.0 76.0 69.0 318.5 222.0 540.5
31401 陈岱芃 119.0 101.0 134.5 82.0 77.0 61.0 354.5 220.0 574.5
31402 陈端华 113.0 88.0 121.5 72.0 70.0 58.0 322.5 200.0 522.5
31403 陈挥遒 94.0 72.0 100.0 42.0 48.0 55.0 266.0 145.0 411.0
31405 陈沛峰 102.0 54.0 84.0 65.0 61.0 36.0 240.0 162.0 402.0
31406 陈芃 117.0 105.0 108.5 83.0 79.0 72.0 330.5 234.0 564.5
31407 陈铄霓 107.0 85.0 112.0 62.0 74.0 62.0 304.0 198.0 502.0
31408 陈奕希 104.0 80.0 118.0 57.0 72.0 57.0 302.0 186.0 488.0
31409 陈泽伟 101.0 106.0 108.0 74.0 85.0 69.0 315.0 228.0 543.0
31410 陈喆慧 119.0 111.0 96.0 48.0 72.0 60.0 326.0 180.0 506.0
31411 陈至渲 116.0 116.0 116.5 70.0 84.0 74.0 348.5 228.0 576.5
31412 陈佐治 121.0 114.0 132.5 91.0 97.0 67.0 367.5 255.0 622.5
31413 邓昱聪 109.0 102.0 95.5 66.0 77.0 55.0 306.5 198.0 504.5
31414 邓泽淳 104.0 92.0 98.0 52.0 73.0 64.0 294.0 189.0 483.0
31415 冯嘉俊 100.0 95.0 92.0 67.0 82.0 85.0 287.0 234.0 521.0
31416 龚泽颖 117.0 125.0 123.0 67.0 82.0 72.0 365.0 221.0 586.0
31417 郭冰桦 120.0 113.0 129.0 71.0 69.0 74.0 362.0 214.0 576.0
31418 黄恩童 113.0 106.0 120.5 75.0 76.0 74.0 339.5 225.0 564.5
31419 黄桂凤 108.0 114.0 97.0 63.0 74.0 61.0 319.0 198.0 517.0
31420 江锦虹 111.0 112.0 111.5 67.0 83.0 75.0 334.5 225.0 559.5
31421 李佳晟 116.0 107.0 135.5 64.0 80.0 61.0 358.5 205.0 563.5
31422 李楠 121.0 110.0 113.5 72.0 78.0 73.0 344.5 223.0 567.5
31423 李舒婷 119.0 135.0 124.5 76.0 71.0 63.0 378.5 210.0 588.5
31424 李易熹 120.0 99.0 123.5 81.0 87.0 71.0 342.5 239.0 581.5
31425 林泓 88.0 101.0 101.5 71.0 86.0 54.0 290.5 211.0 501.5
31426 林可依 121.0 111.0 110.5 70.0 71.0 50.0 342.5 191.0 533.5
31427 林珮汝 111.0 101.0 108.0 71.0 68.0 52.0 320.0 191.0 511.0
31428 林心玥 102.0 68.0 117.5 58.0 59.0 51.0 287.5 168.0 455.5
31429 刘硕霓 119.0 123.0 122.0 90.0 89.0 67.0 364.0 246.0 610.0
31430 刘易恺 114.0 142.0 129.0 89.0 96.0 60.0 385.0 245.0 630.0
31431 卢琳绵 113.0 97.0 103.5 61.0 74.0 57.0 313.5 192.0 505.5
31432 吕远东 108.0 99.0 99.0 75.0 73.0 58.0 306.0 206.0 512.0
31433 马旭民 117.0 116.0 98.0 89.0 83.0 72.0 331.0 244.0 575.0
31434 麦泽涵 124.0 105.0 127.0 87.0 83.0 82.0 356.0 252.0 608.0
31435 邱鸿鑫 107.0 115.0 112.0 64.0 78.0 71.0 334.0 213.0 547.0
31436 邱诗钿 107.0 111.0 96.0 65.0 53.0 34.0 314.0 152.0 466.0
31437 邱梓妍 102.0 111.0 128.0 66.0 71.0 73.0 341.0 210.0 551.0
31438 谭妍真 110.0 93.0 103.5 60.0 89.0 73.0 306.5 222.0 528.5
31439 王毓佳 109.0 112.0 100.0 38.0 67.0 74.0 321.0 179.0 500.0
31440 吴昊 99.0 64.0 120.5 52.0 52.0 56.0 283.5 160.0 443.5
31441 吴浩瀚 100.0 94.0 107.0 65.0 78.0 67.0 301.0 210.0 511.0
31442 吴彤君 113.0 107.0 121.5 83.0 78.0 64.0 341.5 225.0 566.5
31443 肖培亮 121.0 112.0 124.5 61.0 88.0 75.0 357.5 224.0 581.5
31444 谢碧瑶 115.0 88.0 106.5 66.0 85.0 71.0 309.5 222.0 531.5
31445 辛杨淳 122.0 110.0 113.5 68.0 82.0 69.0 345.5 219.0 564.5
31446 徐国玮 104.0 89.0 115.5 54.0 60.0 68.0 308.5 182.0 490.5
31447 徐铤 110.0 120.0 125.0 84.0 91.0 71.0 355.0 246.0 601.0
31448 许凯涵 96.0 110.0 120.5 0 63.0 65.0 326.5 0 0
31449 许正纲 111.0 88.0 85.0 67.0 71.0 65.0 284.0 203.0 487.0
31450 杨琳 111.0 84.0 107.5 56.0 66.0 62.0 302.5 184.0 486.5
31451 杨泽仪 113.0 107.0 125.5 75.0 72.0 55.0 345.5 202.0 547.5
31452 姚广濠 119.0 92.0 128.0 84.0 92.0 68.0 339.0 244.0 583.0
31453 叶济东 113.0 113.0 111.0 75.0 73.0 65.0 337.0 213.0 550.0
31454 叶洋 103.0 89.0 75.0 50.0 70.0 58.0 267.0 178.0 445.0
31455 余旭玮 103.0 91.0 112.5 62.0 79.0 53.0 306.5 194.0 500.5
31456 曾思沛 103.0 102.0 112.0 70.0 80.0 60.0 317.0 210.0 527.0
31457 张睿博 101.0 75.0 119.5 69.0 69.0 72.0 295.5 210.0 505.5
31458 章炫锐 108.0 0 0 0 0 0 0 0 0
31459 章梓烨 97.0 106.0 99.5 79.0 37.0 52.0 302.5 168.0 470.5
31460 郑康 107.0 98.0 116.0 69.0 81.0 60.0 321.0 210.0 531.0
31461 郑宇婷 116.0 90.0 115.0 45.0 64.0 58.0 321.0 167.0 488.0
31462 庄泽达 91.0 41.0 105.0 42.0 53.0 35.0 237.0 130.0 367.0
31501 蔡嘉煜 100.0 102.0 95.0 36.0 81.0 52.0 297.0 169.0 466.0
31502 陈力 91.0 90.0 104.5 78.0 86.0 62.0 285.5 226.0 511.5
31503 陈梦琪 111.0 125.0 127.0 83.0 91.0 68.0 363.0 242.0 605.0
31504 陈培铭 101.0 70.0 87.5 51.0 71.0 59.0 258.5 181.0 439.5
31505 陈佩恋 118.0 113.0 113.5 64.0 67.0 62.0 344.5 193.0 537.5
31506 陈斯哲 89.0 83.0 102.0 76.0 81.0 47.0 274.0 204.0 478.0
31507 陈文浩 112.0 116.0 111.0 82.0 90.0 59.0 339.0 231.0 570.0
31509 陈溢煌 107.0 118.0 91.0 72.0 84.0 65.0 316.0 221.0 537.0
31510 陈梓轩 113.0 95.0 99.5 69.0 81.0 46.0 307.5 196.0 503.5
31511 程晓婷 119.0 120.0 124.5 71.0 90.0 78.0 363.5 239.0 602.5
31512 杜浜弘 102.0 64.0 83.5 56.0 55.0 39.0 249.5 150.0 399.5
31513 杜佳锴 105.0 115.0 110.0 80.0 77.0 62.0 330.0 219.0 549.0
31514 方宇驰 94.0 88.0 88.0 76.0 72.0 57.0 270.0 205.0 475.0
31515 高越 116.0 89.0 115.0 79.0 90.0 67.0 320.0 236.0 556.0
31516 洪戈 121.0 107.0 115.0 71.0 93.0 71.0 343.0 235.0 578.0
31517 黄向鸿 115.0 130.0 133.0 80.0 94.0 0 378.0 0 0
31518 黄泽山 78.0 0 0 0 0 0 0 0 0
31519 黄梓彤 111.0 112.0 113.5 65.0 75.0 55.0 336.5 195.0 531.5
31520 柯金宏 111.0 136.0 120.5 76.0 92.0 69.0 367.5 237.0 604.5
31521 赖炜豪 108.0 107.0 124.5 58.0 84.0 69.0 339.5 211.0 550.5
31522 李涵 97.0 102.0 105.5 65.0 80.0 66.0 304.5 211.0 515.5
31523 李沐峻 109.0 99.0 97.0 72.0 81.0 76.0 305.0 229.0 534.0
31524 李润熹 96.0 93.0 110.0 64.0 77.0 58.0 299.0 199.0 498.0
31525 李舒婷 120.0 113.0 116.0 82.0 85.0 70.0 349.0 237.0 586.0
31526 李梓煌 104.0 95.0 113.5 60.0 78.0 60.0 312.5 198.0 510.5
31527 林钗 118.0 121.0 101.0 65.0 73.0 63.0 340.0 201.0 541.0
31528 林若欣 120.0 114.0 130.0 74.0 72.0 75.0 364.0 221.0 585.0
31529 林爽 113.0 96.0 120.0 66.0 81.0 80.0 329.0 227.0 556.0
31530 刘粉婷 115.0 125.0 116.5 63.0 91.0 71.0 356.5 225.0 581.5
31531 刘烨桦 114.0 92.0 123.0 67.0 68.0 50.0 329.0 185.0 514.0
31532 彭瀚锟 114.0 105.0 91.5 61.0 67.0 75.0 310.5 203.0 513.5
31533 邱霜晓 114.0 100.0 121.0 62.0 77.0 56.0 335.0 195.0 530.0
31534 沈晓琦 111.0 99.0 121.5 50.0 88.0 60.0 331.5 198.0 529.5
31535 王曙丹 116.0 109.0 93.0 51.0 63.0 56.0 318.0 170.0 488.0
31536 王泽翔 106.0 96.0 90.0 59.0 81.0 54.0 292.0 194.0 486.0
31537 翁梓洪 94.0 76.0 96.5 57.0 69.0 45.0 266.5 171.0 437.5
31538 吴林瀚 88.0 96.0 93.5 70.0 75.0 72.0 277.5 217.0 494.5
31539 夏梓斌 102.0 76.0 96.0 43.0 56.0 53.0 274.0 152.0 426.0
31540 谢梦霞 113.0 113.0 117.0 57.0 71.0 59.0 343.0 187.0 530.0
31541 谢泳凯 118.0 82.0 122.0 91.0 97.0 85.0 322.0 273.0 595.0
31542 谢植煌 97.0 104.0 95.5 67.0 83.0 65.0 296.5 215.0 511.5
31543 徐国瑞 102.0 93.0 91.0 71.0 80.0 56.0 286.0 207.0 493.0
31544 许欢 108.0 80.0 114.0 61.0 68.0 70.0 302.0 199.0 501.0
31545 许越 96.0 78.0 121.5 61.0 73.0 66.0 295.5 200.0 495.5
31546 杨小嬉 110.0 103.0 116.0 74.0 75.0 71.0 329.0 220.0 549.0
31547 杨铮楷 114.0 124.0 106.0 79.0 82.0 68.0 344.0 229.0 573.0
31548 姚喆仪 105.0 85.0 100.0 45.0 78.0 56.0 290.0 179.0 469.0
31549 袁若瑶 119.0 116.0 109.5 88.0 89.0 78.0 344.5 255.0 599.5
31550 曾少擎 109.0 104.0 114.0 74.0 84.0 67.0 327.0 225.0 552.0
31551 曾欣哲 108.0 95.0 124.0 78.0 84.0 68.0 327.0 230.0 557.0
31552 张志鹏 106.0 120.0 93.0 81.0 100.0 78.0 319.0 259.0 578.0
31553 赵晓冰 110.0 92.0 104.0 70.0 56.0 58.0 306.0 184.0 490.0
31554 郑帆 120.0 100.0 123.0 91.0 80.0 71.0 343.0 242.0 585.0
31555 郑杰 116.0 134.0 116.0 97.0 94.0 78.0 366.0 269.0 635.0
31556 郑婕 111.0 101.0 121.0 64.0 87.0 67.0 333.0 218.0 551.0
31558 郑丽璇 114.0 120.0 131.0 54.0 80.0 77.0 365.0 211.0 576.0
31559 郑婷芝 114.0 107.0 108.0 42.0 70.0 53.0 329.0 165.0 494.0
31560 郑鑫海 111.0 89.0 117.0 65.0 76.0 71.0 317.0 212.0 529.0
31561 周健驰 113.0 99.0 109.5 68.0 80.0 64.0 321.5 212.0 533.5
31562 邹丹纯 116.0 96.0 127.0 62.0 61.0 56.0 339.0 179.0 518.0
31601 蔡慈瀚 106.0 119.0 120.0 84.0 82.0 81.0 345.0 247.0 592.0
31602 蔡君悦 120.0 89.0 107.5 65.0 65.0 62.0 316.5 192.0 508.5
31603 陈东晗 106.0 79.0 131.0 73.0 68.0 66.0 316.0 207.0 523.0
31604 陈佳伶 114.0 98.0 109.0 58.0 60.0 57.0 321.0 175.0 496.0
31605 陈佳盈 107.0 104.0 119.5 75.0 83.0 65.0 330.5 223.0 553.5
31606 陈力 113.0 117.0 125.0 73.0 94.0 75.0 355.0 242.0 597.0
31607 陈敏儿 113.0 115.0 115.5 75.0 90.0 72.0 343.5 237.0 580.5
31608 陈派捷 99.0 88.0 101.5 73.0 69.0 52.0 288.5 194.0 482.5
31609 陈日 107.0 85.0 103.0 42.0 81.0 55.0 295.0 178.0 473.0
31610 陈逸镕 98.0 89.0 113.0 59.0 68.0 64.0 300.0 191.0 491.0
31612 陈滢 112.0 104.0 107.5 60.0 69.0 73.0 323.5 202.0 525.5
31613 陈梓鑫 106.0 85.0 106.5 56.0 72.0 57.0 297.5 185.0 482.5
31614 方浩锴 105.0 85.0 120.5 69.0 61.0 81.0 310.5 211.0 521.5
31615 黄谷 100.0 89.0 122.0 64.0 87.0 81.0 311.0 232.0 543.0
31616 黄浩扬 120.0 128.0 134.5 69.0 92.0 72.0 382.5 233.0 615.5
31617 黄锐敏 117.0 121.0 125.0 71.0 93.0 68.0 363.0 232.0 595.0
31618 黄少邑 99.0 104.0 105.0 62.0 73.0 59.0 308.0 194.0 502.0
31620 江佳仪 123.0 111.0 114.0 83.0 92.0 80.0 348.0 255.0 603.0
31621 李嘉鑫 107.0 109.0 96.5 60.0 72.0 55.0 312.5 187.0 499.5
31622 李琳丹 119.0 103.0 117.5 72.0 66.0 61.0 339.5 199.0 538.5
31623 李暄婷 103.0 32.0 109.5 52.0 54.0 47.0 244.5 153.0 397.5
31624 李奕 113.0 61.0 107.5 54.0 58.0 54.0 281.5 166.0 447.5
31625 廖骊涵 112.0 115.0 118.5 56.0 79.0 59.0 345.5 194.0 539.5
31626 廖澍镔 110.0 105.0 113.5 65.0 88.0 78.0 328.5 231.0 559.5
31627 林灿荣 100.0 110.0 117.0 56.0 79.0 53.0 327.0 188.0 515.0
31628 林冠之 105.0 114.0 111.5 80.0 86.0 79.0 330.5 245.0 575.5
31629 林楠 103.0 124.0 96.0 84.0 90.0 72.0 323.0 246.0 569.0
31630 林树红 119.0 112.0 120.0 66.0 86.0 61.0 351.0 213.0 564.0
31631 林仪 102.0 82.0 122.0 53.0 66.0 50.0 306.0 169.0 475.0
31632 林意 109.0 94.0 108.0 60.0 66.0 56.0 311.0 182.0 493.0
31633 刘思煌 104.0 132.0 107.5 94.0 95.0 80.0 343.5 269.0 612.5
31634 刘奕 113.0 92.0 103.0 78.0 75.0 69.0 308.0 222.0 530.0
31635 刘泽 98.0 72.0 67.5 70.0 65.0 55.0 237.5 190.0 427.5
31636 柳婷 108.0 118.0 120.5 80.0 93.0 81.0 346.5 254.0 600.5
31637 卢开书 105.0 103.0 115.5 63.0 79.0 67.0 323.5 209.0 532.5
31638 马润青 119.0 115.0 126.0 92.0 91.0 63.0 360.0 246.0 606.0
31639 彭灏 104.0 100.0 123.0 64.0 64.0 54.0 327.0 182.0 509.0
31640 孙熹珣 108.0 93.0 108.5 54.0 76.0 62.0 309.5 192.0 501.5
31641 孙烨 113.0 92.0 129.5 55.0 75.0 53.0 334.5 183.0 517.5
31642 王海槟 104.0 107.0 106.5 85.0 67.0 67.0 317.5 219.0 536.5
31643 王晓钟 105.0 122.0 121.0 87.0 80.0 72.0 348.0 239.0 587.0
31644 王雨青 109.0 112.0 100.0 78.0 86.0 74.0 321.0 238.0 559.0
31645 吴毅聪 109.0 90.0 112.0 56.0 59.0 41.0 311.0 156.0 467.0
31646 吴梓帆 120.0 121.0 130.5 81.0 85.0 71.0 371.5 237.0 608.5
31647 谢尘沐 120.0 102.0 123.0 71.0 82.0 66.0 345.0 219.0 564.0
31648 谢锦珮 113.0 0 0 0 77.0 0 0 0 0
31649 谢小雪 118.0 119.0 124.5 70.0 86.0 83.0 361.5 239.0 600.5
31650 谢奕纯 105.0 86.0 113.5 40.0 60.0 41.0 304.5 141.0 445.5
31651 杨涵 105.0 76.0 100.0 62.0 78.0 56.0 281.0 196.0 477.0
31652 姚采妮 93.0 56.0 108.0 54.0 59.0 54.0 257.0 167.0 424.0
31653 余泽泰 105.0 74.0 109.0 70.0 70.0 62.0 288.0 202.0 490.0
31654 张泽琳 110.0 119.0 130.5 78.0 100.0 75.0 359.5 253.0 612.5
31655 张泽宇 118.0 108.0 126.5 73.0 91.0 74.0 352.5 238.0 590.5
31656 章婉仪 121.0 104.0 121.0 61.0 75.0 69.0 346.0 205.0 551.0
31657 赵先铎 110.0 108.0 119.5 75.0 96.0 64.0 337.5 235.0 572.5
31658 郑涵禧 92.0 103.0 110.0 40.0 76.0 52.0 305.0 168.0 473.0
31659 郑林楷 101.0 116.0 105.0 90.0 96.0 66.0 322.0 252.0 574.0
31660 郑镇灏 111.0 87.0 90.0 54.0 74.0 46.0 288.0 174.0 462.0
31661 郑重 90.0 100.0 108.5 67.0 84.0 62.0 298.5 213.0 511.5
31662 朱俊宇 97.0 65.0 86.5 57.0 51.0 43.0 248.5 151.0 399.5
31663 庄声锐 88.0 62.0 82.5 70.0 39.0 43.0 232.5 152.0 384.5
31701 蔡金沛 96.0 109.0 91.5 62.0 75.0 47.0 296.5 184.0 480.5
31702 蔡俊峰 121.0 117.0 124.5 80.0 86.0 77.0 362.5 243.0 605.5
31703 曹宇韬 109.0 107.0 108.5 75.0 86.0 69.0 324.5 230.0 554.5
31704 陈大立 115.0 121.0 118.0 77.0 95.0 77.0 354.0 249.0 603.0
31705 陈浩杰 111.0 94.0 125.0 69.0 89.0 70.0 330.0 228.0 558.0
31706 陈沛润 103.0 116.0 112.5 73.0 92.0 72.0 331.5 237.0 568.5
31707 陈锐 109.0 123.0 110.5 79.0 100.0 74.0 342.5 253.0 595.5
31708 陈烁 79.0 107.0 95.0 62.0 75.0 63.0 281.0 200.0 481.0
31709 陈学诚 112.0 113.0 119.0 68.0 81.0 74.0 344.0 223.0 567.0
31710 陈韫颖 116.0 93.0 125.5 62.0 60.0 64.0 334.5 186.0 520.5
31711 陈泽鑫 91.0 94.0 100.0 57.0 81.0 47.0 285.0 185.0 470.0
31712 陈中一 101.0 132.0 102.5 73.0 99.0 58.0 335.5 230.0 565.5
31713 何伊慧 118.0 92.0 114.0 63.0 85.0 66.0 324.0 214.0 538.0
31714 侯思涵 115.0 115.0 127.5 54.0 70.0 70.0 357.5 194.0 551.5
31715 黄彬霆 119.0 105.0 121.5 62.0 77.0 68.0 345.5 207.0 552.5
31716 黄丹 86.0 26.0 69.0 22.0 24.0 21.0 181.0 67.0 248.0
31717 黄光炳 93.0 62.0 73.0 59.0 57.0 50.0 228.0 166.0 394.0
31718 黄慧敏 123.0 112.0 123.0 74.0 92.0 74.0 358.0 240.0 598.0
31719 黄思翰 111.0 129.0 124.0 85.0 89.0 72.0 364.0 246.0 610.0
31720 黄伟纯 120.0 106.0 115.0 67.0 87.0 61.0 341.0 215.0 556.0
31721 黄莹 120.0 122.0 105.5 75.0 76.0 65.0 347.5 216.0 563.5
31722 黄梓芸 116.0 81.0 112.0 51.0 59.0 46.0 309.0 156.0 465.0
31723 江相渝 97.0 105.0 88.5 63.0 75.0 57.0 290.5 195.0 485.5
31724 李洁瀚 112.0 100.0 122.5 80.0 96.0 68.0 334.5 244.0 578.5
31725 林仰 115.0 76.0 119.5 52.0 79.0 58.0 310.5 189.0 499.5
31726 林雍权 115.0 82.0 111.0 81.0 86.0 73.0 308.0 240.0 548.0
31727 刘嘉鑫 95.0 74.0 87.5 62.0 49.0 45.0 256.5 156.0 412.5
31728 卢荣泰 114.0 131.0 125.0 92.0 96.0 71.0 370.0 259.0 629.0
31729 卢仪蕊 114.0 78.0 107.5 67.0 78.0 72.0 299.5 217.0 516.5
31730 马学盈 119.0 94.0 125.0 59.0 83.0 68.0 338.0 210.0 548.0
31731 马直先 105.0 93.0 107.5 57.0 88.0 67.0 305.5 212.0 517.5
31732 麦博 121.0 119.0 135.5 77.0 92.0 69.0 375.5 238.0 613.5
31733 欧阳生 111.0 127.0 106.0 72.0 74.0 70.0 344.0 216.0 560.0
31734 彭琪 90.0 68.0 79.5 51.0 58.0 39.0 237.5 148.0 385.5
31735 佘晓环 110.0 114.0 109.0 61.0 83.0 60.0 333.0 204.0 537.0
31736 王基鸿 117.0 120.0 117.0 64.0 98.0 76.0 354.0 238.0 592.0
31737 王俊澎 122.0 122.0 100.5 69.0 83.0 71.0 344.5 223.0 567.5
31739 王钰 111.0 101.0 111.0 65.0 76.0 58.0 323.0 199.0 522.0
31740 王真子 112.0 94.0 100.0 55.0 81.0 63.0 306.0 199.0 505.0
31741 吴俊翰 118.0 96.0 101.5 70.0 76.0 71.0 315.5 217.0 532.5
31742 吴彤沛 105.0 46.0 111.0 50.0 89.0 75.0 262.0 214.0 476.0
31743 吴伟霞 123.0 92.0 123.0 51.0 87.0 70.0 338.0 208.0 546.0
31744 谢锶琦 108.0 111.0 108.0 64.0 92.0 64.0 327.0 220.0 547.0
31745 许锶妍 119.0 111.0 119.0 45.0 67.0 56.0 349.0 168.0 517.0
31746 许奕烁 111.0 81.0 70.0 53.0 73.0 52.0 262.0 178.0 440.0
31747 许哲浩 124.0 107.0 113.5 70.0 83.0 65.0 344.5 218.0 562.5
31748 杨铠翔 87.0 78.0 99.5 72.0 78.0 66.0 264.5 216.0 480.5
31749 杨腾 96.0 69.0 91.5 58.0 35.0 48.0 256.5 141.0 397.5
31750 姚佳妮 118.0 99.0 115.0 77.0 97.0 78.0 332.0 252.0 584.0
31751 张纯 116.0 101.0 112.5 49.0 78.0 57.0 329.5 184.0 513.5
31752 张锐翰 102.0 57.0 103.5 40.0 51.0 51.0 262.5 142.0 404.5
31753 张维 96.0 88.0 121.5 65.0 68.0 58.0 305.5 191.0 496.5
31754 张奕 106.0 48.0 109.5 37.0 65.0 47.0 263.5 149.0 412.5
31755 张翼 115.0 122.0 123.0 89.0 96.0 75.0 360.0 260.0 620.0
31756 章家竣 116.0 115.0 131.5 75.0 100.0 79.0 362.5 254.0 616.5
31757 郑慈香 109.0 119.0 123.0 74.0 84.0 80.0 351.0 238.0 589.0
31758 郑曼燕 118.0 96.0 112.5 44.0 95.0 63.0 326.5 202.0 528.5
31759 郑铭 114.0 101.0 122.0 57.0 53.0 62.0 337.0 172.0 509.0
31761 周锴捷 112.0 115.0 129.0 77.0 90.0 68.0 356.0 235.0 591.0
31762 庄本熙 100.0 107.0 92.0 58.0 81.0 63.0 299.0 202.0 501.0
31763 黄钰莹 114.0 89.0 104.0 48.0 68.0 61.0 307.0 177.0 484.0
31764 王宏 115.0 117.0 132.5 57.0 85.0 73.0 364.5 215.0 579.5
31801 陈鸿飞 96.0 84.0 104.0 69.0 73.0 54.0 284.0 196.0 480.0
31802 陈家思 97.0 125.0 90.5 74.0 96.0 73.0 312.5 243.0 555.5
31805 陈润铎 104.0 54.0 114.0 73.0 53.0 48.0 272.0 174.0 446.0
31806 陈润楷 104.0 120.0 116.5 56.0 75.0 74.0 340.5 205.0 545.5
31807 陈鑫冰 118.0 88.0 102.0 65.0 70.0 69.0 308.0 204.0 512.0
31808 陈永佳 117.0 92.0 101.5 71.0 87.0 68.0 310.5 226.0 536.5
31809 陈元嘉 107.0 118.0 103.0 85.0 75.0 58.0 328.0 218.0 546.0
31810 冯钰冰 100.0 102.0 111.5 41.0 66.0 59.0 313.5 166.0 479.5
31811 何畅 100.0 47.0 107.0 36.0 36.0 41.0 254.0 113.0 367.0
31812 黄怀瑶 100.0 97.0 118.0 49.0 69.0 47.0 315.0 165.0 480.0
31813 黄凯鹏 98.0 89.0 115.0 59.0 68.0 51.0 302.0 178.0 480.0
31814 黄昕仪 113.0 118.0 128.0 88.0 96.0 66.0 359.0 250.0 609.0
31815 黄泽宇 99.0 90.0 101.0 53.0 77.0 66.0 290.0 196.0 486.0
31816 康思妹 120.0 88.0 102.5 53.0 55.0 62.0 310.5 170.0 480.5
31817 孔雪欣 113.0 106.0 112.5 63.0 85.0 66.0 331.5 214.0 545.5
31818 赖淑凌 111.0 98.0 96.0 52.0 65.0 63.0 305.0 180.0 485.0
31819 李俊 113.0 82.0 117.5 58.0 57.0 63.0 312.5 178.0 490.5
31820 李楠 114.0 99.0 109.5 69.0 85.0 61.0 322.5 215.0 537.5
31821 李蔚东 104.0 118.0 115.5 74.0 96.0 82.0 337.5 252.0 589.5
31822 李昕 91.0 104.0 99.0 79.0 91.0 67.0 294.0 237.0 531.0
31823 连泓杰 105.0 94.0 120.5 73.0 78.0 66.0 319.5 217.0 536.5
31824 林泓 101.0 93.0 91.5 63.0 55.0 59.0 285.5 177.0 462.5
31825 林培润 107.0 90.0 96.5 49.0 55.0 57.0 293.5 161.0 454.5
31826 林绮娜 114.0 118.0 120.5 87.0 95.0 70.0 352.5 252.0 604.5
31827 林昕 119.0 105.0 114.0 65.0 80.0 53.0 338.0 198.0 536.0
31828 林奕敏 105.0 122.0 111.5 64.0 88.0 81.0 338.5 233.0 571.5
31829 林泽辉 104.0 86.0 84.5 62.0 58.0 63.0 274.5 183.0 457.5
31830 林泽炜 113.0 121.0 110.5 80.0 91.0 79.0 344.5 250.0 594.5
31831 林增瑞 108.0 118.0 114.5 84.0 73.0 71.0 340.5 228.0 568.5
31832 刘丁玮 103.0 104.0 107.5 77.0 91.0 74.0 314.5 242.0 556.5
31833 卢呈焕 94.0 91.0 107.0 52.0 82.0 39.0 292.0 173.0 465.0
31834 卢智扬 106.0 91.0 93.0 41.0 66.0 54.0 290.0 161.0 451.0
31836 邱乐思 102.0 101.0 112.0 79.0 90.0 61.0 315.0 230.0 545.0
31837 佘涵 118.0 107.0 114.0 76.0 89.0 67.0 339.0 232.0 571.0
31838 汤钰瑛 109.0 61.0 122.0 71.0 57.0 54.0 292.0 182.0 474.0
31839 王佩佩 112.0 116.0 113.0 76.0 76.0 72.0 341.0 224.0 565.0
31840 王思佳 121.0 113.0 121.0 77.0 75.0 74.0 355.0 226.0 581.0
31841 王晓泽 113.0 78.0 107.5 65.0 80.0 55.0 298.5 200.0 498.5
31842 王振东 117.0 132.0 110.5 97.0 83.0 70.0 359.5 250.0 609.5
31843 王子瑜 88.0 65.0 95.5 68.0 60.0 59.0 248.5 187.0 435.5
31844 吴绍邦 108.0 116.0 133.0 83.0 89.0 67.0 357.0 239.0 596.0
31845 吴水滇 92.0 111.0 124.0 78.0 84.0 65.0 327.0 227.0 554.0
31846 吴晓琪 109.0 110.0 120.0 69.0 79.0 56.0 339.0 204.0 543.0
31847 吴昕 101.0 112.0 121.5 71.0 69.0 51.0 334.5 191.0 525.5
31848 谢昱康 98.0 98.0 119.0 84.0 81.0 73.0 315.0 238.0 553.0
31849 姚少云 106.0 82.0 92.0 45.0 57.0 66.0 280.0 168.0 448.0
31850 余博浩 95.0 72.0 112.5 77.0 82.0 75.0 279.5 234.0 513.5
31851 曾泓燊 111.0 112.0 110.0 84.0 82.0 54.0 333.0 220.0 553.0
31852 曾佳泓 113.0 113.0 119.5 76.0 85.0 64.0 345.5 225.0 570.5
31854 曾宪瀚 95.0 66.0 86.0 61.0 64.0 52.0 247.0 177.0 424.0
31855 曾伊琳 107.0 124.0 107.5 61.0 64.0 65.0 338.5 190.0 528.5
31856 张随娜 114.0 111.0 108.0 71.0 64.0 69.0 333.0 204.0 537.0
31857 张育铭 116.0 106.0 115.0 74.0 77.0 54.0 337.0 205.0 542.0
31858 章滢蓥 123.0 134.0 98.0 80.0 90.0 60.0 355.0 230.0 585.0
31859 郑任翔 109.0 88.0 117.5 51.0 83.0 66.0 314.5 200.0 514.5
31860 郑子昂 101.0 91.0 103.5 56.0 66.0 52.0 295.5 174.0 469.5
31861 钟浩川 118.0 121.0 122.0 77.0 94.0 78.0 361.0 249.0 610.0
31862 周苑婷 115.0 101.0 120.5 72.0 93.0 71.0 336.5 236.0 572.5
31863 庄妍 116.0 120.0 132.5 59.0 77.0 69.0 368.5 205.0 573.5
31901 蔡育铮 128.0 120.0 122.0 78.0 86.0 73.0 370.0 237.0 607.0
31902 蔡卓颖 119.0 69.0 115.0 58.0 95.0 60.0 303.0 213.0 516.0
31903 陈功超 95.0 60.0 116.0 40.0 61.0 44.0 271.0 145.0 416.0
31904 陈浩宇 109.0 98.0 110.0 78.0 81.0 79.0 317.0 238.0 555.0
31905 陈红 112.0 105.0 118.5 71.0 83.0 63.0 335.5 217.0 552.5
31906 陈嘉杭 106.0 92.0 116.0 66.0 83.0 53.0 314.0 202.0 516.0
31907 陈锴灏 120.0 118.0 114.5 85.0 93.0 72.0 352.5 250.0 602.5
31908 陈孟耀 110.0 94.0 100.5 59.0 64.0 63.0 304.5 186.0 490.5
31909 陈伟杰 104.0 132.0 128.0 82.0 90.0 74.0 364.0 246.0 610.0
31910 陈宇霏 94.0 102.0 105.0 66.0 52.0 51.0 301.0 169.0 470.0
31911 陈卓妮 116.0 95.0 118.0 48.0 68.0 48.0 329.0 164.0 493.0
31912 杜振超 105.0 117.0 130.0 98.0 96.0 73.0 352.0 267.0 619.0
31913 方家颖 112.0 85.0 98.5 49.0 57.0 57.0 295.5 163.0 458.5
31914 郭佳鑫 124.0 132.0 120.5 77.0 97.0 79.0 376.5 253.0 629.5
31915 黄超铄 116.0 92.0 100.0 72.0 81.0 74.0 308.0 227.0 535.0
31916 黄海铭 86.0 94.0 94.0 55.0 85.0 63.0 274.0 203.0 477.0
31917 黄融杰 112.0 101.0 115.0 97.0 80.0 61.0 328.0 238.0 566.0
31921 纪沛桐 112.0 92.0 108.0 64.0 70.0 50.0 312.0 184.0 496.0
31922 李岱谚 117.0 130.0 131.5 95.0 97.0 79.0 378.5 271.0 649.5
31923 李光泽 94.0 98.0 114.0 60.0 67.0 57.0 306.0 184.0 490.0
31924 李鸿 107.0 106.0 110.0 84.0 75.0 62.0 323.0 221.0 544.0
31925 李林昕 110.0 108.0 125.0 88.0 80.0 72.0 343.0 240.0 583.0
31926 李欣然 122.0 114.0 129.5 51.0 89.0 67.0 365.5 207.0 572.5
31927 李鑫 111.0 104.0 117.0 47.0 39.0 49.0 332.0 135.0 467.0
31928 李彦腾 97.0 124.0 116.5 67.0 61.0 64.0 337.5 192.0 529.5
31929 林坚生 115.0 92.0 111.0 71.0 76.0 60.0 318.0 207.0 525.0
31930 林乐贤 128.0 104.0 110.0 93.0 85.0 73.0 342.0 251.0 593.0
31931 林萌子 109.0 99.0 113.0 70.0 87.0 68.0 321.0 225.0 546.0
31932 林银虹 122.0 96.0 119.0 53.0 82.0 72.0 337.0 207.0 544.0
31933 林岳青 113.0 111.0 119.0 55.0 89.0 72.0 343.0 216.0 559.0
31934 卢晓杰 110.0 129.0 122.0 80.0 91.0 80.0 361.0 251.0 612.0
31936 彭丽妹 113.0 73.0 111.0 51.0 70.0 45.0 297.0 166.0 463.0
31937 彭扬帆 101.0 110.0 114.0 62.0 76.0 67.0 325.0 205.0 530.0
31938 沈桂菱 109.0 106.0 95.5 67.0 84.0 78.0 310.5 229.0 539.5
31939 沈益聪 104.0 132.0 111.0 73.0 90.0 59.0 347.0 222.0 569.0
31940 苏思澄 114.0 128.0 102.5 97.0 79.0 67.0 344.5 243.0 587.5
31941 苏泽坤 113.0 97.0 73.5 63.0 77.0 60.0 283.5 200.0 483.5
31942 王璐 107.0 132.0 117.5 75.0 78.0 81.0 356.5 234.0 590.5
31943 王梓琦 103.0 103.0 109.5 81.0 82.0 71.0 315.5 234.0 549.5
31944 文渲 104.0 106.0 109.5 62.0 52.0 63.0 319.5 177.0 496.5
31945 翁涵 102.0 112.0 95.5 80.0 82.0 72.0 309.5 234.0 543.5
31946 吴虹燕 127.0 91.0 100.0 43.0 59.0 46.0 318.0 148.0 466.0
31947 吴佳銮 131.0 121.0 128.5 77.0 83.0 71.0 380.5 231.0 611.5
31948 吴怡玫 116.0 94.0 114.5 62.0 58.0 51.0 324.5 171.0 495.5
31949 谢罗瀚 95.0 84.0 79.5 64.0 60.0 53.0 258.5 177.0 435.5
31950 谢泽钊 88.0 104.0 97.5 59.0 81.0 58.0 289.5 198.0 487.5
31951 徐润峰 91.0 93.0 100.0 55.0 85.0 67.0 284.0 207.0 491.0
31952 许滨楠 111.0 100.0 120.0 71.0 84.0 65.0 331.0 220.0 551.0
31953 许玫 111.0 80.0 132.5 42.0 64.0 65.0 323.5 171.0 494.5
31954 许子源 93.0 109.0 94.5 55.0 47.0 37.0 296.5 139.0 435.5
31955 杨利秋 113.0 103.0 111.0 68.0 89.0 68.0 327.0 225.0 552.0
31956 余子涵 116.0 99.0 111.0 63.0 69.0 59.0 326.0 191.0 517.0
31957 曾奕楠 106.0 101.0 110.0 46.0 69.0 55.0 317.0 170.0 487.0
31958 张超逸 102.0 109.0 106.5 65.0 64.0 57.0 317.5 186.0 503.5
31959 张曼琪 113.0 93.0 112.0 63.0 71.0 73.0 318.0 207.0 525.0
31960 赵彦纯 116.0 111.0 105.0 65.0 92.0 55.0 332.0 212.0 544.0
31961 郑钧漾 99.0 75.0 84.5 61.0 74.0 77.0 258.5 212.0 470.5
31962 郑玮涛 111.0 102.0 103.0 75.0 92.0 70.0 316.0 237.0 553.0
31963 郑锨淇 113.0 104.0 125.5 61.0 76.0 65.0 342.5 202.0 544.5
31964 庄开翔 108.0 131.0 115.5 83.0 84.0 71.0 354.5 238.0 592.5
32001 蔡佳琪 109.0 68.0 95.5 50.0 65.0 60.0 272.5 175.0 447.5
32002 蔡淑玲 113.0 0 113.5 0 71.0 0 0 0 0
32003 蔡伟龙 110.0 106.0 102.5 60.0 80.0 65.0 318.5 205.0 523.5
32004 陈博涵 107.0 129.0 103.5 73.0 79.0 79.0 339.5 231.0 570.5
32005 陈畅洪 106.0 91.0 102.0 60.0 79.0 57.0 299.0 196.0 495.0
32006 陈润洋 90.0 112.0 109.0 77.0 91.0 71.0 311.0 239.0 550.0
32007 陈思桦 122.0 104.0 117.0 78.0 83.0 60.0 343.0 221.0 564.0
32008 陈雪仪 115.0 111.0 115.0 65.0 95.0 68.0 341.0 228.0 569.0
32009 洪奕祥 115.0 109.0 106.0 67.0 88.0 81.0 330.0 236.0 566.0
32010 胡期升 94.0 112.0 130.5 67.0 81.0 69.0 336.5 217.0 553.5
32011 黄斌伟 105.0 89.0 97.5 61.0 77.0 68.0 291.5 206.0 497.5
32012 黄洪雯 100.0 68.0 102.0 47.0 64.0 52.0 270.0 163.0 433.0
32013 黄敏华 103.0 113.0 109.5 60.0 70.0 56.0 325.5 186.0 511.5
32014 黄舜娴 109.0 116.0 99.0 72.0 82.0 77.0 324.0 231.0 555.0
32015 黄于峻 91.0 73.0 89.5 59.0 62.0 46.0 253.5 167.0 420.5
32016 纪梓荣 81.0 122.0 96.5 52.0 79.0 47.0 299.5 178.0 477.5
32017 李东烁 107.0 132.0 111.0 74.0 87.0 66.0 350.0 227.0 577.0
32018 李洁 119.0 120.0 130.5 79.0 94.0 80.0 369.5 253.0 622.5
32019 李易霖 104.0 56.0 98.5 65.0 70.0 64.0 258.5 199.0 457.5
32020 李治 103.0 125.0 102.0 82.0 92.0 82.0 330.0 256.0 586.0
32021 李卓明 119.0 127.0 121.0 80.0 95.0 74.0 367.0 249.0 616.0
32022 林佳煌 112.0 110.0 107.5 66.0 84.0 73.0 329.5 223.0 552.5
32023 林钦鸿 113.0 103.0 123.0 70.0 87.0 58.0 339.0 215.0 554.0
32024 林小琪 104.0 91.0 105.0 62.0 76.0 75.0 300.0 213.0 513.0
32025 林烨 117.0 90.0 124.5 56.0 82.0 66.0 331.5 204.0 535.5
32026 刘艾莉 117.0 122.0 126.0 78.0 79.0 79.0 365.0 236.0 601.0
32027 刘旭东 105.0 124.0 116.0 92.0 91.0 72.0 345.0 255.0 600.0
32028 刘依菁 109.0 128.0 120.5 70.0 68.0 62.0 357.5 200.0 557.5
32029 刘悦韵 121.0 125.0 130.0 80.0 69.0 63.0 376.0 212.0 588.0
32030 马洪量 93.0 87.0 114.5 58.0 72.0 65.0 294.5 195.0 489.5
32031 马茵茵 92.0 83.0 103.5 51.0 51.0 46.0 278.5 148.0 426.5
32032 潘莹涵 103.0 81.0 103.0 53.0 73.0 63.0 287.0 189.0 476.0
32033 沈敏勇 121.0 112.0 110.5 90.0 83.0 80.0 343.5 253.0 596.5
32034 沈晓燕 109.0 124.0 111.0 69.0 93.0 66.0 344.0 228.0 572.0
32035 苏诚章 118.0 104.0 113.0 90.0 96.0 67.0 335.0 253.0 588.0
32036 唐梦洋 91.0 69.0 88.0 39.0 33.0 39.0 248.0 111.0 359.0
32037 王灿杜 96.0 107.0 115.0 68.0 81.0 76.0 318.0 225.0 543.0
32038 王鸿吉 119.0 99.0 90.0 60.0 72.0 49.0 308.0 181.0 489.0
32039 王杰鑫 111.0 97.0 121.5 67.0 79.0 78.0 329.5 224.0 553.5
32040 王泽锴 102.0 94.0 95.5 56.0 58.0 44.0 291.5 158.0 449.5
32041 王子铟 122.0 105.0 128.5 84.0 90.0 69.0 355.5 243.0 598.5
32042 吴斯彤 115.0 82.0 101.0 63.0 72.0 62.0 298.0 197.0 495.0
32044 谢锦珊 120.0 113.0 118.0 77.0 93.0 76.0 351.0 246.0 597.0
32045 谢铠羽 111.0 56.0 117.0 50.0 81.0 56.0 284.0 187.0 471.0
32046 谢婉婷 115.0 87.0 130.5 61.0 86.0 57.0 332.5 204.0 536.5
32047 谢懿锐 118.0 106.0 114.0 77.0 75.0 70.0 338.0 222.0 560.0
32048 徐英芸 117.0 89.0 111.5 61.0 74.0 59.0 317.5 194.0 511.5
32049 许晓刚 114.0 95.0 119.5 89.0 71.0 61.0 328.5 221.0 549.5
32050 许永泓 124.0 136.0 128.0 87.0 98.0 69.0 388.0 254.0 642.0
32051 颜莞尔 117.0 93.0 108.5 73.0 85.0 80.0 318.5 238.0 556.5
32052 姚树耿 114.0 110.0 113.0 72.0 100.0 72.0 337.0 244.0 581.0
32053 姚悦扬 100.0 118.0 120.0 59.0 91.0 67.0 338.0 217.0 555.0
32054 余钊 99.0 85.0 94.0 38.0 75.0 65.0 278.0 178.0 456.0
32055 詹金伟 95.0 108.0 112.0 50.0 75.0 58.0 315.0 183.0 498.0
32056 张皓洵 113.0 117.0 111.0 80.0 75.0 62.0 341.0 217.0 558.0
32057 张扬 101.0 88.0 99.0 60.0 80.0 72.0 288.0 212.0 500.0
32058 张奕欣 111.0 71.0 89.0 33.0 57.0 35.0 271.0 125.0 396.0
32059 郑铠 84.0 103.0 71.0 63.0 89.0 70.0 258.0 222.0 480.0
32060 郑哲然 106.0 111.0 128.0 70.0 85.0 65.0 345.0 220.0 565.0
32061 周泽妍 114.0 98.0 109.5 63.0 83.0 74.0 321.5 220.0 541.5
32062 周子毓 96.0 55.0 111.5 50.0 49.0 35.0 262.5 134.0 396.5
