30401 陈柏林 105.0 122.0 100.0 69.0 55.0 56.0 327.0 180.0 507.0
30402 陈东晓 109.0 89.0 112.5 44.0 60.0 57.0 310.5 161.0 471.5
30403 陈冬仪 117.0 114.0 108.0 58.0 72.0 57.0 339.0 187.0 526.0
30404 陈金洲 110.0 125.0 112.5 65.0 73.0 77.0 347.5 215.0 562.5
30405 陈淑妍 114.0 104.0 117.5 77.0 67.0 66.0 335.5 210.0 545.5
30406 胡楷宇 94.0 116.0 107.5 58.0 60.0 56.0 317.5 174.0 491.5
30407 胡昱 115.0 112.0 109.5 63.0 78.0 67.0 336.5 208.0 544.5
30408 黄艾琪 113.0 108.0 122.0 75.0 79.0 73.0 343.0 227.0 570.0
30409 黄狄林 112.0 113.0 119.5 60.0 72.0 56.0 344.5 188.0 532.5
30410 黄琳婷 109.0 105.0 108.5 42.0 64.0 57.0 322.5 163.0 485.5
30411 黄云进 107.0 103.0 114.5 64.0 74.0 57.0 324.5 195.0 519.5
30412 纪慧煊 96.0 124.0 116.5 73.0 62.0 56.0 336.5 191.0 527.5
30413 蓝玉奇 96.0 93.0 112.0 46.0 60.0 54.0 301.0 160.0 461.0
30414 李宏森 113.0 61.0 67.5 59.0 38.0 48.0 241.5 145.0 386.5
30415 李艺晴 109.0 125.0 118.5 84.0 80.0 75.0 352.5 239.0 591.5
30416 李兆捷 111.0 119.0 122.5 77.0 84.0 71.0 352.5 232.0 584.5
30417 林达 100.0 85.0 119.0 76.0 85.0 53.0 304.0 214.0 518.0
30418 林镜辉 114.0 117.0 98.0 79.0 70.0 61.0 329.0 210.0 539.0
30419 林永佳 95.0 88.0 100.5 46.0 39.0 57.0 283.5 142.0 425.5
30420 林昱霖 101.0 142.0 103.0 81.0 85.0 78.0 346.0 244.0 590.0
30421 林泽楷 119.0 120.0 101.5 78.0 66.0 59.0 340.5 203.0 543.5
30422 刘琳菲 112.0 78.0 103.0 51.0 75.0 59.0 293.0 185.0 478.0
30423 刘壮鸣 54.0 10.0 36.0 22.0 18.0 17.0 100.0 57.0 157.0
30424 卢涵 108.0 79.0 109.5 56.0 71.0 59.0 296.5 186.0 482.5
30425 卢昕玥 115.0 99.0 105.0 61.0 62.0 62.0 319.0 185.0 504.0
30426 卢彦宇 94.0 96.0 91.5 54.0 59.0 51.0 281.5 164.0 445.5
30427 罗亦宋 102.0 82.0 111.0 63.0 60.0 62.0 295.0 185.0 480.0
30428 麦扬 107.0 106.0 104.0 54.0 63.0 46.0 317.0 163.0 480.0
30429 邵彦程 105.0 83.0 78.5 40.0 43.0 43.0 266.5 126.0 392.5
30430 沈丹琼 117.0 124.0 120.0 88.0 81.0 81.0 361.0 250.0 611.0
30431 王磊 102.0 105.0 113.5 67.0 84.0 75.0 320.5 226.0 546.5
30432 王震霆 102.0 82.0 82.0 54.0 41.0 34.0 266.0 129.0 395.0
30433 韦昕澄 109.0 127.0 129.0 72.0 85.0 69.0 365.0 226.0 591.0
30434 魏桐曦 110.0 100.0 123.0 81.0 66.0 77.0 333.0 224.0 557.0
30435 翁铭捷 109.0 63.0 92.0 47.0 56.0 66.0 264.0 169.0 433.0
30436 吴洁兰 110.0 87.0 87.0 56.0 44.0 48.0 284.0 148.0 432.0
30437 吴婕洵 115.0 123.0 121.0 70.0 84.0 68.0 359.0 222.0 581.0
30438 吴郁楠 115.0 102.0 118.5 62.0 64.0 71.0 335.5 197.0 532.5
30439 吴泽峰 110.0 95.0 111.5 70.0 70.0 64.0 316.5 204.0 520.5
30440 吴植慧 105.0 58.0 96.5 34.0 40.0 32.0 259.5 106.0 365.5
30441 谢庆欣 107.0 67.0 115.5 48.0 47.0 44.0 289.5 139.0 428.5
30442 辛孜玫 103.0 99.0 85.0 46.0 59.0 54.0 287.0 159.0 446.0
30443 徐浩锴 101.0 87.0 99.5 71.0 75.0 44.0 287.5 190.0 477.5
30444 许可淳 115.0 106.0 128.5 81.0 91.0 78.0 349.5 250.0 599.5
30445 许林菁 116.0 104.0 104.0 62.0 80.0 65.0 324.0 207.0 531.0
30446 许统辉 108.0 103.0 94.5 49.0 66.0 52.0 305.5 167.0 472.5
30447 许旭东 117.0 108.0 122.5 72.0 75.0 67.0 347.5 214.0 561.5
30448 杨博锐 106.0 73.0 102.0 44.0 54.0 50.0 281.0 148.0 429.0
30449 杨乔 114.0 78.0 85.0 48.0 47.0 52.0 277.0 147.0 424.0
30450 杨宇镔 111.0 78.0 95.5 53.0 58.0 65.0 284.5 176.0 460.5
30451 杨芷涵 118.0 112.0 138.5 79.0 86.0 69.0 368.5 234.0 602.5
30452 姚楷炫 104.0 109.0 116.5 54.0 74.0 66.0 329.5 194.0 523.5
30453 张若涵 114.0 103.0 119.0 61.0 72.0 58.0 336.0 191.0 527.0
30454 张雪妍 114.0 101.0 105.5 55.0 61.0 48.0 320.5 164.0 484.5
30455 赵明明 112.0 86.0 116.5 46.0 62.0 59.0 314.5 167.0 481.5
30456 赵晓明 107.0 89.0 108.5 45.0 75.0 57.0 304.5 177.0 481.5
30457 郑沐林 114.0 115.0 131.5 91.0 87.0 78.0 360.5 256.0 616.5
30458 郑镛墉 110.0 69.0 97.5 47.0 53.0 53.0 276.5 153.0 429.5
30459 钟献彪 112.0 104.0 100.5 71.0 76.0 64.0 316.5 211.0 527.5
30460 周梓勃 104.0 112.0 114.0 68.0 77.0 57.0 330.0 202.0 532.0
30461 朱丹琪 106.0 116.0 105.0 60.0 36.0 47.0 327.0 143.0 470.0
30462 庄漪婷 117.0 85.0 108.5 63.0 48.0 55.0 310.5 166.0 476.5
30501 蔡苑虹 102.0 129.0 118.0 67.0 87.0 62.0 349.0 216.0 565.0
30502 陈福溢 114.0 90.0 124.5 60.0 68.0 65.0 328.5 193.0 521.5
30503 陈泓 109.0 64.0 124.0 41.0 49.0 41.0 297.0 131.0 428.0
30504 陈佳泓 104.0 114.0 105.5 76.0 77.0 63.0 323.5 216.0 539.5
30505 陈嘉胜 98.0 68.0 96.5 69.0 53.0 54.0 262.5 176.0 438.5
30506 陈丽娜 103.0 93.0 102.5 77.0 76.0 51.0 298.5 204.0 502.5
30507 陈沛震 93.0 113.0 101.0 59.0 77.0 59.0 307.0 195.0 502.0
30508 陈乔林 106.0 98.0 104.5 68.0 59.0 44.0 308.5 171.0 479.5
30509 陈疏桐 104.0 108.0 127.0 78.0 79.0 62.0 339.0 219.0 558.0
30510 陈欣洋 96.0 94.0 83.0 35.0 29.0 43.0 273.0 107.0 380.0
30511 陈雅琪 111.0 90.0 110.0 60.0 76.0 70.0 311.0 206.0 517.0
30512 陈一凡 92.0 119.0 94.5 71.0 85.0 85.0 305.5 241.0 546.5
30513 陈禹廷 96.0 118.0 106.5 52.0 61.0 51.0 320.5 164.0 484.5
30514 陈煜琳 104.0 113.0 113.0 83.0 81.0 72.0 330.0 236.0 566.0
30515 陈梓瀚 110.0 104.0 106.0 84.0 83.0 63.0 320.0 230.0 550.0
30516 陈梓霓 94.0 117.0 110.0 78.0 63.0 62.0 321.0 203.0 524.0
30517 陈梓宇 104.0 118.0 89.0 66.0 90.0 62.0 311.0 218.0 529.0
30518 方灿鸿 104.0 104.0 107.5 75.0 60.0 51.0 315.5 186.0 501.5
30519 郭梓淇 115.0 83.0 109.0 59.0 42.0 39.0 307.0 140.0 447.0
30520 黄泓鉴 115.0 111.0 122.5 76.0 78.0 62.0 348.5 216.0 564.5
30521 黄金涛 109.0 105.0 107.5 57.0 67.0 47.0 321.5 171.0 492.5
30522 黄式铨 101.0 116.0 103.0 65.0 74.0 52.0 320.0 191.0 511.0
30523 黄孜睿 98.0 79.0 113.5 67.0 79.0 60.0 290.5 206.0 496.5
30524 江卓聪 104.0 113.0 123.0 74.0 87.0 81.0 340.0 242.0 582.0
30525 李依璘 111.0 91.0 120.5 61.0 71.0 55.0 322.5 187.0 509.5
30526 李子聪 101.0 103.0 112.5 67.0 73.0 61.0 316.5 201.0 517.5
30527 林钡钡 100.0 113.0 118.0 66.0 71.0 74.0 331.0 211.0 542.0
30528 林洁萍 116.0 99.0 119.5 53.0 77.0 63.0 334.5 193.0 527.5
30530 林泽滢 114.0 105.0 116.0 44.0 53.0 43.0 335.0 140.0 475.0
30531 刘榕飒 103.0 88.0 106.5 53.0 82.0 54.0 297.5 189.0 486.5
30532 陆凡冰 104.0 128.0 112.0 83.0 84.0 63.0 344.0 230.0 574.0
30533 马万里 111.0 88.0 91.5 73.0 71.0 62.0 290.5 206.0 496.5
30534 马伟涛 120.0 130.0 108.5 67.0 86.0 61.0 358.5 214.0 572.5
30535 潘俞霏 113.0 116.0 103.0 58.0 78.0 62.0 332.0 198.0 530.0
30536 沈哲沛 97.0 63.0 107.5 59.0 41.0 43.0 267.5 143.0 410.5
30537 孙玮 105.0 99.0 97.0 60.0 62.0 68.0 301.0 190.0 491.0
30538 王楠 108.0 104.0 119.5 52.0 48.0 62.0 331.5 162.0 493.5
30540 吴博 114.0 125.0 118.5 80.0 83.0 65.0 357.5 228.0 585.5
30541 吴佳芸 104.0 96.0 103.5 52.0 43.0 54.0 303.5 149.0 452.5
30542 吴淇升 101.0 85.0 105.0 65.0 82.0 45.0 291.0 192.0 483.0
30543 吴易达 95.0 113.0 98.0 72.0 63.0 60.0 306.0 195.0 501.0
30544 肖泽楷 118.0 90.0 106.5 61.0 49.0 57.0 314.5 167.0 481.5
30545 谢函瀚 113.0 77.0 115.5 59.0 49.0 64.0 305.5 172.0 477.5
30547 谢思婷 105.0 98.0 124.5 58.0 83.0 60.0 327.5 201.0 528.5
30548 谢育锋 95.0 122.0 98.5 70.0 73.0 56.0 315.5 199.0 514.5
30549 徐芷欣 106.0 106.0 110.0 72.0 75.0 49.0 322.0 196.0 518.0
30550 杨昕 110.0 106.0 116.0 65.0 64.0 71.0 332.0 200.0 532.0
30551 姚雪萍 103.0 104.0 107.0 47.0 54.0 52.0 314.0 153.0 467.0
30552 姚逸峰 102.0 107.0 97.0 81.0 67.0 64.0 306.0 212.0 518.0
30553 余泓涛 95.0 100.0 75.0 25.0 58.0 45.0 270.0 128.0 398.0
30554 余珮镕 113.0 99.0 117.0 65.0 71.0 57.0 329.0 193.0 522.0
30555 曾烁 104.0 73.0 97.5 43.0 50.0 27.0 274.5 120.0 394.5
30556 张基烨 92.0 79.0 111.0 58.0 83.0 52.0 282.0 193.0 475.0
30557 张锦河 106.0 102.0 97.0 71.0 85.0 59.0 305.0 215.0 520.0
30558 张子斌 105.0 114.0 109.0 74.0 75.0 58.0 328.0 207.0 535.0
30559 张宗泽 107.0 126.0 108.5 58.0 73.0 58.0 341.5 189.0 530.5
30560 郑涵 109.0 131.0 123.0 89.0 92.0 78.0 363.0 259.0 622.0
30561 郑主加 102.0 96.0 88.5 44.0 40.0 50.0 286.5 134.0 420.5
30562 钟婉灵 110.0 101.0 95.5 81.0 77.0 43.0 306.5 201.0 507.5
30563 周哲 89.0 132.0 103.5 76.0 83.0 58.0 324.5 217.0 541.5
30601 蔡楚怡 101.0 91.0 108.5 58.0 74.0 48.0 300.5 180.0 480.5
30602 蔡瀚锋 118.0 111.0 109.5 68.0 65.0 66.0 338.5 199.0 537.5
30603 蔡弋炀 105.0 124.0 112.5 83.0 89.0 53.0 341.5 225.0 566.5
30604 陈金涛 112.0 114.0 99.0 76.0 60.0 43.0 325.0 179.0 504.0
30605 陈谨 104.0 86.0 104.0 57.0 65.0 53.0 294.0 175.0 469.0
30606 陈庆 112.0 86.0 105.0 64.0 70.0 64.0 303.0 198.0 501.0
30607 陈帅琦 112.0 109.0 120.5 69.0 79.0 58.0 341.5 206.0 547.5
30608 陈锶涛 105.0 88.0 79.5 26.0 40.0 43.0 272.5 109.0 381.5
30609 陈雅文 106.0 88.0 130.5 68.0 82.0 48.0 324.5 198.0 522.5
30610 陈妍 107.0 83.0 117.0 53.0 54.0 55.0 307.0 162.0 469.0
30611 陈振霖 113.0 107.0 106.0 76.0 55.0 48.0 326.0 179.0 505.0
30612 陈震寅 109.0 127.0 93.5 68.0 84.0 69.0 329.5 221.0 550.5
30613 陈梓泓 108.0 110.0 94.5 70.0 80.0 60.0 312.5 210.0 522.5
30614 陈梓演 106.0 108.0 119.0 61.0 70.0 56.0 333.0 187.0 520.0
30615 戴德燊 110.0 108.0 96.0 75.0 63.0 58.0 314.0 196.0 510.0
30616 方家浩 102.0 87.0 100.5 69.0 66.0 61.0 289.5 196.0 485.5
30617 方玮绚 101.0 93.0 89.5 60.0 68.0 49.0 283.5 177.0 460.5
30618 方小涵 107.0 91.0 122.0 45.0 75.0 53.0 320.0 173.0 493.0
30619 方梓昊 100.0 78.0 94.5 50.0 60.0 57.0 272.5 167.0 439.5
30620 郭悦宁 108.0 80.0 97.5 42.0 48.0 37.0 285.5 127.0 412.5
30621 郭滋涵 65.0 44.0 61.0 19.0 16.0 20.0 170.0 55.0 225.0
30622 洪斯沛 107.0 83.0 118.0 63.0 73.0 57.0 308.0 193.0 501.0
30623 黄蔓蔓 92.0 105.0 89.0 52.0 69.0 40.0 286.0 161.0 447.0
30624 黄树炫 109.0 111.0 123.5 84.0 84.0 54.0 343.5 222.0 565.5
30625 黄晚至 108.0 88.0 115.5 58.0 60.0 49.0 311.5 167.0 478.5
30626 黄粤奇 103.0 95.0 106.5 54.0 72.0 47.0 304.5 173.0 477.5
30627 李传璞 105.0 73.0 109.5 58.0 82.0 60.0 287.5 200.0 487.5
30628 李科谋 114.0 107.0 119.5 80.0 83.0 60.0 340.5 223.0 563.5
30629 李婉宜 111.0 115.0 95.5 72.0 80.0 65.0 321.5 217.0 538.5
30630 李心彤 102.0 90.0 111.0 36.0 58.0 42.0 303.0 136.0 439.0
30631 梁婧 103.0 82.0 102.0 59.0 59.0 60.0 287.0 178.0 465.0
30632 林琦 98.0 127.0 121.0 82.0 74.0 75.0 346.0 231.0 577.0
30633 林润峰 98.0 55.0 104.5 41.0 43.0 41.0 257.5 125.0 382.5
30634 林烁 108.0 95.0 102.5 53.0 67.0 54.0 305.5 174.0 479.5
30635 林钰祺 107.0 93.0 106.5 74.0 51.0 52.0 306.5 177.0 483.5
30636 林泽聪 111.0 116.0 114.5 77.0 79.0 61.0 341.5 217.0 558.5
30637 林泽娜 107.0 77.0 119.5 60.0 76.0 59.0 303.5 195.0 498.5
30638 刘学智 102.0 109.0 114.5 69.0 70.0 62.0 325.5 201.0 526.5
30639 马思奇 114.0 75.0 111.0 56.0 60.0 58.0 300.0 174.0 474.0
30640 佘卓键 91.0 120.0 94.5 49.0 80.0 53.0 305.5 182.0 487.5
30641 沈畅泳 114.0 138.0 125.5 90.0 88.0 65.0 377.5 243.0 620.5
30642 汤庆琳 106.0 80.0 106.5 40.0 50.0 34.0 292.5 124.0 416.5
30643 王嘉如 118.0 97.0 113.0 64.0 67.0 67.0 328.0 198.0 526.0
30644 王琳 108.0 103.0 117.0 58.0 74.0 52.0 328.0 184.0 512.0
30645 王梓渲 103.0 109.0 112.5 81.0 84.0 74.0 324.5 239.0 563.5
30646 吴文澜 109.0 86.0 108.0 51.0 49.0 54.0 303.0 154.0 457.0
30647 吴妍 114.0 119.0 104.5 63.0 73.0 69.0 337.5 205.0 542.5
30648 许夏帆 114.0 113.0 128.0 64.0 62.0 66.0 355.0 192.0 547.0
30649 许烨琪 103.0 111.0 88.5 57.0 66.0 44.0 302.5 167.0 469.5
30650 杨金满 114.0 121.0 134.0 90.0 88.0 62.0 369.0 240.0 609.0
30651 杨壬 75.0 47.0 78.0 48.0 23.0 28.0 200.0 99.0 299.0
30652 杨依云 113.0 98.0 123.5 61.0 82.0 69.0 334.5 212.0 546.5
30653 蚁维聪 112.0 111.0 101.5 67.0 75.0 55.0 324.5 197.0 521.5
30654 余信荣 108.0 108.0 128.0 78.0 85.0 70.0 344.0 233.0 577.0
30655 喻子韬 99.0 99.0 109.0 72.0 72.0 59.0 307.0 203.0 510.0
30656 詹育东 107.0 111.0 106.5 77.0 76.0 58.0 324.5 211.0 535.5
30657 张棣炫 106.0 98.0 114.0 63.0 58.0 55.0 318.0 176.0 494.0
30658 张欣悦 112.0 115.0 117.5 65.0 62.0 53.0 344.5 180.0 524.5
30659 郑东能 104.0 131.0 92.0 86.0 78.0 69.0 327.0 233.0 560.0
30660 郑凯元 95.0 121.0 119.5 76.0 72.0 55.0 335.5 203.0 538.5
30661 郑泽楠 105.0 102.0 105.0 51.0 74.0 58.0 312.0 183.0 495.0
30662 钟贝琪 102.0 108.0 117.5 75.0 67.0 54.0 327.5 196.0 523.5
30663 周盈贝 89.0 85.0 101.0 56.0 65.0 51.0 275.0 172.0 447.0
30701 蔡博涵 107.0 97.0 85.0 74.0 62.0 60.0 289.0 196.0 485.0
30702 蔡琪 110.0 74.0 89.0 41.0 40.0 37.0 273.0 118.0 391.0
30703 蔡淑熙 114.0 97.0 110.0 57.0 50.0 60.0 321.0 167.0 488.0
30705 蔡泽莹 106.0 113.0 104.0 64.0 55.0 47.0 323.0 166.0 489.0
30706 蔡之雅 102.0 108.0 111.5 44.0 68.0 48.0 321.5 160.0 481.5
30707 蔡至钿 106.0 90.0 117.0 66.0 66.0 58.0 313.0 190.0 503.0
30708 陈畅 105.0 97.0 106.5 52.0 59.0 49.0 308.5 160.0 468.5
30709 陈铎仑 113.0 107.0 125.5 82.0 88.0 75.0 345.5 245.0 590.5
30710 陈俊成 111.0 114.0 113.0 82.0 87.0 59.0 338.0 228.0 566.0
30711 陈思冰 108.0 83.0 107.0 61.0 61.0 47.0 298.0 169.0 467.0
30712 陈思桦 101.0 103.0 103.5 66.0 47.0 45.0 307.5 158.0 465.5
30713 陈武杰 101.0 100.0 101.0 55.0 51.0 42.0 302.0 148.0 450.0
30714 陈晓雯 117.0 122.0 132.0 76.0 96.0 72.0 371.0 244.0 615.0
30715 陈奕纯 102.0 120.0 122.0 63.0 70.0 54.0 344.0 187.0 531.0
30716 陈钟之 118.0 109.0 112.5 63.0 74.0 51.0 339.5 188.0 527.5
30717 陈梓博 104.0 109.0 103.0 66.0 41.0 63.0 316.0 170.0 486.0
30719 丁烜 102.0 72.0 82.5 60.0 54.0 50.0 256.5 164.0 420.5
30720 杜昕 116.0 98.0 117.0 68.0 66.0 70.0 331.0 204.0 535.0
30721 杜展 111.0 106.0 111.0 70.0 81.0 69.0 328.0 220.0 548.0
30722 郭枫阳 123.0 122.0 126.0 64.0 82.0 62.0 371.0 208.0 579.0
30723 洪欣苑 102.0 75.0 101.0 76.0 73.0 50.0 278.0 199.0 477.0
30724 洪梓昂 96.0 108.0 111.5 64.0 80.0 77.0 315.5 221.0 536.5
30725 黄心婷 114.0 121.0 112.5 85.0 71.0 58.0 347.5 214.0 561.5
30726 黄芷琳 106.0 94.0 128.5 49.0 58.0 47.0 328.5 154.0 482.5
30727 李博恩 112.0 114.0 125.0 74.0 60.0 60.0 351.0 194.0 545.0
30728 李恺寰 116.0 94.0 114.0 68.0 73.0 75.0 324.0 216.0 540.0
30729 李沛熙 107.0 125.0 102.5 90.0 89.0 71.0 334.5 250.0 584.5
30730 李翊亨 105.0 102.0 109.0 60.0 78.0 59.0 316.0 197.0 513.0
30731 林宏杰 109.0 87.0 97.0 79.0 59.0 62.0 293.0 200.0 493.0
30732 林熙 101.0 89.0 91.5 44.0 70.0 44.0 281.5 158.0 439.5
30733 林映含 114.0 120.0 117.5 64.0 58.0 70.0 351.5 192.0 543.5
30734 林芸 106.0 102.0 111.5 71.0 74.0 72.0 319.5 217.0 536.5
30735 刘乐欣 115.0 117.0 120.0 78.0 57.0 56.0 352.0 191.0 543.0
30736 刘依雯 97.0 70.0 99.0 38.0 22.0 30.0 266.0 90.0 356.0
30737 刘雨奇 94.0 115.0 121.5 76.0 76.0 77.0 330.5 229.0 559.5
30738 刘子烁 110.0 78.0 88.5 56.0 60.0 53.0 276.5 169.0 445.5
30739 陆伟坤 116.0 85.0 91.5 61.0 83.0 60.0 292.5 204.0 496.5
30740 马学宽 101.0 86.0 121.0 53.0 74.0 63.0 308.0 190.0 498.0
30741 彭博澄 107.0 97.0 107.0 74.0 67.0 73.0 311.0 214.0 525.0
30742 邱可盈 111.0 120.0 103.5 83.0 60.0 58.0 334.5 201.0 535.5
30745 苏烁航 90.0 107.0 90.5 66.0 77.0 47.0 287.5 190.0 477.5
30746 苏斯楠 108.0 96.0 92.0 68.0 59.0 54.0 296.0 181.0 477.0
30747 孙润楷 109.0 107.0 112.0 65.0 73.0 60.0 328.0 198.0 526.0
30748 吴佳生 105.0 125.0 122.0 84.0 95.0 67.0 352.0 246.0 598.0
30749 吴昕 101.0 95.0 110.0 53.0 68.0 53.0 306.0 174.0 480.0
30750 谢伟坤 100.0 121.0 95.0 80.0 61.0 45.0 316.0 186.0 502.0
30751 谢宗泰 112.0 104.0 126.0 72.0 62.0 64.0 342.0 198.0 540.0
30752 徐子媛 114.0 88.0 121.5 70.0 64.0 50.0 323.5 184.0 507.5
30753 许楷扬 93.0 88.0 115.0 49.0 51.0 38.0 296.0 138.0 434.0
30754 许艺瀛 99.0 128.0 114.0 74.0 76.0 55.0 341.0 205.0 546.0
30755 杨深林 96.0 105.0 89.5 85.0 86.0 73.0 290.5 244.0 534.5
30756 杨烨爽 111.0 129.0 114.5 78.0 84.0 66.0 354.5 228.0 582.5
30757 叶乐萱 107.0 124.0 144.5 89.0 94.0 82.0 375.5 265.0 640.5
30758 张睿 114.0 111.0 99.0 69.0 63.0 55.0 324.0 187.0 511.0
30759 张少伟 90.0 90.0 89.5 47.0 56.0 44.0 269.5 147.0 416.5
30760 张煜坚 113.0 79.0 118.5 55.0 44.0 42.0 310.5 141.0 451.5
30761 郑逸晖 112.0 104.0 129.0 87.0 69.0 74.0 345.0 230.0 575.0
30762 钟耿钦 98.0 108.0 88.0 57.0 68.0 58.0 294.0 183.0 477.0
30801 蔡筱蕊 100.0 101.0 106.0 65.0 62.0 47.0 307.0 174.0 481.0
30802 蔡奕桐 117.0 116.0 101.5 71.0 76.0 57.0 334.5 204.0 538.5
30803 蔡泽泓 103.0 113.0 106.0 83.0 72.0 47.0 322.0 202.0 524.0
30804 陈达可 98.0 119.0 130.0 77.0 70.0 71.0 347.0 218.0 565.0
30805 陈丹仪 113.0 120.0 113.5 83.0 93.0 80.0 346.5 256.0 602.5
30806 陈锴榆 110.0 104.0 99.0 63.0 72.0 55.0 313.0 190.0 503.0
30807 陈润慷 106.0 133.0 97.0 72.0 70.0 84.0 336.0 226.0 562.0
30808 陈淑芳 111.0 88.0 102.5 53.0 44.0 49.0 301.5 146.0 447.5
30809 陈彦宇 96.0 105.0 109.0 56.0 61.0 37.0 310.0 154.0 464.0
30810 陈钰琦 106.0 70.0 106.0 38.0 54.0 55.0 282.0 147.0 429.0
30811 陈志航 102.0 95.0 98.0 44.0 35.0 49.0 295.0 128.0 423.0
30812 单浩铭 0 102.0 0 58.0 0 51.0 0 0 0
30813 董煜然 113.0 103.0 86.5 58.0 75.0 63.0 302.5 196.0 498.5
30814 杜庚育 117.0 110.0 107.5 77.0 95.0 75.0 334.5 247.0 581.5
30815 方淑钰 93.0 67.0 90.0 50.0 37.0 50.0 250.0 137.0 387.0
30816 方殷锴 98.0 120.0 125.5 64.0 87.0 75.0 343.5 226.0 569.5
30817 葛颖 102.0 116.0 106.0 59.0 58.0 72.0 324.0 189.0 513.0
30818 郭粉红 115.0 97.0 109.5 64.0 75.0 53.0 321.5 192.0 513.5
30819 郭景瀚 109.0 106.0 111.0 63.0 38.0 56.0 326.0 157.0 483.0
30820 洪立强 113.0 108.0 94.0 52.0 79.0 53.0 315.0 184.0 499.0
30821 洪少锐 109.0 115.0 101.0 64.0 61.0 53.0 325.0 178.0 503.0
30822 黄端 103.0 124.0 106.0 81.0 84.0 69.0 333.0 234.0 567.0
30823 黄丰 105.0 109.0 114.0 59.0 58.0 56.0 328.0 173.0 501.0
30824 黄俊斐 95.0 119.0 112.0 69.0 73.0 66.0 326.0 208.0 534.0
30825 黄可欣 108.0 101.0 127.0 74.0 57.0 68.0 336.0 199.0 535.0
30826 金泽薰 121.0 104.0 110.0 79.0 88.0 73.0 335.0 240.0 575.0
30827 蓝旸 105.0 101.0 113.0 49.0 69.0 57.0 319.0 175.0 494.0
30828 林炳丽 109.0 129.0 123.0 72.0 85.0 81.0 361.0 238.0 599.0
30829 林栾荀 109.0 116.0 109.5 68.0 77.0 62.0 334.5 207.0 541.5
30830 林若彤 107.0 129.0 113.5 59.0 77.0 51.0 349.5 187.0 536.5
30831 林晓纯 112.0 113.0 117.5 56.0 72.0 55.0 342.5 183.0 525.5
30832 林钇 104.0 100.0 108.5 79.0 72.0 69.0 312.5 220.0 532.5
30833 林毓莹 101.0 111.0 126.5 56.0 64.0 63.0 338.5 183.0 521.5
30834 林泽凯 96.0 84.0 90.0 63.0 55.0 44.0 270.0 162.0 432.0
30835 刘尔嘉 122.0 120.0 118.0 71.0 82.0 63.0 360.0 216.0 576.0
30836 马旭宁 110.0 110.0 89.5 67.0 51.0 67.0 309.5 185.0 494.5
30837 彭诗妍 93.0 58.0 102.5 33.0 65.0 50.0 253.5 148.0 401.5
30838 宋洁榕 107.0 95.0 122.5 73.0 68.0 66.0 324.5 207.0 531.5
30839 王绿蔚 109.0 102.0 122.5 66.0 77.0 54.0 333.5 197.0 530.5
30840 王维佳 97.0 91.0 88.5 49.0 41.0 46.0 276.5 136.0 412.5
30841 王知往 116.0 95.0 106.5 64.0 68.0 53.0 317.5 185.0 502.5
30842 王志扬 93.0 119.0 112.5 61.0 74.0 60.0 324.5 195.0 519.5
30843 温一海 102.0 101.0 108.5 46.0 61.0 36.0 311.5 143.0 454.5
30844 吴丹妮 106.0 87.0 111.0 25.0 61.0 48.0 304.0 134.0 438.0
30845 吴赋 109.0 115.0 122.0 75.0 90.0 82.0 346.0 247.0 593.0
30846 吴润铭 109.0 106.0 101.5 44.0 38.0 49.0 316.5 131.0 447.5
30847 吴夏韵 108.0 125.0 96.0 63.0 77.0 69.0 329.0 209.0 538.0
30848 辛铄浩 102.0 110.0 109.5 75.0 75.0 51.0 321.5 201.0 522.5
30849 杨婷婷 107.0 94.0 102.0 43.0 45.0 51.0 303.0 139.0 442.0
30850 曾宇丹 112.0 123.0 131.5 73.0 80.0 70.0 366.5 223.0 589.5
30851 曾宇煌 93.0 104.0 108.5 59.0 53.0 49.0 305.5 161.0 466.5
30852 张晓斐 110.0 93.0 107.0 54.0 49.0 47.0 310.0 150.0 460.0
30853 张梓涵 94.0 117.0 124.5 70.0 77.0 56.0 335.5 203.0 538.5
30854 郑聪 101.0 119.0 109.0 69.0 81.0 62.0 329.0 212.0 541.0
30855 郑岱锋 108.0 60.0 99.0 54.0 28.0 35.0 267.0 117.0 384.0
30856 郑楷融 98.0 74.0 100.5 42.0 47.0 42.0 272.5 131.0 403.5
30857 郑欣琳 103.0 93.0 105.0 46.0 61.0 38.0 301.0 145.0 446.0
30858 郑宇平 106.0 111.0 110.5 62.0 62.0 49.0 327.5 173.0 500.5
30859 周弋钿 118.0 116.0 132.5 65.0 81.0 76.0 366.5 222.0 588.5
30860 朱宇寅 102.0 60.0 105.5 24.0 44.0 34.0 267.5 102.0 369.5
30861 庄先正 98.0 94.0 91.0 49.0 34.0 54.0 283.0 137.0 420.0
30862 邹彤彤 104.0 97.0 114.5 53.0 54.0 41.0 315.5 148.0 463.5
30901 蔡仰涵 111.0 109.0 112.0 66.0 86.0 80.0 332.0 232.0 564.0
30902 陈玳翊 99.0 99.0 94.5 66.0 61.0 54.0 292.5 181.0 473.5
30903 陈方梓淳 107.0 79.0 97.0 62.0 49.0 38.0 283.0 149.0 432.0
30904 陈俊锴 104.0 112.0 118.5 62.0 59.0 44.0 334.5 165.0 499.5
30905 陈铿 104.0 111.0 97.0 58.0 61.0 56.0 312.0 175.0 487.0
30906 陈琳 115.0 91.0 104.0 59.0 54.0 51.0 310.0 164.0 474.0
30907 陈淼泓 110.0 89.0 99.0 52.0 37.0 52.0 298.0 141.0 439.0
30908 陈诺 117.0 128.0 99.5 78.0 84.0 60.0 344.5 222.0 566.5
30909 陈申 114.0 107.0 128.5 68.0 82.0 69.0 349.5 219.0 568.5
30910 陈曦芃 119.0 94.0 107.5 60.0 54.0 62.0 320.5 176.0 496.5
30911 陈逸挺 87.0 74.0 92.0 39.0 52.0 34.0 253.0 125.0 378.0
30912 陈钰媛 106.0 112.0 99.0 40.0 56.0 50.0 317.0 146.0 463.0
30913 陈裕 105.0 103.0 110.5 52.0 56.0 50.0 318.5 158.0 476.5
30914 陈钊燚 109.0 107.0 110.0 70.0 72.0 67.0 326.0 209.0 535.0
30915 丁琪瑄 97.0 104.0 114.5 70.0 58.0 53.0 315.5 181.0 496.5
30916 丁泽晟 101.0 107.0 106.5 77.0 75.0 54.0 314.5 206.0 520.5
30917 董信步 102.0 103.0 113.0 72.0 67.0 58.0 318.0 197.0 515.0
30918 郭婉祺 118.0 130.0 122.5 77.0 71.0 83.0 370.5 231.0 601.5
30919 郭潇凯 109.0 107.0 109.5 61.0 77.0 58.0 325.5 196.0 521.5
30920 洪愿足 93.0 119.0 104.5 75.0 69.0 66.0 316.5 210.0 526.5
30921 黄川 104.0 129.0 103.5 51.0 68.0 43.0 336.5 162.0 498.5
30923 黄晓彤 91.0 54.0 105.5 23.0 25.0 32.0 250.5 80.0 330.5
30924 黄泽钦 107.0 131.0 105.0 77.0 91.0 74.0 343.0 242.0 585.0
30925 黄梓媛 107.0 82.0 118.5 54.0 69.0 53.0 307.5 176.0 483.5
30926 蓝菁 106.0 89.0 105.0 64.0 50.0 51.0 300.0 165.0 465.0
30927 李金洺 101.0 59.0 96.5 48.0 45.0 50.0 256.5 143.0 399.5
30928 李乐浩 105.0 107.0 94.5 48.0 46.0 61.0 306.5 155.0 461.5
30929 李泽銮 108.0 82.0 100.5 71.0 53.0 57.0 290.5 181.0 471.5
30930 林翰 107.0 96.0 119.0 49.0 63.0 52.0 322.0 164.0 486.0
30931 林洁娜 116.0 111.0 110.0 43.0 71.0 47.0 337.0 161.0 498.0
30932 林锦燕 113.0 105.0 124.0 69.0 86.0 66.0 342.0 221.0 563.0
30933 林仕居 103.0 114.0 130.5 73.0 73.0 63.0 347.5 209.0 556.5
30934 林铄浩 108.0 112.0 96.5 62.0 53.0 67.0 316.5 182.0 498.5
30935 林晓琪 112.0 106.0 122.5 67.0 77.0 60.0 340.5 204.0 544.5
30936 林依洁 121.0 80.0 109.0 66.0 65.0 52.0 310.0 183.0 493.0
30937 刘泳钊 105.0 83.0 113.0 56.0 54.0 58.0 301.0 168.0 469.0
30938 罗泽鑫 104.0 129.0 98.0 85.0 71.0 69.0 331.0 225.0 556.0
30939 欧阳苇航 117.0 116.0 109.0 92.0 76.0 68.0 342.0 236.0 578.0
30940 潘沛 107.0 94.0 110.5 37.0 54.0 44.0 311.5 135.0 446.5
30941 邱子涵 117.0 113.0 123.5 71.0 70.0 65.0 353.5 206.0 559.5
30942 芮滢 104.0 112.0 126.5 61.0 66.0 64.0 342.5 191.0 533.5
30943 沈子钦 97.0 84.0 125.5 58.0 71.0 54.0 306.5 183.0 489.5
30944 王逸楠 108.0 99.0 97.0 48.0 72.0 45.0 304.0 165.0 469.0
30945 王梓宜 85.0 72.0 80.5 61.0 71.0 61.0 237.5 193.0 430.5
30946 吴佳锡 116.0 95.0 109.0 88.0 81.0 66.0 320.0 235.0 555.0
30947 吴奕艾 90.0 94.0 90.5 54.0 54.0 71.0 274.5 179.0 453.5
30948 吴逸慈 101.0 93.0 104.5 67.0 71.0 43.0 298.5 181.0 479.5
30949 徐仰男 109.0 99.0 112.5 65.0 76.0 61.0 320.5 202.0 522.5
30950 杨亦茜 117.0 111.0 124.0 79.0 65.0 60.0 352.0 204.0 556.0
30951 姚炜琳 101.0 77.0 85.5 42.0 49.0 50.0 263.5 141.0 404.5
30952 余烁 107.0 106.0 118.0 76.0 60.0 56.0 331.0 192.0 523.0
30953 袁一欣 111.0 93.0 111.5 58.0 64.0 58.0 315.5 180.0 495.5
30954 曾慧宾 118.0 89.0 95.5 64.0 50.0 55.0 302.5 169.0 471.5
30955 张涵 116.0 123.0 114.5 74.0 76.0 73.0 353.5 223.0 576.5
30956 张禾 116.0 120.0 109.0 65.0 58.0 61.0 345.0 184.0 529.0
30957 郑瑞锐 98.0 140.0 130.0 85.0 94.0 75.0 368.0 254.0 622.0
30958 郑闻铎 108.0 92.0 87.5 74.0 64.0 69.0 287.5 207.0 494.5
30959 郑勋 109.0 88.0 116.0 44.0 69.0 56.0 313.0 169.0 482.0
30960 郑哲 98.0 42.0 106.5 24.0 35.0 28.0 246.5 87.0 333.5
30961 朱海平 106.0 71.0 106.5 34.0 41.0 57.0 283.5 132.0 415.5
30962 庄瑞临 95.0 101.0 111.5 70.0 56.0 54.0 307.5 180.0 487.5
31001 蔡凡 106.0 111.0 112.0 46.0 85.0 60.0 329.0 191.0 520.0
31002 蔡若珂 107.0 102.0 102.5 70.0 80.0 61.0 311.5 211.0 522.5
31004 蔡周峰 100.0 87.0 101.5 67.0 76.0 60.0 288.5 203.0 491.5
31005 陈蓓蓓 95.0 98.0 103.5 59.0 66.0 64.0 296.5 189.0 485.5
31006 陈钧哲 106.0 124.0 119.5 72.0 85.0 57.0 349.5 214.0 563.5
31007 陈树煜 97.0 89.0 94.0 70.0 66.0 70.0 280.0 206.0 486.0
31008 陈泰霖 111.0 106.0 96.5 74.0 77.0 49.0 313.5 200.0 513.5
31009 陈童菲 113.0 126.0 112.5 72.0 83.0 61.0 351.5 216.0 567.5
31010 陈泽锋 98.0 72.0 102.5 60.0 86.0 51.0 272.5 197.0 469.5
31011 陈泽锐 102.0 93.0 86.0 63.0 72.0 52.0 281.0 187.0 468.0
31012 池逸和 126.0 108.0 127.5 77.0 72.0 62.0 361.5 211.0 572.5
31013 杜鑫 106.0 119.0 119.5 73.0 87.0 66.0 344.5 226.0 570.5
31014 范冬倪 96.0 89.0 106.0 59.0 66.0 47.0 291.0 172.0 463.0
31015 房瑜仪 96.0 110.0 107.5 83.0 82.0 58.0 313.5 223.0 536.5
31016 高帅博 92.0 97.0 115.5 67.0 86.0 59.0 304.5 212.0 516.5
31017 黄钿津 86.0 105.0 93.5 40.0 25.0 31.0 284.5 96.0 380.5
31018 黄兰馨 103.0 113.0 103.0 52.0 60.0 57.0 319.0 169.0 488.0
31019 黄立涵 96.0 104.0 113.5 80.0 69.0 68.0 313.5 217.0 530.5
31020 黄泽瀚 100.0 128.0 131.0 74.0 59.0 57.0 359.0 190.0 549.0
31021 纪南帆 103.0 108.0 82.0 58.0 44.0 54.0 293.0 156.0 449.0
31022 纪欣格 103.0 90.0 114.5 64.0 61.0 64.0 307.5 189.0 496.5
31023 金敏桦 113.0 110.0 116.0 76.0 84.0 64.0 339.0 224.0 563.0
31024 李嘉桦 91.0 85.0 96.5 63.0 51.0 46.0 272.5 160.0 432.5
31025 李芷佳 113.0 89.0 121.5 42.0 56.0 52.0 323.5 150.0 473.5
31026 林翠环 108.0 122.0 116.5 58.0 65.0 60.0 346.5 183.0 529.5
31027 林丹娜 110.0 102.0 107.0 74.0 64.0 66.0 319.0 204.0 523.0
31028 林婷婷 102.0 93.0 123.0 61.0 64.0 56.0 318.0 181.0 499.0
31029 林钰 118.0 69.0 118.5 69.0 65.0 52.0 305.5 186.0 491.5
31030 林展锋 109.0 106.0 106.0 69.0 69.0 61.0 321.0 199.0 520.0
31031 林子潼 108.0 125.0 121.0 82.0 89.0 67.0 354.0 238.0 592.0
31032 刘派佳 103.0 95.0 101.0 68.0 56.0 51.0 299.0 175.0 474.0
31033 陆天宇 95.0 81.0 102.0 56.0 57.0 51.0 278.0 164.0 442.0
31034 马殊 107.0 101.0 113.5 56.0 59.0 59.0 321.5 174.0 495.5
31035 邱驰 107.0 111.0 122.0 73.0 74.0 69.0 340.0 216.0 556.0
31036 邱煜群 98.0 111.0 112.0 65.0 73.0 62.0 321.0 200.0 521.0
31037 王昊东 108.0 127.0 76.5 71.0 59.0 62.0 311.5 192.0 503.5
31038 王新荣 115.0 127.0 129.0 91.0 83.0 71.0 371.0 245.0 616.0
31039 王岳 109.0 103.0 86.0 59.0 65.0 48.0 298.0 172.0 470.0
31040 王芸 100.0 92.0 88.0 50.0 58.0 55.0 280.0 163.0 443.0
31041 翁培锴 107.0 110.0 119.0 62.0 80.0 52.0 336.0 194.0 530.0
31042 吴铭洵 106.0 80.0 103.0 59.0 63.0 50.0 289.0 172.0 461.0
31043 吴楠 108.0 99.0 116.5 82.0 85.0 67.0 323.5 234.0 557.5
31044 吴新仪 125.0 105.0 130.5 54.0 70.0 61.0 360.5 185.0 545.5
31045 夏立嘉 113.0 100.0 116.5 81.0 82.0 72.0 329.5 235.0 564.5
31046 辛焜媛 109.0 88.0 110.0 66.0 65.0 57.0 307.0 188.0 495.0
31047 辛源锋 108.0 89.0 128.5 51.0 42.0 44.0 325.5 137.0 462.5
31048 许思琪 99.0 105.0 93.0 57.0 51.0 53.0 297.0 161.0 458.0
31049 羊雪琪 108.0 122.0 118.5 76.0 81.0 64.0 348.5 221.0 569.5
31050 杨基石 113.0 94.0 105.0 81.0 75.0 58.0 312.0 214.0 526.0
31051 杨璐羽 107.0 98.0 98.5 47.0 58.0 52.0 303.5 157.0 460.5
31052 曾炀铃 108.0 104.0 104.0 61.0 57.0 51.0 316.0 169.0 485.0
31053 曾钰辉 116.0 90.0 88.0 68.0 51.0 62.0 294.0 181.0 475.0
31054 张森烔 104.0 82.0 128.0 53.0 60.0 67.0 314.0 180.0 494.0
31055 赵博瑄 84.0 36.0 93.0 28.0 42.0 29.0 213.0 99.0 312.0
31056 郑乐镔 103.0 118.0 98.5 71.0 52.0 56.0 319.5 179.0 498.5
31057 郑若晗 117.0 94.0 108.0 67.0 55.0 63.0 319.0 185.0 504.0
31058 郑少铭 114.0 126.0 134.5 88.0 59.0 62.0 374.5 209.0 583.5
31059 郑伟纯 117.0 129.0 127.0 83.0 80.0 79.0 373.0 242.0 615.0
31060 周宇程 98.0 85.0 91.0 58.0 52.0 54.0 274.0 164.0 438.0
31061 周之祺 119.0 114.0 105.5 52.0 64.0 63.0 338.5 179.0 517.5
31062 庄杰涛 122.0 125.0 123.0 85.0 88.0 67.0 370.0 240.0 610.0
31101 蔡滨 108.0 100.0 131.0 83.0 83.0 77.0 339.0 243.0 582.0
31102 曹耿槟 108.0 91.0 98.5 40.0 63.0 45.0 297.5 148.0 445.5
31103 陈浩钦 108.0 124.0 115.0 85.0 78.0 75.0 347.0 238.0 585.0
31104 陈洪昱 105.0 137.0 112.5 71.0 88.0 65.0 354.5 224.0 578.5
31105 陈令烨 101.0 95.0 119.0 41.0 70.0 66.0 315.0 177.0 492.0
31106 陈斯昂 113.0 132.0 130.0 94.0 92.0 98.0 375.0 284.0 659.0
31107 陈逸南 112.0 108.0 118.5 72.0 85.0 68.0 338.5 225.0 563.5
31108 陈逸天 105.0 97.0 95.5 64.0 53.0 57.0 297.5 174.0 471.5
31109 陈詠萩 113.0 124.0 130.5 85.0 86.0 67.0 367.5 238.0 605.5
31110 代桂敏 110.0 73.0 113.0 57.0 52.0 58.0 296.0 167.0 463.0
31111 方江鑫 114.0 117.0 114.0 73.0 86.0 77.0 345.0 236.0 581.0
31112 方武智 102.0 81.0 94.0 43.0 30.0 52.0 277.0 125.0 402.0
31113 高亦婷 107.0 102.0 119.5 49.0 46.0 49.0 328.5 144.0 472.5
31114 郭林凯 113.0 111.0 120.0 57.0 66.0 48.0 344.0 171.0 515.0
31115 黄航 117.0 123.0 104.5 89.0 74.0 67.0 344.5 230.0 574.5
31116 黄腾 113.0 106.0 100.5 38.0 62.0 38.0 319.5 138.0 457.5
31117 黄钰涵 99.0 79.0 107.0 58.0 57.0 51.0 285.0 166.0 451.0
31118 黄仲铖 101.0 104.0 99.5 51.0 58.0 53.0 304.5 162.0 466.5
31120 李琳纯 104.0 77.0 102.5 38.0 63.0 41.0 283.5 142.0 425.5
31121 李世濠 108.0 101.0 116.5 74.0 77.0 73.0 325.5 224.0 549.5
31122 李晓琳 116.0 112.0 117.5 69.0 93.0 54.0 345.5 216.0 561.5
31123 李旭纯 104.0 97.0 126.0 73.0 69.0 65.0 327.0 207.0 534.0
31124 林德明 95.0 127.0 101.0 85.0 75.0 59.0 323.0 219.0 542.0
31125 林介山 94.0 112.0 81.5 87.0 77.0 56.0 287.5 220.0 507.5
31126 林琳 104.0 107.0 110.0 58.0 62.0 41.0 321.0 161.0 482.0
31127 林南裕 102.0 111.0 112.0 69.0 73.0 59.0 325.0 201.0 526.0
31128 林烁 99.0 95.0 114.0 61.0 53.0 43.0 308.0 157.0 465.0
31129 林媛 106.0 91.0 97.5 63.0 70.0 58.0 294.5 191.0 485.5
31130 林泽豪 107.0 117.0 114.5 66.0 71.0 51.0 338.5 188.0 526.5
31131 林曾越 107.0 118.0 112.5 63.0 81.0 63.0 337.5 207.0 544.5
31132 卢楠 101.0 90.0 97.0 35.0 44.0 41.0 288.0 120.0 408.0
31133 罗世跃 97.0 85.0 91.5 41.0 56.0 45.0 273.5 142.0 415.5
31134 佘晓洁 104.0 64.0 116.0 72.0 41.0 49.0 284.0 162.0 446.0
31135 宋畅 106.0 95.0 113.5 80.0 78.0 55.0 314.5 213.0 527.5
31136 苏梓禄 83.0 78.0 82.0 37.0 30.0 37.0 243.0 104.0 347.0
31137 孙可欣 108.0 123.0 115.0 92.0 88.0 80.0 346.0 260.0 606.0
31138 王冬梅 101.0 112.0 107.5 62.0 84.0 72.0 320.5 218.0 538.5
31139 王睿琪 116.0 89.0 107.5 67.0 68.0 59.0 312.5 194.0 506.5
31140 王松波 94.0 111.0 106.5 85.0 89.0 61.0 311.5 235.0 546.5
31141 王宇涵 110.0 106.0 116.0 78.0 87.0 64.0 332.0 229.0 561.0
31142 翁锐鹏 96.0 61.0 84.0 48.0 30.0 31.0 241.0 109.0 350.0
31143 翁慎喆 106.0 90.0 98.5 68.0 70.0 46.0 294.5 184.0 478.5
31144 吴吉莉 108.0 80.0 122.5 70.0 64.0 59.0 310.5 193.0 503.5
31145 吴锦涛 86.0 89.0 78.5 41.0 29.0 32.0 253.5 102.0 355.5
31146 吴泽钟 112.0 110.0 96.5 51.0 65.0 50.0 318.5 166.0 484.5
31147 肖涵 103.0 86.0 110.5 52.0 58.0 43.0 299.5 153.0 452.5
31148 肖芷雅 106.0 107.0 107.5 70.0 71.0 53.0 320.5 194.0 514.5
31149 谢冬纯 125.0 111.0 119.5 72.0 90.0 68.0 355.5 230.0 585.5
31150 谢晴 116.0 115.0 116.0 64.0 76.0 59.0 347.0 199.0 546.0
31151 徐子东 116.0 111.0 108.0 79.0 92.0 64.0 335.0 235.0 570.0
31152 杨薇 102.0 115.0 115.5 68.0 85.0 72.0 332.5 225.0 557.5
31153 杨艺霞 117.0 114.0 123.0 78.0 84.0 70.0 354.0 232.0 586.0
31154 姚曙凯 102.0 107.0 96.5 64.0 80.0 62.0 305.5 206.0 511.5
31155 曾扬航 92.0 109.0 94.0 45.0 38.0 61.0 295.0 144.0 439.0
31156 张新阳 117.0 109.0 109.0 72.0 70.0 71.0 335.0 213.0 548.0
31157 郑长河 101.0 71.0 103.5 43.0 48.0 54.0 275.5 145.0 420.5
31158 郑力中 114.0 112.0 122.5 76.0 88.0 71.0 348.5 235.0 583.5
31159 郑润华 97.0 101.0 108.5 65.0 71.0 53.0 306.5 189.0 495.5
31160 郑逸锋 105.0 131.0 111.5 77.0 90.0 67.0 347.5 234.0 581.5
31161 周锦煜 102.0 91.0 102.5 66.0 73.0 43.0 295.5 182.0 477.5
31201 陈健颖 107.0 119.0 98.0 76.0 91.0 71.0 324.0 238.0 562.0
31202 陈楠弘 104.0 84.0 118.0 58.0 54.0 51.0 306.0 163.0 469.0
31203 陈祈丹 102.0 76.0 104.5 54.0 38.0 38.0 282.5 130.0 412.5
31204 陈舒颖 112.0 120.0 113.0 79.0 79.0 68.0 345.0 226.0 571.0
31205 陈晓婷 111.0 86.0 108.0 37.0 54.0 56.0 305.0 147.0 452.0
31206 陈雅昕 102.0 116.0 120.5 80.0 81.0 66.0 338.5 227.0 565.5
31207 陈逸泓 107.0 92.0 105.5 71.0 53.0 50.0 304.5 174.0 478.5
31208 陈裕渊 112.0 121.0 135.5 90.0 90.0 71.0 368.5 251.0 619.5
31209 程梓 81.0 76.0 106.5 54.0 29.0 46.0 263.5 129.0 392.5
31210 池霖锋 107.0 133.0 102.0 68.0 75.0 52.0 342.0 195.0 537.0
31211 高丹敏 106.0 119.0 108.0 73.0 80.0 54.0 333.0 207.0 540.0
31212 洪耿鑫 107.0 107.0 97.0 80.0 85.0 51.0 311.0 216.0 527.0
31213 洪泳琪 101.0 96.0 116.5 65.0 74.0 65.0 313.5 204.0 517.5
31214 黄骏涵 106.0 85.0 99.0 61.0 53.0 50.0 290.0 164.0 454.0
31215 黄丽楠 115.0 103.0 100.5 53.0 48.0 46.0 318.5 147.0 465.5
31216 黄绵煌 106.0 86.0 111.0 0 55.0 39.0 303.0 0 0
31217 黄曦宇 108.0 101.0 107.0 49.0 40.0 36.0 316.0 125.0 441.0
31218 李洁淳 102.0 112.0 101.0 62.0 61.0 57.0 315.0 180.0 495.0
31219 李晓波 108.0 95.0 91.0 56.0 72.0 52.0 294.0 180.0 474.0
31220 李育纯 115.0 99.0 102.5 56.0 74.0 67.0 316.5 197.0 513.5
31221 李云山 117.0 130.0 112.5 53.0 73.0 61.0 359.5 187.0 546.5
31222 林翰韬 111.0 105.0 116.5 59.0 60.0 60.0 332.5 179.0 511.5
31223 林靖 109.0 128.0 112.5 91.0 82.0 79.0 349.5 252.0 601.5
31224 林敏英 101.0 102.0 109.0 66.0 67.0 70.0 312.0 203.0 515.0
31225 林汪灏 110.0 72.0 98.5 48.0 44.0 43.0 280.5 135.0 415.5
31226 林晓仰 124.0 114.0 116.0 62.0 74.0 57.0 354.0 193.0 547.0
31227 刘陈婷 118.0 120.0 127.0 70.0 90.0 70.0 365.0 230.0 595.0
31228 刘淇文 102.0 70.0 104.0 63.0 61.0 51.0 276.0 175.0 451.0
31229 刘逸璋 110.0 93.0 128.0 68.0 66.0 57.0 331.0 191.0 522.0
31230 罗立扬 100.0 86.0 115.0 79.0 64.0 57.0 301.0 200.0 501.0
31231 马尚霖 108.0 98.0 115.0 60.0 51.0 55.0 321.0 166.0 487.0
31232 沈楠 104.0 102.0 102.5 76.0 72.0 48.0 308.5 196.0 504.5
31233 孙奇 118.0 141.0 127.0 86.0 92.0 80.0 386.0 258.0 644.0
31234 孙泽鑫 104.0 87.0 93.0 70.0 62.0 54.0 284.0 186.0 470.0
31235 王锴 121.0 114.0 106.5 59.0 80.0 77.0 341.5 216.0 557.5
31236 王婉仪 113.0 70.0 103.0 51.0 28.0 38.0 286.0 117.0 403.0
31237 王炜 99.0 101.0 122.5 72.0 82.0 68.0 322.5 222.0 544.5
31238 王志鹏 104.0 107.0 112.0 63.0 80.0 58.0 323.0 201.0 524.0
31239 王梓菁 115.0 97.0 105.0 67.0 75.0 55.0 317.0 197.0 514.0
31240 翁子腾 110.0 109.0 104.5 60.0 67.0 59.0 323.5 186.0 509.5
31241 吴宏振 116.0 88.0 98.0 47.0 54.0 56.0 302.0 157.0 459.0
31242 吴捷健 118.0 121.0 128.5 85.0 99.0 83.0 367.5 267.0 634.5
31243 吴晓杰 114.0 129.0 114.0 79.0 94.0 76.0 357.0 249.0 606.0
31244 肖扬秀 112.0 100.0 111.0 44.0 83.0 60.0 323.0 187.0 510.0
31245 谢艾津 107.0 85.0 113.0 56.0 56.0 48.0 305.0 160.0 465.0
31246 谢泽杰 107.0 100.0 112.0 74.0 64.0 78.0 319.0 216.0 535.0
31247 许涵英 105.0 88.0 114.5 58.0 79.0 65.0 307.5 202.0 509.5
31248 许佳森 92.0 66.0 58.0 60.0 62.0 44.0 216.0 166.0 382.0
31249 许桐辉 117.0 81.0 96.0 66.0 70.0 49.0 294.0 185.0 479.0
31250 杨时骅 101.0 60.0 105.5 50.0 49.0 31.0 266.5 130.0 396.5
31251 杨时颖 117.0 85.0 113.5 82.0 71.0 55.0 315.5 208.0 523.5
31252 余洢彤 110.0 92.0 112.5 58.0 73.0 46.0 314.5 177.0 491.5
31253 曾婵娟 102.0 128.0 118.5 65.0 95.0 67.0 348.5 227.0 575.5
31254 张漫卿 99.0 65.0 93.5 37.0 30.0 51.0 257.5 118.0 375.5
31255 张睿莹 103.0 96.0 117.0 69.0 83.0 66.0 316.0 218.0 534.0
31256 张艺涵 102.0 104.0 114.0 75.0 68.0 68.0 320.0 211.0 531.0
31257 郑思思 108.0 78.0 95.5 50.0 68.0 69.0 281.5 187.0 468.5
31258 郑希彦 113.0 80.0 104.5 67.0 63.0 48.0 297.5 178.0 475.5
31259 郑以豪 95.0 102.0 98.0 67.0 91.0 59.0 295.0 217.0 512.0
31260 周名弦 114.0 141.0 136.0 81.0 93.0 69.0 391.0 243.0 634.0
31261 朱源腾 93.0 97.0 99.5 63.0 60.0 59.0 289.5 182.0 471.5
31262 朱越 104.0 121.0 113.0 73.0 89.0 67.0 338.0 229.0 567.0
31301 蔡祎晖 111.0 99.0 87.5 60.0 78.0 55.0 297.5 193.0 490.5
31302 蔡永杰 104.0 95.0 98.0 62.0 72.0 61.0 297.0 195.0 492.0
31303 蔡泽莎 113.0 104.0 122.5 63.0 78.0 61.0 339.5 202.0 541.5
31304 蔡芝恬 114.0 106.0 124.5 62.0 88.0 62.0 344.5 212.0 556.5
31305 陈璐 104.0 92.0 117.5 57.0 51.0 48.0 313.5 156.0 469.5
31306 陈冉 115.0 119.0 131.0 58.0 61.0 66.0 365.0 185.0 550.0
31307 陈文博 96.0 126.0 114.0 94.0 87.0 58.0 336.0 239.0 575.0
31308 陈宇铭 110.0 110.0 123.0 87.0 90.0 79.0 343.0 256.0 599.0
31309 陈岳彬 107.0 98.0 111.0 53.0 61.0 55.0 316.0 169.0 485.0
31310 郭剑豪 111.0 95.0 111.0 44.0 68.0 58.0 317.0 170.0 487.0
31311 黄凯丽 92.0 122.0 105.0 55.0 60.0 56.0 319.0 171.0 490.0
31312 黄宇阳 122.0 125.0 122.5 88.0 89.0 74.0 369.5 251.0 620.5
31313 黄桢栩 114.0 83.0 111.0 54.0 63.0 61.0 308.0 178.0 486.0
31314 黄柱铭 98.0 105.0 94.5 56.0 62.0 61.0 297.5 179.0 476.5
31315 赖浩锋 115.0 114.0 125.5 68.0 77.0 71.0 354.5 216.0 570.5
31316 李斯涵 99.0 86.0 111.0 47.0 51.0 41.0 296.0 139.0 435.0
31317 林耿烨 107.0 91.0 112.5 65.0 61.0 58.0 310.5 184.0 494.5
31318 林炜钿 112.0 96.0 78.0 37.0 65.0 46.0 286.0 148.0 434.0
31319 林业渺 112.0 107.0 93.0 58.0 74.0 61.0 312.0 193.0 505.0
31320 林子棉 112.0 98.0 102.0 76.0 81.0 69.0 312.0 226.0 538.0
31321 刘佳彤 104.0 106.0 101.5 40.0 67.0 51.0 311.5 158.0 469.5
31322 刘珊 114.0 117.0 134.0 58.0 71.0 63.0 365.0 192.0 557.0
31323 陆齐 107.0 94.0 114.0 52.0 62.0 44.0 315.0 158.0 473.0
31325 马伟根 110.0 108.0 91.0 77.0 89.0 47.0 309.0 213.0 522.0
31326 欧斐斐 117.0 126.0 135.5 65.0 78.0 62.0 378.5 205.0 583.5
31327 宋伊钿 104.0 78.0 110.5 50.0 66.0 53.0 292.5 169.0 461.5
31328 苏昉 112.0 97.0 121.5 58.0 63.0 62.0 330.5 183.0 513.5
31329 孙佳笙 116.0 113.0 103.5 58.0 78.0 57.0 332.5 193.0 525.5
31330 孙隽源 120.0 121.0 106.0 69.0 79.0 58.0 347.0 206.0 553.0
31331 吴国炀 96.0 103.0 111.0 62.0 52.0 55.0 310.0 169.0 479.0
31332 吴铭泓 111.0 111.0 111.0 77.0 81.0 58.0 333.0 216.0 549.0
31333 吴任诚 105.0 66.0 94.0 54.0 32.0 39.0 265.0 125.0 390.0
31334 吴之林 113.0 96.0 105.0 58.0 75.0 62.0 314.0 195.0 509.0
31335 肖林昕 99.0 48.0 106.5 25.0 28.0 49.0 253.5 102.0 355.5
31336 谢键焕 99.0 126.0 108.0 84.0 95.0 77.0 333.0 256.0 589.0
31338 徐略 0 0 102.5 0 36.0 0 0 0 0
31339 徐紫丹 113.0 85.0 96.5 50.0 65.0 40.0 294.5 155.0 449.5
31340 许锦涛 101.0 83.0 106.5 79.0 89.0 68.0 290.5 236.0 526.5
31341 许稚芝 107.0 89.0 109.5 49.0 51.0 59.0 305.5 159.0 464.5
31342 许宗蕾 81.0 108.0 103.0 39.0 64.0 46.0 292.0 149.0 441.0
31343 颜舒洁 105.0 67.0 112.0 47.0 40.0 51.0 284.0 138.0 422.0
31344 羊恩跃 101.0 100.0 93.5 76.0 84.0 60.0 294.5 220.0 514.5
31345 杨璐洁 112.0 106.0 120.0 71.0 81.0 60.0 338.0 212.0 550.0
31346 杨宓 115.0 121.0 121.5 58.0 73.0 66.0 357.5 197.0 554.5
31347 杨晓虹 118.0 85.0 116.0 55.0 52.0 58.0 319.0 165.0 484.0
31348 姚佳宜 105.0 115.0 117.0 66.0 80.0 65.0 337.0 211.0 548.0
31349 姚星宇 83.0 73.0 99.5 42.0 63.0 51.0 255.5 156.0 411.5
31350 姚映苗 111.0 98.0 119.5 68.0 87.0 60.0 328.5 215.0 543.5
31351 余嘉梓 113.0 93.0 104.5 59.0 51.0 53.0 310.5 163.0 473.5
31352 曾博宇 126.0 125.0 133.0 94.0 85.0 72.0 384.0 251.0 635.0
31353 曾海榕 0 0 117.5 0 33.0 0 0 0 0
31354 曾坚锐 108.0 87.0 106.5 80.0 76.0 63.0 301.5 219.0 520.5
31355 曾妍 101.0 103.0 89.0 52.0 69.0 51.0 293.0 172.0 465.0
31356 詹海鹏 105.0 131.0 109.5 88.0 76.0 72.0 345.5 236.0 581.5
31357 詹絮素 109.0 63.0 99.0 53.0 45.0 47.0 271.0 145.0 416.0
31358 张泽恩 110.0 88.0 98.5 54.0 71.0 62.0 296.5 187.0 483.5
31359 章智秋 113.0 129.0 119.0 76.0 94.0 81.0 361.0 251.0 612.0
31360 郑少锐 105.0 81.0 94.5 74.0 60.0 60.0 280.5 194.0 474.5
31361 郑泽明 108.0 108.0 108.0 51.0 83.0 55.0 324.0 189.0 513.0
31362 庄鸿鑫 117.0 110.0 123.5 74.0 67.0 62.0 350.5 203.0 553.5
31401 陈岱芃 121.0 110.0 141.0 68.0 73.0 68.0 372.0 209.0 581.0
31402 陈端华 109.0 99.0 119.0 45.0 78.0 52.0 327.0 175.0 502.0
31403 陈挥遒 93.0 69.0 92.5 57.0 36.0 48.0 254.5 141.0 395.5
31404 陈建诚 105.0 105.0 132.5 73.0 59.0 70.0 342.5 202.0 544.5
31405 陈沛峰 100.0 80.0 86.5 64.0 41.0 43.0 266.5 148.0 414.5
31406 陈芃 106.0 101.0 111.0 79.0 67.0 63.0 318.0 209.0 527.0
31407 陈铄霓 114.0 84.0 102.5 46.0 55.0 43.0 300.5 144.0 444.5
31408 陈奕希 102.0 92.0 105.5 49.0 53.0 45.0 299.5 147.0 446.5
31409 陈泽伟 111.0 124.0 98.5 71.0 68.0 63.0 333.5 202.0 535.5
31410 陈喆慧 106.0 95.0 110.0 60.0 81.0 66.0 311.0 207.0 518.0
31411 陈至渲 114.0 122.0 116.0 78.0 73.0 63.0 352.0 214.0 566.0
31412 陈佐治 115.0 126.0 128.0 71.0 70.0 58.0 369.0 199.0 568.0
31413 邓昱聪 107.0 93.0 107.5 52.0 50.0 47.0 307.5 149.0 456.5
31414 邓泽淳 102.0 83.0 104.0 57.0 65.0 57.0 289.0 179.0 468.0
31415 冯嘉俊 109.0 78.0 95.5 72.0 73.0 77.0 282.5 222.0 504.5
31416 龚泽颖 113.0 119.0 129.0 72.0 91.0 66.0 361.0 229.0 590.0
31417 郭冰桦 111.0 102.0 117.0 48.0 77.0 52.0 330.0 177.0 507.0
31418 黄恩童 107.0 116.0 111.0 59.0 74.0 69.0 334.0 202.0 536.0
31419 黄桂凤 111.0 87.0 99.0 62.0 72.0 57.0 297.0 191.0 488.0
31420 江锦虹 104.0 111.0 107.0 76.0 59.0 73.0 322.0 208.0 530.0
31421 李佳晟 109.0 93.0 117.0 43.0 67.0 60.0 319.0 170.0 489.0
31422 李楠 111.0 99.0 122.0 91.0 88.0 73.0 332.0 252.0 584.0
31423 李舒婷 96.0 102.0 119.5 66.0 87.0 61.0 317.5 214.0 531.5
31424 李易熹 110.0 102.0 127.5 77.0 73.0 68.0 339.5 218.0 557.5
31425 林泓 95.0 116.0 96.5 59.0 61.0 58.0 307.5 178.0 485.5
31426 林可依 115.0 126.0 108.5 62.0 61.0 49.0 349.5 172.0 521.5
31427 林珮汝 108.0 103.0 109.0 59.0 48.0 62.0 320.0 169.0 489.0
31428 林心玥 110.0 64.0 112.5 40.0 28.0 43.0 286.5 111.0 397.5
31429 刘硕霓 111.0 129.0 122.5 81.0 84.0 85.0 362.5 250.0 612.5
31430 刘易恺 110.0 128.0 114.5 85.0 93.0 79.0 352.5 257.0 609.5
31431 卢琳绵 116.0 92.0 115.0 60.0 71.0 59.0 323.0 190.0 513.0
31432 吕远东 106.0 96.0 108.0 72.0 64.0 61.0 310.0 197.0 507.0
31433 马旭民 110.0 111.0 96.0 88.0 73.0 63.0 317.0 224.0 541.0
31434 麦泽涵 121.0 92.0 117.5 71.0 56.0 65.0 330.5 192.0 522.5
31435 邱鸿鑫 93.0 105.0 100.0 73.0 69.0 58.0 298.0 200.0 498.0
31436 邱诗钿 95.0 82.0 100.5 47.0 56.0 57.0 277.5 160.0 437.5
31437 邱梓妍 114.0 109.0 124.5 65.0 59.0 66.0 347.5 190.0 537.5
31438 谭妍真 99.0 102.0 100.0 63.0 65.0 58.0 301.0 186.0 487.0
31439 王毓佳 105.0 90.0 98.0 52.0 55.0 62.0 293.0 169.0 462.0
31440 吴昊 104.0 50.0 119.5 43.0 64.0 56.0 273.5 163.0 436.5
31441 吴浩瀚 97.0 86.0 93.0 70.0 62.0 54.0 276.0 186.0 462.0
31442 吴彤君 100.0 100.0 111.5 71.0 74.0 54.0 311.5 199.0 510.5
31443 肖培亮 103.0 109.0 119.5 83.0 81.0 85.0 331.5 249.0 580.5
31444 谢碧瑶 105.0 85.0 106.0 73.0 72.0 56.0 296.0 201.0 497.0
31445 辛杨淳 114.0 118.0 107.0 57.0 62.0 64.0 339.0 183.0 522.0
31446 徐国玮 110.0 93.0 115.5 56.0 65.0 61.0 318.5 182.0 500.5
31447 徐铤 119.0 114.0 122.5 72.0 81.0 77.0 355.5 230.0 585.5
31448 许凯涵 112.0 116.0 121.5 65.0 37.0 45.0 349.5 147.0 496.5
31449 许正纲 105.0 75.0 71.0 68.0 72.0 61.0 251.0 201.0 452.0
31450 杨琳 109.0 104.0 101.0 53.0 68.0 53.0 314.0 174.0 488.0
31451 杨泽仪 106.0 89.0 109.5 40.0 55.0 40.0 304.5 135.0 439.5
31452 姚广濠 111.0 115.0 128.5 75.0 82.0 62.0 354.5 219.0 573.5
31453 叶济东 102.0 100.0 118.5 57.0 65.0 61.0 320.5 183.0 503.5
31454 叶洋 104.0 95.0 98.0 55.0 80.0 64.0 297.0 199.0 496.0
31455 余旭玮 101.0 84.0 119.5 40.0 49.0 58.0 304.5 147.0 451.5
31456 曾思沛 99.0 102.0 84.5 66.0 73.0 51.0 285.5 190.0 475.5
31457 张睿博 100.0 95.0 104.5 61.0 52.0 64.0 299.5 177.0 476.5
31458 章炫锐 117.0 115.0 115.0 90.0 75.0 78.0 347.0 243.0 590.0
31459 章梓烨 102.0 73.0 114.0 38.0 34.0 24.0 289.0 96.0 385.0
31460 郑康 98.0 87.0 106.0 72.0 73.0 60.0 291.0 205.0 496.0
31461 郑宇婷 99.0 80.0 107.5 37.0 41.0 55.0 286.5 133.0 419.5
31462 庄泽达 100.0 42.0 91.5 30.0 27.0 29.0 233.5 86.0 319.5
31501 蔡嘉煜 102.0 83.0 103.5 54.0 46.0 52.0 288.5 152.0 440.5
31502 陈力 109.0 76.0 93.0 57.0 62.0 48.0 278.0 167.0 445.0
31503 陈梦琪 104.0 129.0 125.0 80.0 78.0 70.0 358.0 228.0 586.0
31504 陈培铭 104.0 100.0 78.5 50.0 51.0 71.0 282.5 172.0 454.5
31505 陈佩恋 108.0 87.0 96.0 59.0 81.0 73.0 291.0 213.0 504.0
31506 陈斯哲 98.0 108.0 101.5 89.0 63.0 63.0 307.5 215.0 522.5
31507 陈文浩 111.0 127.0 106.5 70.0 81.0 63.0 344.5 214.0 558.5
31509 陈溢煌 102.0 104.0 83.5 74.0 76.0 65.0 289.5 215.0 504.5
31510 陈梓轩 105.0 89.0 94.0 40.0 35.0 35.0 288.0 110.0 398.0
31511 程晓婷 116.0 119.0 116.5 84.0 87.0 71.0 351.5 242.0 593.5
31512 杜浜弘 87.0 69.0 96.0 32.0 41.0 26.0 252.0 99.0 351.0
31513 杜佳锴 116.0 135.0 103.5 75.0 53.0 46.0 354.5 174.0 528.5
31514 方宇驰 107.0 95.0 89.0 64.0 69.0 69.0 291.0 202.0 493.0
31515 高越 122.0 118.0 113.0 72.0 75.0 60.0 353.0 207.0 560.0
31516 洪戈 113.0 102.0 118.5 63.0 86.0 65.0 333.5 214.0 547.5
31517 黄向鸿 111.0 135.0 127.5 79.0 87.0 70.0 373.5 236.0 609.5
31518 黄泽山 86.0 63.0 74.5 38.0 39.0 42.0 223.5 119.0 342.5
31519 黄梓彤 100.0 102.0 111.5 68.0 77.0 63.0 313.5 208.0 521.5
31520 柯金宏 109.0 131.0 131.0 79.0 83.0 79.0 371.0 241.0 612.0
31521 赖炜豪 97.0 119.0 106.0 55.0 85.0 54.0 322.0 194.0 516.0
31522 李涵 116.0 115.0 108.5 67.0 65.0 66.0 339.5 198.0 537.5
31523 李沐峻 84.0 92.0 84.5 54.0 62.0 66.0 260.5 182.0 442.5
31524 李润熹 104.0 86.0 105.0 66.0 61.0 59.0 295.0 186.0 481.0
31525 李舒婷 110.0 110.0 125.5 72.0 79.0 61.0 345.5 212.0 557.5
31526 李梓煌 109.0 83.0 114.0 60.0 66.0 57.0 306.0 183.0 489.0
31527 林钗 103.0 114.0 108.5 58.0 77.0 62.0 325.5 197.0 522.5
31528 林若欣 113.0 108.0 117.0 67.0 83.0 62.0 338.0 212.0 550.0
31529 林爽 114.0 82.0 117.5 51.0 68.0 65.0 313.5 184.0 497.5
31530 刘粉婷 109.0 118.0 105.0 67.0 89.0 82.0 332.0 238.0 570.0
31531 刘烨桦 99.0 91.0 123.0 41.0 52.0 49.0 313.0 142.0 455.0
31532 彭瀚锟 108.0 86.0 98.0 68.0 77.0 72.0 292.0 217.0 509.0
31533 邱霜晓 112.0 94.0 101.5 46.0 64.0 53.0 307.5 163.0 470.5
31534 沈晓琦 92.0 105.0 112.5 63.0 79.0 64.0 309.5 206.0 515.5
31535 王曙丹 116.0 82.0 101.5 49.0 56.0 56.0 299.5 161.0 460.5
31536 王泽翔 112.0 94.0 90.5 75.0 57.0 55.0 296.5 187.0 483.5
31537 翁梓洪 83.0 62.0 97.0 40.0 36.0 42.0 242.0 118.0 360.0
31538 吴林瀚 90.0 86.0 84.0 78.0 72.0 71.0 260.0 221.0 481.0
31539 夏梓斌 95.0 57.0 93.0 33.0 33.0 42.0 245.0 108.0 353.0
31540 谢梦霞 109.0 90.0 113.0 51.0 68.0 56.0 312.0 175.0 487.0
31541 谢泳凯 107.0 132.0 128.0 96.0 92.0 80.0 367.0 268.0 635.0
31542 谢植煌 102.0 98.0 95.5 52.0 60.0 42.0 295.5 154.0 449.5
31543 徐国瑞 99.0 94.0 102.0 76.0 59.0 63.0 295.0 198.0 493.0
31544 许欢 110.0 62.0 108.5 54.0 57.0 61.0 280.5 172.0 452.5
31545 许越 104.0 86.0 123.5 72.0 53.0 59.0 313.5 184.0 497.5
31546 杨小嬉 107.0 80.0 113.5 56.0 62.0 57.0 300.5 175.0 475.5
31547 杨铮楷 113.0 102.0 112.0 63.0 68.0 60.0 327.0 191.0 518.0
31548 姚喆仪 100.0 91.0 108.5 66.0 44.0 63.0 299.5 173.0 472.5
31549 袁若瑶 113.0 97.0 116.0 84.0 90.0 68.0 326.0 242.0 568.0
31550 曾少擎 108.0 104.0 105.5 53.0 49.0 61.0 317.5 163.0 480.5
31551 曾欣哲 112.0 97.0 113.5 77.0 73.0 67.0 322.5 217.0 539.5
31552 张志鹏 99.0 113.0 106.5 88.0 86.0 80.0 318.5 254.0 572.5
31553 赵晓冰 110.0 73.0 113.5 63.0 52.0 65.0 296.5 180.0 476.5
31554 郑帆 102.0 98.0 101.0 78.0 54.0 58.0 301.0 190.0 491.0
31555 郑杰 93.0 140.0 118.5 92.0 94.0 72.0 351.5 258.0 609.5
31556 郑婕 111.0 109.0 126.0 74.0 65.0 57.0 346.0 196.0 542.0
31557 郑钧璟 110.0 105.0 113.0 79.0 72.0 59.0 328.0 210.0 538.0
31558 郑丽璇 107.0 93.0 128.5 53.0 78.0 59.0 328.5 190.0 518.5
31559 郑婷芝 106.0 111.0 104.5 60.0 69.0 48.0 321.5 177.0 498.5
31560 郑鑫海 110.0 91.0 118.5 67.0 54.0 61.0 319.5 182.0 501.5
31561 周健驰 102.0 102.0 102.0 72.0 72.0 58.0 306.0 202.0 508.0
31562 邹丹纯 106.0 90.0 115.5 52.0 53.0 57.0 311.5 162.0 473.5
31601 蔡慈瀚 96.0 125.0 118.5 73.0 64.0 55.0 339.5 192.0 531.5
31602 蔡君悦 105.0 96.0 109.0 68.0 49.0 66.0 310.0 183.0 493.0
31603 陈东晗 104.0 109.0 122.0 62.0 75.0 67.0 335.0 204.0 539.0
31604 陈佳伶 112.0 99.0 109.5 55.0 74.0 64.0 320.5 193.0 513.5
31605 陈佳盈 103.0 131.0 110.5 80.0 74.0 62.0 344.5 216.0 560.5
31606 陈力 108.0 102.0 113.5 65.0 72.0 63.0 323.5 200.0 523.5
31607 陈敏儿 107.0 112.0 113.0 70.0 84.0 73.0 332.0 227.0 559.0
31608 陈派捷 88.0 114.0 98.5 73.0 65.0 54.0 300.5 192.0 492.5
31609 陈日 113.0 89.0 104.5 65.0 62.0 61.0 306.5 188.0 494.5
31610 陈逸镕 111.0 76.0 112.0 60.0 54.0 48.0 299.0 162.0 461.0
31611 陈莹 92.0 90.0 109.0 42.0 70.0 51.0 291.0 163.0 454.0
31612 陈滢 110.0 83.0 120.0 64.0 72.0 67.0 313.0 203.0 516.0
31613 陈梓鑫 110.0 84.0 112.5 62.0 54.0 52.0 306.5 168.0 474.5
31614 方浩锴 112.0 106.0 122.5 58.0 77.0 58.0 340.5 193.0 533.5
31615 黄谷 92.0 94.0 97.0 61.0 64.0 60.0 283.0 185.0 468.0
31616 黄浩扬 111.0 92.0 126.5 82.0 78.0 69.0 329.5 229.0 558.5
31617 黄锐敏 121.0 100.0 119.0 61.0 68.0 62.0 340.0 191.0 531.0
31618 黄少邑 107.0 97.0 111.5 65.0 60.0 51.0 315.5 176.0 491.5
31619 黄舒乐 105.0 72.0 109.0 39.0 37.0 46.0 286.0 122.0 408.0
31620 江佳仪 107.0 109.0 116.5 74.0 86.0 72.0 332.5 232.0 564.5
31621 李嘉鑫 107.0 125.0 91.5 64.0 64.0 62.0 323.5 190.0 513.5
31622 李琳丹 106.0 91.0 114.5 72.0 76.0 58.0 311.5 206.0 517.5
31623 李暄婷 108.0 85.0 93.0 56.0 50.0 48.0 286.0 154.0 440.0
31624 李奕 103.0 67.0 109.5 39.0 55.0 43.0 279.5 137.0 416.5
31625 廖骊涵 100.0 82.0 101.5 49.0 65.0 51.0 283.5 165.0 448.5
31626 廖澍镔 95.0 96.0 111.0 84.0 92.0 65.0 302.0 241.0 543.0
31627 林灿荣 82.0 114.0 110.5 51.0 71.0 64.0 306.5 186.0 492.5
31628 林冠之 109.0 116.0 114.5 69.0 72.0 63.0 339.5 204.0 543.5
31629 林楠 101.0 110.0 95.5 71.0 63.0 62.0 306.5 196.0 502.5
31630 林树红 117.0 83.0 115.0 62.0 55.0 61.0 315.0 178.0 493.0
31631 林仪 104.0 82.0 116.5 39.0 52.0 46.0 302.5 137.0 439.5
31632 林意 109.0 89.0 97.5 61.0 63.0 63.0 295.5 187.0 482.5
31633 刘思煌 106.0 118.0 107.0 81.0 86.0 86.0 331.0 253.0 584.0
31634 刘奕 103.0 117.0 108.5 75.0 53.0 68.0 328.5 196.0 524.5
31635 刘泽 103.0 80.0 75.0 50.0 36.0 40.0 258.0 126.0 384.0
31636 柳婷 111.0 121.0 116.5 85.0 83.0 67.0 348.5 235.0 583.5
31637 卢开书 111.0 104.0 108.5 66.0 56.0 62.0 323.5 184.0 507.5
31638 马润青 102.0 100.0 127.5 81.0 69.0 55.0 329.5 205.0 534.5
31639 彭灏 109.0 94.0 118.0 61.0 62.0 58.0 321.0 181.0 502.0
31640 孙熹珣 114.0 80.0 106.5 46.0 56.0 51.0 300.5 153.0 453.5
31641 孙烨 109.0 96.0 127.5 56.0 56.0 59.0 332.5 171.0 503.5
31642 王海槟 108.0 90.0 105.0 70.0 75.0 62.0 303.0 207.0 510.0
31643 王晓钟 106.0 109.0 117.5 77.0 55.0 66.0 332.5 198.0 530.5
31644 王雨青 104.0 115.0 104.0 55.0 80.0 66.0 323.0 201.0 524.0
31645 吴毅聪 104.0 74.0 106.0 49.0 38.0 37.0 284.0 124.0 408.0
31646 吴梓帆 105.0 102.0 123.5 79.0 86.0 70.0 330.5 235.0 565.5
31647 谢尘沐 110.0 68.0 106.5 50.0 60.0 66.0 284.5 176.0 460.5
31648 谢锦珮 104.0 92.0 116.5 54.0 57.0 53.0 312.5 164.0 476.5
31649 谢小雪 115.0 132.0 124.5 86.0 70.0 66.0 371.5 222.0 593.5
31650 谢奕纯 105.0 88.0 102.5 34.0 37.0 29.0 295.5 100.0 395.5
31651 杨涵 106.0 89.0 102.5 57.0 72.0 53.0 297.5 182.0 479.5
31652 姚采妮 117.0 70.0 98.5 40.0 41.0 47.0 285.5 128.0 413.5
31653 余泽泰 120.0 87.0 112.0 59.0 59.0 61.0 319.0 179.0 498.0
31654 张泽琳 103.0 137.0 121.0 71.0 87.0 70.0 361.0 228.0 589.0
31655 张泽宇 108.0 112.0 118.5 63.0 74.0 63.0 338.5 200.0 538.5
31656 章婉仪 111.0 110.0 119.0 59.0 67.0 64.0 340.0 190.0 530.0
31657 赵先铎 106.0 109.0 119.0 74.0 73.0 71.0 334.0 218.0 552.0
31658 郑涵禧 97.0 100.0 104.0 60.0 52.0 54.0 301.0 166.0 467.0
31659 郑林楷 100.0 133.0 106.5 93.0 64.0 76.0 339.5 233.0 572.5
31660 郑镇灏 95.0 95.0 108.5 69.0 45.0 44.0 298.5 158.0 456.5
31661 郑重 99.0 114.0 88.0 57.0 65.0 38.0 301.0 160.0 461.0
31662 朱俊宇 103.0 84.0 76.5 50.0 33.0 40.0 263.5 123.0 386.5
31663 庄声锐 104.0 80.0 77.0 49.0 57.0 41.0 261.0 147.0 408.0
31701 蔡金沛 98.0 73.0 102.5 60.0 77.0 49.0 273.5 186.0 459.5
31702 蔡俊峰 120.0 93.0 111.0 69.0 62.0 71.0 324.0 202.0 526.0
31703 曹宇韬 105.0 105.0 99.0 66.0 73.0 58.0 309.0 197.0 506.0
31704 陈大立 96.0 121.0 116.0 75.0 81.0 69.0 333.0 225.0 558.0
31705 陈浩杰 109.0 100.0 115.5 84.0 72.0 57.0 324.5 213.0 537.5
31706 陈沛润 105.0 87.0 118.5 75.0 79.0 73.0 310.5 227.0 537.5
31707 陈锐 113.0 115.0 121.0 57.0 76.0 58.0 349.0 191.0 540.0
31708 陈烁 91.0 103.0 97.5 50.0 57.0 47.0 291.5 154.0 445.5
31709 陈学诚 104.0 117.0 123.0 66.0 64.0 57.0 344.0 187.0 531.0
31710 陈韫颖 114.0 89.0 118.0 66.0 59.0 46.0 321.0 171.0 492.0
31711 陈泽鑫 84.0 87.0 77.5 36.0 56.0 50.0 248.5 142.0 390.5
31712 陈中一 117.0 88.0 106.5 92.0 77.0 56.0 311.5 225.0 536.5
31713 何伊慧 94.0 84.0 109.0 73.0 73.0 52.0 287.0 198.0 485.0
31714 侯思涵 115.0 76.0 124.5 58.0 77.0 67.0 315.5 202.0 517.5
31715 黄彬霆 105.0 105.0 103.5 59.0 53.0 54.0 313.5 166.0 479.5
31716 黄丹 88.0 25.0 66.5 6.0 23.0 0 179.5 0 0
31717 黄光炳 101.0 64.0 73.0 43.0 35.0 23.0 238.0 101.0 339.0
31718 黄慧敏 115.0 103.0 125.0 79.0 79.0 59.0 343.0 217.0 560.0
31719 黄思翰 98.0 123.0 112.0 67.0 90.0 66.0 333.0 223.0 556.0
31720 黄伟纯 107.0 92.0 115.5 60.0 79.0 54.0 314.5 193.0 507.5
31721 黄莹 119.0 98.0 95.0 52.0 62.0 71.0 312.0 185.0 497.0
31722 黄梓芸 106.0 92.0 105.5 35.0 44.0 30.0 303.5 109.0 412.5
31723 江相渝 120.0 62.0 87.0 50.0 56.0 47.0 269.0 153.0 422.0
31724 李洁瀚 115.0 101.0 122.0 65.0 83.0 72.0 338.0 220.0 558.0
31725 林仰 105.0 105.0 118.0 68.0 63.0 58.0 328.0 189.0 517.0
31726 林雍权 115.0 117.0 114.5 83.0 96.0 54.0 346.5 233.0 579.5
31727 刘嘉鑫 114.0 79.0 108.5 39.0 33.0 39.0 301.5 111.0 412.5
31728 卢荣泰 106.0 140.0 119.0 81.0 90.0 82.0 365.0 253.0 618.0
31729 卢仪蕊 115.0 94.0 113.5 47.0 78.0 48.0 322.5 173.0 495.5
31730 马学盈 103.0 113.0 111.5 63.0 73.0 40.0 327.5 176.0 503.5
31731 马直先 101.0 104.0 117.0 65.0 86.0 58.0 322.0 209.0 531.0
31732 麦博 113.0 131.0 126.5 82.0 78.0 77.0 370.5 237.0 607.5
31733 欧阳生 110.0 116.0 111.0 85.0 83.0 57.0 337.0 225.0 562.0
31734 彭琪 108.0 78.0 83.5 38.0 52.0 40.0 269.5 130.0 399.5
31735 佘晓环 104.0 102.0 107.5 68.0 66.0 68.0 313.5 202.0 515.5
31736 王基鸿 105.0 119.0 110.0 77.0 91.0 68.0 334.0 236.0 570.0
31737 王俊澎 100.0 100.0 107.0 86.0 85.0 53.0 307.0 224.0 531.0
31738 王烔毅 101.0 81.0 105.0 77.0 60.0 54.0 287.0 191.0 478.0
31739 王钰 96.0 95.0 110.5 56.0 55.0 44.0 301.5 155.0 456.5
31740 王真子 108.0 97.0 100.0 72.0 71.0 57.0 305.0 200.0 505.0
31741 吴俊翰 103.0 118.0 113.0 69.0 88.0 54.0 334.0 211.0 545.0
31742 吴彤沛 104.0 66.0 112.0 59.0 93.0 65.0 282.0 217.0 499.0
31743 吴伟霞 115.0 112.0 118.0 53.0 78.0 58.0 345.0 189.0 534.0
31744 谢锶琦 106.0 113.0 107.0 67.0 67.0 58.0 326.0 192.0 518.0
31745 许锶妍 114.0 107.0 118.5 49.0 44.0 65.0 339.5 158.0 497.5
31746 许奕烁 107.0 90.0 80.0 55.0 46.0 49.0 277.0 150.0 427.0
31747 许哲浩 108.0 110.0 108.5 59.0 67.0 61.0 326.5 187.0 513.5
31748 杨铠翔 108.0 79.0 89.5 81.0 79.0 81.0 276.5 241.0 517.5
31749 杨腾 95.0 73.0 88.0 61.0 35.0 42.0 256.0 138.0 394.0
31750 姚佳妮 113.0 115.0 121.0 80.0 84.0 72.0 349.0 236.0 585.0
31751 张纯 113.0 101.0 108.5 58.0 65.0 48.0 322.5 171.0 493.5
31752 张锐翰 108.0 80.0 85.0 38.0 45.0 47.0 273.0 130.0 403.0
31753 张维 103.0 86.0 106.0 46.0 52.0 60.0 295.0 158.0 453.0
31754 张奕 99.0 67.0 99.0 55.0 36.0 41.0 265.0 132.0 397.0
31755 张翼 101.0 98.0 126.0 79.0 88.0 67.0 325.0 234.0 559.0
31756 章家竣 114.0 104.0 130.5 83.0 85.0 74.0 348.5 242.0 590.5
31757 郑慈香 117.0 84.0 110.0 62.0 75.0 58.0 311.0 195.0 506.0
31758 郑曼燕 105.0 92.0 100.5 52.0 65.0 52.0 297.5 169.0 466.5
31759 郑铭 107.0 83.0 107.0 46.0 40.0 60.0 297.0 146.0 443.0
31761 周锴捷 96.0 95.0 121.5 72.0 77.0 54.0 312.5 203.0 515.5
31762 庄本熙 93.0 106.0 85.0 72.0 70.0 69.0 284.0 211.0 495.0
31763 黄钰莹 100.0 91.0 117.0 52.0 53.0 48.0 308.0 153.0 461.0
31764 王宏 112.0 93.0 121.5 73.0 71.0 67.0 326.5 211.0 537.5
31801 陈鸿飞 111.0 86.0 105.0 69.0 63.0 56.0 302.0 188.0 490.0
31802 陈家思 100.0 106.0 103.0 71.0 84.0 74.0 309.0 229.0 538.0
31803 陈立芃 96.0 93.0 105.0 57.0 63.0 70.0 294.0 190.0 484.0
31804 陈齐骏 37.0 43.0 33.5 0 27.0 22.0 113.5 0 0
31805 陈润铎 101.0 91.0 101.5 65.0 70.0 74.0 293.5 209.0 502.5
31806 陈润楷 92.0 100.0 103.0 64.0 81.0 51.0 295.0 196.0 491.0
31807 陈鑫冰 108.0 83.0 99.5 59.0 59.0 55.0 290.5 173.0 463.5
31808 陈永佳 108.0 102.0 116.5 75.0 73.0 67.0 326.5 215.0 541.5
31809 陈元嘉 102.0 100.0 103.5 63.0 54.0 63.0 305.5 180.0 485.5
31810 冯钰冰 115.0 95.0 107.5 60.0 42.0 58.0 317.5 160.0 477.5
31811 何畅 110.0 74.0 99.5 13.0 34.0 35.0 283.5 82.0 365.5
31812 黄怀瑶 109.0 100.0 116.0 45.0 68.0 54.0 325.0 167.0 492.0
31813 黄凯鹏 101.0 67.0 107.5 45.0 55.0 46.0 275.5 146.0 421.5
31814 黄昕仪 113.0 134.0 130.0 83.0 88.0 80.0 377.0 251.0 628.0
31815 黄泽宇 118.0 97.0 103.0 56.0 64.0 60.0 318.0 180.0 498.0
31816 康思妹 112.0 73.0 98.5 64.0 53.0 59.0 283.5 176.0 459.5
31817 孔雪欣 102.0 99.0 96.5 44.0 76.0 47.0 297.5 167.0 464.5
31818 赖淑凌 100.0 96.0 102.0 56.0 67.0 43.0 298.0 166.0 464.0
31819 李俊 107.0 100.0 111.0 38.0 51.0 60.0 318.0 149.0 467.0
31820 李楠 111.0 101.0 114.0 50.0 73.0 48.0 326.0 171.0 497.0
31821 李蔚东 101.0 132.0 116.0 83.0 87.0 65.0 349.0 235.0 584.0
31822 李昕 108.0 130.0 98.5 80.0 81.0 72.0 336.5 233.0 569.5
31823 连泓杰 104.0 119.0 116.0 69.0 73.0 50.0 339.0 192.0 531.0
31824 林泓 99.0 94.0 93.0 48.0 71.0 57.0 286.0 176.0 462.0
31825 林培润 106.0 64.0 101.0 43.0 42.0 46.0 271.0 131.0 402.0
31826 林绮娜 115.0 101.0 123.5 68.0 80.0 71.0 339.5 219.0 558.5
31827 林昕 112.0 115.0 109.0 77.0 65.0 50.0 336.0 192.0 528.0
31828 林奕敏 97.0 100.0 103.0 62.0 81.0 71.0 300.0 214.0 514.0
31829 林泽辉 109.0 82.0 83.5 72.0 58.0 61.0 274.5 191.0 465.5
31830 林泽炜 99.0 109.0 104.5 71.0 84.0 54.0 312.5 209.0 521.5
31831 林增瑞 107.0 100.0 99.0 58.0 77.0 68.0 306.0 203.0 509.0
31832 刘丁玮 111.0 112.0 105.0 82.0 65.0 51.0 328.0 198.0 526.0
31833 卢呈焕 89.0 87.0 97.0 55.0 62.0 53.0 273.0 170.0 443.0
31834 卢智扬 96.0 69.0 104.5 38.0 61.0 55.0 269.5 154.0 423.5
31835 罗亿权 104.0 82.0 100.0 55.0 37.0 50.0 286.0 142.0 428.0
31836 邱乐思 94.0 117.0 112.5 78.0 82.0 57.0 323.5 217.0 540.5
31837 佘涵 104.0 119.0 108.5 57.0 84.0 60.0 331.5 201.0 532.5
31838 汤钰瑛 103.0 84.0 117.5 58.0 38.0 51.0 304.5 147.0 451.5
31839 王佩佩 113.0 121.0 111.0 72.0 76.0 66.0 345.0 214.0 559.0
31840 王思佳 104.0 105.0 118.0 73.0 78.0 71.0 327.0 222.0 549.0
31841 王晓泽 105.0 102.0 95.0 52.0 55.0 50.0 302.0 157.0 459.0
31842 王振东 103.0 137.0 120.0 81.0 76.0 74.0 360.0 231.0 591.0
31843 王子瑜 97.0 73.0 110.5 47.0 41.0 55.0 280.5 143.0 423.5
31844 吴绍邦 110.0 107.0 129.0 73.0 91.0 73.0 346.0 237.0 583.0
31845 吴水滇 97.0 90.0 121.5 69.0 66.0 58.0 308.5 193.0 501.5
31846 吴晓琪 98.0 98.0 108.5 60.0 54.0 52.0 304.5 166.0 470.5
31847 吴昕 105.0 69.0 120.5 64.0 65.0 55.0 294.5 184.0 478.5
31848 谢昱康 102.0 98.0 110.0 78.0 74.0 49.0 310.0 201.0 511.0
31849 姚少云 104.0 83.0 92.5 33.0 48.0 50.0 279.5 131.0 410.5
31850 余博浩 89.0 78.0 113.0 70.0 56.0 62.0 280.0 188.0 468.0
31851 曾泓燊 98.0 114.0 95.5 70.0 70.0 64.0 307.5 204.0 511.5
31852 曾佳泓 95.0 111.0 105.5 72.0 65.0 55.0 311.5 192.0 503.5
31853 曾琳 120.0 94.0 124.5 66.0 67.0 48.0 338.5 181.0 519.5
31854 曾宪瀚 89.0 66.0 73.0 43.0 54.0 58.0 228.0 155.0 383.0
31855 曾伊琳 106.0 94.0 98.5 73.0 72.0 45.0 298.5 190.0 488.5
31856 张随娜 119.0 97.0 120.0 64.0 69.0 62.0 336.0 195.0 531.0
31857 张育铭 94.0 101.0 106.5 69.0 61.0 60.0 301.5 190.0 491.5
31858 章滢蓥 107.0 127.0 101.5 56.0 77.0 64.0 335.5 197.0 532.5
31859 郑任翔 113.0 75.0 114.0 58.0 66.0 56.0 302.0 180.0 482.0
31860 郑子昂 96.0 96.0 98.0 48.0 55.0 43.0 290.0 146.0 436.0
31861 钟浩川 117.0 125.0 119.0 63.0 87.0 60.0 361.0 210.0 571.0
31862 周苑婷 113.0 102.0 113.0 71.0 73.0 70.0 328.0 214.0 542.0
31863 庄妍 112.0 103.0 129.0 83.0 85.0 67.0 344.0 235.0 579.0
31901 蔡育铮 104.0 112.0 126.5 85.0 88.0 77.0 342.5 250.0 592.5
31902 蔡卓颖 107.0 114.0 116.5 64.0 75.0 51.0 337.5 190.0 527.5
31903 陈功超 92.0 53.0 107.0 15.0 42.0 25.0 252.0 82.0 334.0
31904 陈浩宇 115.0 123.0 101.0 74.0 72.0 67.0 339.0 213.0 552.0
31905 陈红 105.0 109.0 123.5 59.0 78.0 57.0 337.5 194.0 531.5
31906 陈嘉杭 110.0 92.0 113.5 58.0 52.0 52.0 315.5 162.0 477.5
31907 陈锴灏 107.0 140.0 101.0 73.0 80.0 55.0 348.0 208.0 556.0
31908 陈孟耀 103.0 76.0 85.0 49.0 52.0 51.0 264.0 152.0 416.0
31909 陈伟杰 114.0 124.0 127.0 98.0 95.0 69.0 365.0 262.0 627.0
31910 陈宇霏 112.0 104.0 105.5 75.0 61.0 51.0 321.5 187.0 508.5
31911 陈卓妮 99.0 89.0 108.0 41.0 54.0 37.0 296.0 132.0 428.0
31912 杜振超 103.0 130.0 119.0 88.0 98.0 69.0 352.0 255.0 607.0
31913 方家颖 101.0 83.0 106.0 46.0 63.0 44.0 290.0 153.0 443.0
31914 郭佳鑫 113.0 124.0 122.0 89.0 86.0 67.0 359.0 242.0 601.0
31915 黄超铄 110.0 89.0 91.0 58.0 82.0 72.0 290.0 212.0 502.0
31916 黄海铭 87.0 0 78.5 0 58.0 0 0 0 0
31917 黄融杰 102.0 115.0 107.0 74.0 79.0 62.0 324.0 215.0 539.0
31918 黄晓琦 105.0 75.0 106.5 33.0 41.0 44.0 286.5 118.0 404.5
31920 黄泽锴 70.0 75.0 55.5 47.0 54.0 49.0 200.5 150.0 350.5
31921 纪沛桐 104.0 78.0 113.5 74.0 46.0 62.0 295.5 182.0 477.5
31922 李岱谚 111.0 131.0 128.5 94.0 94.0 70.0 370.5 258.0 628.5
31923 李光泽 103.0 98.0 99.0 44.0 67.0 50.0 300.0 161.0 461.0
31924 李鸿 121.0 102.0 116.0 84.0 73.0 67.0 339.0 224.0 563.0
31925 李林昕 112.0 92.0 115.5 71.0 65.0 62.0 319.5 198.0 517.5
31926 李欣然 109.0 97.0 115.0 61.0 72.0 54.0 321.0 187.0 508.0
31927 李鑫 101.0 74.0 95.5 52.0 46.0 47.0 270.5 145.0 415.5
31928 李彦腾 102.0 95.0 105.5 66.0 56.0 45.0 302.5 167.0 469.5
31929 林坚生 121.0 97.0 117.5 63.0 66.0 57.0 335.5 186.0 521.5
31930 林乐贤 125.0 136.0 120.0 86.0 93.0 65.0 381.0 244.0 625.0
31931 林萌子 113.0 102.0 110.5 71.0 85.0 72.0 325.5 228.0 553.5
31932 林银虹 112.0 85.0 111.0 64.0 50.0 64.0 308.0 178.0 486.0
31933 林岳青 112.0 119.0 120.5 67.0 71.0 63.0 351.5 201.0 552.5
31934 卢晓杰 113.0 123.0 118.5 82.0 82.0 69.0 354.5 233.0 587.5
31935 马思昀 114.0 89.0 101.5 69.0 81.0 60.0 304.5 210.0 514.5
31936 彭丽妹 111.0 79.0 101.0 39.0 58.0 49.0 291.0 146.0 437.0
31937 彭扬帆 111.0 112.0 110.0 66.0 71.0 61.0 333.0 198.0 531.0
31938 沈桂菱 106.0 98.0 82.5 70.0 72.0 60.0 286.5 202.0 488.5
31939 沈益聪 108.0 142.0 115.5 47.0 73.0 57.0 365.5 177.0 542.5
31940 苏思澄 108.0 127.0 83.0 81.0 90.0 56.0 318.0 227.0 545.0
31941 苏泽坤 89.0 99.0 72.5 60.0 62.0 43.0 260.5 165.0 425.5
31942 王璐 116.0 119.0 124.5 81.0 80.0 64.0 359.5 225.0 584.5
31943 王梓琦 100.0 86.0 91.5 72.0 66.0 69.0 277.5 207.0 484.5
31944 文渲 107.0 98.0 96.5 49.0 60.0 47.0 301.5 156.0 457.5
31945 翁涵 111.0 126.0 97.5 84.0 75.0 58.0 334.5 217.0 551.5
31946 吴虹燕 113.0 111.0 106.0 64.0 52.0 49.0 330.0 165.0 495.0
31947 吴佳銮 111.0 116.0 128.0 63.0 71.0 67.0 355.0 201.0 556.0
31948 吴怡玫 117.0 87.0 94.5 46.0 65.0 58.0 298.5 169.0 467.5
31949 谢罗瀚 85.0 86.0 66.5 69.0 58.0 53.0 237.5 180.0 417.5
31950 谢泽钊 98.0 88.0 91.5 63.0 71.0 60.0 277.5 194.0 471.5
31951 徐润峰 100.0 72.0 86.5 59.0 69.0 54.0 258.5 182.0 440.5
31952 许滨楠 99.0 97.0 122.0 68.0 72.0 73.0 318.0 213.0 531.0
31953 许玫 109.0 97.0 118.0 67.0 82.0 59.0 324.0 208.0 532.0
31954 许子源 94.0 88.0 97.0 37.0 45.0 47.0 279.0 129.0 408.0
31955 杨利秋 105.0 132.0 103.5 69.0 86.0 58.0 340.5 213.0 553.5
31956 余子涵 104.0 66.0 105.5 48.0 74.0 44.0 275.5 166.0 441.5
31957 曾奕楠 94.0 0 103.5 0 69.0 0 0 0 0
31958 张超逸 102.0 109.0 99.5 65.0 76.0 76.0 310.5 217.0 527.5
31959 张曼琪 117.0 97.0 106.5 66.0 53.0 57.0 320.5 176.0 496.5
31960 赵彦纯 107.0 86.0 102.0 69.0 69.0 59.0 295.0 197.0 492.0
31961 郑钧漾 104.0 103.0 92.0 45.0 57.0 53.0 299.0 155.0 454.0
31962 郑玮涛 111.0 108.0 97.5 86.0 73.0 76.0 316.5 235.0 551.5
31963 郑锨淇 104.0 110.0 117.5 80.0 67.0 61.0 331.5 208.0 539.5
31964 庄开翔 105.0 118.0 106.0 87.0 80.0 73.0 329.0 240.0 569.0
32001 蔡佳琪 100.0 89.0 105.0 62.0 57.0 47.0 294.0 166.0 460.0
32002 蔡淑玲 114.0 83.0 112.5 51.0 72.0 55.0 309.5 178.0 487.5
32003 蔡伟龙 0 0 103.5 0 58.0 0 0 0 0
32004 陈博涵 116.0 122.0 100.5 69.0 84.0 70.0 338.5 223.0 561.5
32005 陈畅洪 113.0 88.0 88.0 62.0 44.0 50.0 289.0 156.0 445.0
32006 陈润洋 101.0 98.0 96.5 74.0 81.0 57.0 295.5 212.0 507.5
32007 陈思桦 103.0 100.0 121.0 48.0 78.0 57.0 324.0 183.0 507.0
32008 陈雪仪 119.0 115.0 114.5 68.0 73.0 52.0 348.5 193.0 541.5
32009 洪奕祥 106.0 125.0 107.0 71.0 85.0 68.0 338.0 224.0 562.0
32010 胡期升 110.0 100.0 117.5 69.0 68.0 50.0 327.5 187.0 514.5
32011 黄斌伟 103.0 85.0 107.0 46.0 77.0 61.0 295.0 184.0 479.0
32012 黄洪雯 107.0 77.0 94.5 42.0 45.0 59.0 278.5 146.0 424.5
32013 黄敏华 94.0 103.0 105.5 46.0 55.0 53.0 302.5 154.0 456.5
32014 黄舜娴 89.0 108.0 90.5 72.0 79.0 62.0 287.5 213.0 500.5
32015 黄于峻 100.0 84.0 74.5 53.0 33.0 53.0 258.5 139.0 397.5
32016 纪梓荣 98.0 104.0 93.0 58.0 47.0 40.0 295.0 145.0 440.0
32017 李东烁 103.0 123.0 115.5 70.0 74.0 70.0 341.5 214.0 555.5
32018 李洁 115.0 124.0 121.5 73.0 79.0 68.0 360.5 220.0 580.5
32019 李易霖 93.0 84.0 97.5 64.0 60.0 46.0 274.5 170.0 444.5
32020 李治 101.0 122.0 104.0 90.0 87.0 59.0 327.0 236.0 563.0
32021 李卓明 111.0 135.0 122.5 90.0 78.0 74.0 368.5 242.0 610.5
32022 林佳煌 99.0 121.0 97.0 72.0 76.0 63.0 317.0 211.0 528.0
32023 林钦鸿 98.0 126.0 108.0 69.0 67.0 16.0 332.0 152.0 484.0
32024 林小琪 99.0 117.0 96.5 71.0 50.0 75.0 312.5 196.0 508.5
32025 林烨 104.0 84.0 102.0 55.0 78.0 52.0 290.0 185.0 475.0
32026 刘艾莉 113.0 124.0 127.5 83.0 62.0 68.0 364.5 213.0 577.5
32027 刘旭东 98.0 130.0 108.5 74.0 91.0 64.0 336.5 229.0 565.5
32028 刘依菁 108.0 105.0 115.0 59.0 77.0 58.0 328.0 194.0 522.0
32029 刘悦韵 110.0 123.0 133.5 76.0 80.0 62.0 366.5 218.0 584.5
32030 马洪量 99.0 87.0 85.5 42.0 42.0 43.0 271.5 127.0 398.5
32031 马茵茵 84.0 75.0 101.0 39.0 39.0 41.0 260.0 119.0 379.0
32032 潘莹涵 99.0 95.0 92.5 36.0 48.0 35.0 286.5 119.0 405.5
32033 沈敏勇 118.0 116.0 118.0 73.0 92.0 71.0 352.0 236.0 588.0
32034 沈晓燕 116.0 114.0 121.0 82.0 70.0 72.0 351.0 224.0 575.0
32035 苏诚章 118.0 107.0 114.5 86.0 83.0 77.0 339.5 246.0 585.5
32036 唐梦洋 100.0 49.0 76.5 47.0 36.0 34.0 225.5 117.0 342.5
32037 王灿杜 106.0 101.0 116.0 92.0 77.0 61.0 323.0 230.0 553.0
32038 王鸿吉 113.0 97.0 90.5 47.0 62.0 30.0 300.5 139.0 439.5
32039 王杰鑫 107.0 130.0 115.0 75.0 66.0 69.0 352.0 210.0 562.0
32040 王泽锴 95.0 77.0 91.0 39.0 59.0 32.0 263.0 130.0 393.0
32041 王子铟 109.0 116.0 118.0 77.0 82.0 73.0 343.0 232.0 575.0
32042 吴斯彤 123.0 93.0 106.0 57.0 75.0 61.0 322.0 193.0 515.0
32043 吴泽锐 123.0 121.0 140.5 90.0 91.0 75.0 384.5 256.0 640.5
32044 谢锦珊 117.0 114.0 114.0 53.0 94.0 68.0 345.0 215.0 560.0
32045 谢铠羽 90.0 90.0 114.0 47.0 59.0 55.0 294.0 161.0 455.0
32046 谢婉婷 108.0 91.0 113.0 54.0 66.0 55.0 312.0 175.0 487.0
32047 谢懿锐 109.0 107.0 107.0 66.0 73.0 59.0 323.0 198.0 521.0
32048 徐英芸 110.0 88.0 113.5 60.0 65.0 58.0 311.5 183.0 494.5
32049 许晓刚 114.0 112.0 109.0 58.0 82.0 48.0 335.0 188.0 523.0
32050 许永泓 121.0 138.0 129.0 73.0 92.0 73.0 388.0 238.0 626.0
32051 颜莞尔 117.0 92.0 107.0 52.0 55.0 57.0 316.0 164.0 480.0
32052 姚树耿 108.0 111.0 114.0 76.0 83.0 63.0 333.0 222.0 555.0
32053 姚悦扬 106.0 101.0 118.5 57.0 74.0 49.0 325.5 180.0 505.5
32054 余钊 95.0 86.0 87.0 48.0 42.0 51.0 268.0 141.0 409.0
32055 詹金伟 112.0 88.0 103.5 27.0 74.0 60.0 303.5 161.0 464.5
32056 张皓洵 116.0 98.0 113.5 82.0 64.0 76.0 327.5 222.0 549.5
32057 张扬 96.0 75.0 105.0 77.0 75.0 58.0 276.0 210.0 486.0
32058 张奕欣 99.0 60.0 92.0 38.0 21.0 37.0 251.0 96.0 347.0
32059 郑铠 99.0 106.0 85.5 76.0 71.0 71.0 290.5 218.0 508.5
32060 郑哲然 109.0 122.0 115.5 80.0 80.0 52.0 346.5 212.0 558.5
32061 周泽妍 108.0 98.0 101.0 63.0 73.0 58.0 307.0 194.0 501.0
32062 周子毓 110.0 94.0 97.0 40.0 46.0 53.0 301.0 139.0 440.0
