30401 陈柏林 106.0 89.0 102.5 68.0 71.0 75.0 297.5 214.0 511.5
30402 陈东晓 0 84.0 95.5 48.0 43.0 33.0 0 124.0 0
30403 陈冬仪 116.0 90.0 91.5 48.0 59.0 63.0 297.5 170.0 467.5
30404 陈金洲 117.0 132.0 120.5 65.0 71.0 71.0 369.5 207.0 576.5
30405 陈淑妍 99.0 120.0 134.5 67.0 77.0 78.0 353.5 222.0 575.5
30406 胡楷宇 104.0 115.0 97.5 63.0 57.0 68.0 316.5 188.0 504.5
30407 胡昱 109.0 110.0 125.5 58.0 71.0 75.0 344.5 204.0 548.5
30408 黄艾琪 116.0 136.0 129.5 68.0 80.0 80.0 381.5 228.0 609.5
30409 黄狄林 115.0 140.0 120.5 65.0 75.0 73.0 375.5 213.0 588.5
30410 黄琳婷 106.0 94.0 121.0 44.0 56.0 65.0 321.0 165.0 486.0
30411 黄云进 101.0 119.0 118.5 48.0 70.0 75.0 338.5 193.0 531.5
30412 纪慧煊 109.0 121.0 110.5 60.0 71.0 64.0 340.5 195.0 535.5
30413 蓝玉奇 110.0 91.0 116.5 64.0 53.0 63.0 317.5 180.0 497.5
30414 李宏森 104.0 62.0 71.5 46.0 42.0 46.0 237.5 134.0 371.5
30415 李艺晴 105.0 114.0 126.0 60.0 78.0 75.0 345.0 213.0 558.0
30416 李兆捷 113.0 119.0 120.5 58.0 97.0 74.0 352.5 229.0 581.5
30417 林达 104.0 117.0 107.5 69.0 75.0 68.0 328.5 212.0 540.5
30418 林镜辉 104.0 84.0 94.5 50.0 58.0 55.0 282.5 163.0 445.5
30419 林永佳 106.0 84.0 104.5 42.0 52.0 41.0 294.5 135.0 429.5
30420 林昱霖 95.0 140.0 113.5 82.0 89.0 78.0 348.5 249.0 597.5
30421 林泽楷 111.0 117.0 104.0 80.0 70.0 76.0 332.0 226.0 558.0
30422 刘琳菲 113.0 114.0 108.5 44.0 67.0 74.0 335.5 185.0 520.5
30424 卢涵 104.0 100.0 109.5 70.0 60.0 76.0 313.5 206.0 519.5
30425 卢昕玥 114.0 114.0 120.5 52.0 73.0 75.0 348.5 200.0 548.5
30426 卢彦宇 95.0 95.0 94.0 55.0 64.0 53.0 284.0 172.0 456.0
30427 罗亦宋 103.0 117.0 122.5 73.0 65.0 73.0 342.5 211.0 553.5
30428 麦扬 105.0 75.0 107.0 32.0 68.0 46.0 287.0 146.0 433.0
30429 邵彦程 96.0 80.0 99.0 36.0 31.0 41.0 275.0 108.0 383.0
30430 沈丹琼 123.0 123.0 118.5 80.0 87.0 79.0 364.5 246.0 610.5
30431 王磊 109.0 121.0 115.0 59.0 67.0 61.0 345.0 187.0 532.0
30432 王震霆 93.0 113.0 89.5 38.0 43.0 41.0 295.5 122.0 417.5
30433 韦昕澄 107.0 128.0 132.5 70.0 87.0 82.0 367.5 239.0 606.5
30434 魏桐曦 109.0 106.0 129.5 57.0 72.0 60.0 344.5 189.0 533.5
30435 翁铭捷 96.0 106.0 107.5 47.0 66.0 56.0 309.5 169.0 478.5
30436 吴洁兰 118.0 69.0 105.0 44.0 39.0 68.0 292.0 151.0 443.0
30437 吴婕洵 126.0 144.0 109.0 54.0 63.0 62.0 379.0 179.0 558.0
30438 吴郁楠 107.0 103.0 119.5 68.0 78.0 66.0 329.5 212.0 541.5
30439 吴泽峰 111.0 99.0 117.0 68.0 70.0 80.0 327.0 218.0 545.0
30440 吴植慧 106.0 85.0 78.5 33.0 49.0 46.0 269.5 128.0 397.5
30441 谢庆欣 100.0 82.0 100.5 47.0 50.0 55.0 282.5 152.0 434.5
30442 辛孜玫 117.0 115.0 101.5 43.0 56.0 53.0 333.5 152.0 485.5
30443 徐浩锴 92.0 94.0 96.0 57.0 49.0 52.0 282.0 158.0 440.0
30444 许可淳 118.0 143.0 126.0 74.0 95.0 92.0 387.0 261.0 648.0
30445 许林菁 118.0 99.0 106.5 57.0 85.0 64.0 323.5 206.0 529.5
30446 许统辉 100.0 108.0 89.5 47.0 60.0 60.0 297.5 167.0 464.5
30447 许旭东 114.0 121.0 138.0 77.0 76.0 72.0 373.0 225.0 598.0
30448 杨博锐 102.0 76.0 97.5 39.0 38.0 56.0 275.5 133.0 408.5
30449 杨乔 88.0 93.0 98.5 34.0 49.0 71.0 279.5 154.0 433.5
30450 杨宇镔 108.0 69.0 97.5 44.0 60.0 67.0 274.5 171.0 445.5
30451 杨芷涵 106.0 96.0 134.0 84.0 86.0 82.0 336.0 252.0 588.0
30452 姚楷炫 112.0 117.0 115.0 86.0 81.0 66.0 344.0 233.0 577.0
30453 张若涵 117.0 114.0 120.5 36.0 68.0 54.0 351.5 158.0 509.5
30454 张雪妍 111.0 88.0 110.5 47.0 61.0 59.0 309.5 167.0 476.5
30455 赵明明 108.0 89.0 114.0 46.0 50.0 68.0 311.0 164.0 475.0
30456 赵晓明 121.0 101.0 107.0 37.0 57.0 59.0 329.0 153.0 482.0
30457 郑沐林 128.0 136.0 125.5 73.0 96.0 84.0 389.5 253.0 642.5
30458 郑镛墉 103.0 104.0 102.5 46.0 35.0 46.0 309.5 127.0 436.5
30459 钟献彪 112.0 126.0 93.5 64.0 78.0 66.0 331.5 208.0 539.5
30460 周梓勃 112.0 121.0 112.5 76.0 74.0 61.0 345.5 211.0 556.5
30461 朱丹琪 111.0 114.0 116.5 56.0 51.0 64.0 341.5 171.0 512.5
30462 庄漪婷 113.0 91.0 105.5 45.0 39.0 60.0 309.5 144.0 453.5
30501 蔡苑虹 109.0 140.0 117.5 71.0 74.0 72.0 366.5 217.0 583.5
30502 陈福溢 105.0 111.0 123.5 70.0 67.0 54.0 339.5 191.0 530.5
30503 陈泓 109.0 52.0 119.0 28.0 36.0 39.0 280.0 103.0 383.0
30504 陈佳泓 104.0 128.0 111.0 79.0 66.0 63.0 343.0 208.0 551.0
30505 陈嘉胜 96.0 104.0 93.5 33.0 64.0 57.0 293.5 154.0 447.5
30506 陈丽娜 106.0 100.0 103.5 67.0 71.0 62.0 309.5 200.0 509.5
30507 陈沛震 94.0 106.0 99.5 61.0 61.0 45.0 299.5 167.0 466.5
30508 陈乔林 106.0 102.0 108.5 52.0 69.0 49.0 316.5 170.0 486.5
30509 陈疏桐 110.0 119.0 137.0 78.0 79.0 71.0 366.0 228.0 594.0
30510 陈欣洋 91.0 117.0 90.5 26.0 22.0 49.0 298.5 97.0 395.5
30511 陈雅琪 101.0 119.0 121.5 56.0 58.0 62.0 341.5 176.0 517.5
30512 陈一凡 98.0 127.0 90.0 87.0 88.0 90.0 315.0 265.0 580.0
30513 陈禹廷 101.0 96.0 122.5 60.0 74.0 66.0 319.5 200.0 519.5
30514 陈煜琳 114.0 142.0 125.5 79.0 66.0 73.0 381.5 218.0 599.5
30515 陈梓瀚 103.0 86.0 107.0 66.0 56.0 75.0 296.0 197.0 493.0
30517 陈梓宇 117.0 121.0 105.5 80.0 82.0 81.0 343.5 243.0 586.5
30518 方灿鸿 100.0 110.0 92.0 55.0 66.0 73.0 302.0 194.0 496.0
30519 郭梓淇 109.0 90.0 104.5 41.0 32.0 45.0 303.5 118.0 421.5
30520 黄泓鉴 111.0 126.0 127.5 77.0 75.0 83.0 364.5 235.0 599.5
30521 黄金涛 114.0 100.0 107.5 40.0 46.0 49.0 321.5 135.0 456.5
30522 黄式铨 107.0 111.0 110.5 74.0 69.0 55.0 328.5 198.0 526.5
30523 黄孜睿 97.0 98.0 114.5 61.0 93.0 53.0 309.5 207.0 516.5
30524 江卓聪 106.0 117.0 129.5 86.0 79.0 72.0 352.5 237.0 589.5
30525 李依璘 114.0 103.0 132.0 63.0 70.0 67.0 349.0 200.0 549.0
30526 李子聪 100.0 104.0 115.0 86.0 58.0 65.0 319.0 209.0 528.0
30527 林钡钡 105.0 127.0 102.0 65.0 68.0 71.0 334.0 204.0 538.0
30528 林洁萍 110.0 73.0 105.0 64.0 74.0 68.0 288.0 206.0 494.0
30529 林煜涛 95.0 109.0 90.5 60.0 60.0 75.0 294.5 195.0 489.5
30530 林泽滢 113.0 101.0 108.5 62.0 66.0 57.0 322.5 185.0 507.5
30531 刘榕飒 110.0 98.0 114.0 53.0 78.0 56.0 322.0 187.0 509.0
30532 陆凡冰 95.0 137.0 118.0 80.0 81.0 76.0 350.0 237.0 587.0
30533 马万里 104.0 79.0 96.5 59.0 61.0 68.0 279.5 188.0 467.5
30534 马伟涛 113.0 127.0 111.0 79.0 86.0 62.0 351.0 227.0 578.0
30535 潘俞霏 105.0 112.0 122.0 64.0 76.0 68.0 339.0 208.0 547.0
30536 沈哲沛 95.0 88.0 88.0 72.0 50.0 51.0 271.0 173.0 444.0
30537 孙玮 102.0 99.0 106.5 57.0 66.0 70.0 307.5 193.0 500.5
30538 王楠 110.0 102.0 132.5 53.0 48.0 64.0 344.5 165.0 509.5
30539 王天乐 107.0 85.0 91.0 57.0 57.0 47.0 283.0 161.0 444.0
30540 吴博 119.0 123.0 120.5 84.0 84.0 69.0 362.5 237.0 599.5
30541 吴佳芸 106.0 78.0 102.5 40.0 52.0 59.0 286.5 151.0 437.5
30542 吴淇升 115.0 110.0 104.5 55.0 62.0 56.0 329.5 173.0 502.5
30543 吴易达 105.0 126.0 96.0 61.0 75.0 63.0 327.0 199.0 526.0
30544 肖泽楷 113.0 89.0 126.0 60.0 59.0 59.0 328.0 178.0 506.0
30545 谢函瀚 95.0 82.0 117.5 48.0 71.0 61.0 294.5 180.0 474.5
30547 谢思婷 114.0 91.0 117.0 58.0 83.0 58.0 322.0 199.0 521.0
30548 谢育锋 112.0 102.0 95.5 56.0 60.0 73.0 309.5 189.0 498.5
30549 徐芷欣 107.0 103.0 120.0 74.0 73.0 50.0 330.0 197.0 527.0
30550 杨昕 114.0 110.0 121.5 67.0 72.0 82.0 345.5 221.0 566.5
30551 姚雪萍 100.0 92.0 98.5 56.0 63.0 45.0 290.5 164.0 454.5
30552 姚逸峰 115.0 113.0 99.0 67.0 63.0 55.0 327.0 185.0 512.0
30553 余泓涛 91.0 86.0 83.5 54.0 52.0 55.0 260.5 161.0 421.5
30554 余珮镕 105.0 106.0 116.0 57.0 68.0 56.0 327.0 181.0 508.0
30555 曾烁 102.0 98.0 96.5 54.0 40.0 46.0 296.5 140.0 436.5
30556 张基烨 106.0 106.0 109.5 54.0 74.0 72.0 321.5 200.0 521.5
30557 张锦河 112.0 124.0 104.5 74.0 79.0 81.0 340.5 234.0 574.5
30558 张子斌 95.0 113.0 118.5 58.0 83.0 65.0 326.5 206.0 532.5
30559 张宗泽 94.0 116.0 108.0 62.0 69.0 72.0 318.0 203.0 521.0
30560 郑涵 116.0 141.0 127.5 89.0 85.0 77.0 384.5 251.0 635.5
30561 郑主加 105.0 117.0 90.0 65.0 55.0 60.0 312.0 180.0 492.0
30562 钟婉灵 106.0 126.0 92.0 56.0 69.0 65.0 324.0 190.0 514.0
30563 周哲 90.0 134.0 97.0 61.0 76.0 62.0 321.0 199.0 520.0
30601 蔡楚怡 93.0 75.0 92.0 54.0 49.0 62.0 260.0 165.0 425.0
30602 蔡瀚锋 108.0 107.0 103.5 76.0 70.0 67.0 318.5 213.0 531.5
30603 蔡弋炀 109.0 135.0 113.5 82.0 86.0 83.0 357.5 251.0 608.5
30604 陈金涛 105.0 100.0 99.5 71.0 80.0 56.0 304.5 207.0 511.5
30605 陈谨 106.0 75.0 112.0 47.0 70.0 56.0 293.0 173.0 466.0
30606 陈庆 99.0 108.0 97.5 70.0 63.0 68.0 304.5 201.0 505.5
30607 陈帅琦 107.0 101.0 120.0 62.0 65.0 54.0 328.0 181.0 509.0
30608 陈锶涛 101.0 79.0 85.0 30.0 35.0 31.0 265.0 96.0 361.0
30609 陈雅文 115.0 108.0 128.0 72.0 69.0 67.0 351.0 208.0 559.0
30610 陈妍 102.0 100.0 119.5 53.0 62.0 49.0 321.5 164.0 485.5
30611 陈振霖 106.0 94.0 93.0 62.0 49.0 51.0 293.0 162.0 455.0
30612 陈震寅 93.0 135.0 75.5 73.0 89.0 79.0 303.5 241.0 544.5
30613 陈梓泓 95.0 98.0 105.5 63.0 69.0 65.0 298.5 197.0 495.5
30614 陈梓演 117.0 116.0 125.5 64.0 73.0 69.0 358.5 206.0 564.5
30615 戴德燊 101.0 108.0 103.5 59.0 69.0 72.0 312.5 200.0 512.5
30616 方家浩 111.0 94.0 96.0 56.0 74.0 60.0 301.0 190.0 491.0
30617 方玮绚 103.0 104.0 96.0 60.0 28.0 61.0 303.0 149.0 452.0
30618 方小涵 109.0 93.0 118.0 48.0 57.0 60.0 320.0 165.0 485.0
30619 方梓昊 108.0 77.0 103.5 42.0 37.0 46.0 288.5 125.0 413.5
30620 郭悦宁 107.0 83.0 99.5 35.0 42.0 49.0 289.5 126.0 415.5
30621 郭滋涵 77.0 42.0 55.0 33.0 23.0 20.0 174.0 76.0 250.0
30622 洪斯沛 102.0 86.0 125.0 51.0 86.0 69.0 313.0 206.0 519.0
30623 黄蔓蔓 100.0 103.0 92.5 51.0 55.0 66.0 295.5 172.0 467.5
30624 黄树炫 96.0 114.0 134.0 59.0 76.0 72.0 344.0 207.0 551.0
30625 黄晚至 109.0 103.0 112.0 58.0 71.0 79.0 324.0 208.0 532.0
30626 黄粤奇 96.0 104.0 114.5 50.0 55.0 57.0 314.5 162.0 476.5
30627 李传璞 109.0 88.0 115.5 48.0 79.0 75.0 312.5 202.0 514.5
30628 李科谋 115.0 133.0 113.5 87.0 78.0 71.0 361.5 236.0 597.5
30629 李婉宜 106.0 137.0 120.0 77.0 72.0 79.0 363.0 228.0 591.0
30630 李心彤 105.0 96.0 104.0 39.0 51.0 37.0 305.0 127.0 432.0
30631 梁婧 95.0 75.0 90.5 39.0 63.0 45.0 260.5 147.0 407.5
30632 林琦 109.0 135.0 114.5 65.0 88.0 74.0 358.5 227.0 585.5
30633 林润峰 107.0 86.0 97.0 44.0 56.0 47.0 290.0 147.0 437.0
30634 林烁 108.0 85.0 108.0 45.0 79.0 61.0 301.0 185.0 486.0
30635 林钰祺 112.0 108.0 113.5 66.0 56.0 60.0 333.5 182.0 515.5
30636 林泽聪 117.0 118.0 115.0 88.0 86.0 75.0 350.0 249.0 599.0
30637 林泽娜 111.0 83.0 125.5 61.0 64.0 53.0 319.5 178.0 497.5
30638 刘学智 110.0 113.0 106.0 83.0 83.0 75.0 329.0 241.0 570.0
30639 马思奇 105.0 100.0 106.5 59.0 70.0 70.0 311.5 199.0 510.5
30640 佘卓键 97.0 104.0 91.5 70.0 63.0 68.0 292.5 201.0 493.5
30641 沈畅泳 116.0 128.0 128.0 95.0 78.0 78.0 372.0 251.0 623.0
30642 汤庆琳 105.0 0 0 0 0 0 0 0 0
30643 王嘉如 106.0 109.0 104.5 66.0 88.0 68.0 319.5 222.0 541.5
30644 王琳 112.0 101.0 121.5 54.0 75.0 65.0 334.5 194.0 528.5
30645 王梓渲 97.0 98.0 103.5 71.0 86.0 92.0 298.5 249.0 547.5
30646 吴文澜 110.0 83.0 100.0 44.0 44.0 51.0 293.0 139.0 432.0
30647 吴妍 115.0 104.0 99.0 61.0 77.0 62.0 318.0 200.0 518.0
30648 许夏帆 108.0 139.0 132.0 70.0 88.0 71.0 379.0 229.0 608.0
30649 许烨琪 101.0 103.0 110.0 50.0 54.0 45.0 314.0 149.0 463.0
30650 杨金满 111.0 110.0 124.5 79.0 89.0 85.0 345.5 253.0 598.5
30651 杨壬 79.0 45.0 86.0 53.0 32.0 29.0 210.0 114.0 324.0
30652 杨依云 109.0 115.0 125.5 66.0 76.0 59.0 349.5 201.0 550.5
30653 蚁维聪 110.0 108.0 100.0 62.0 75.0 71.0 318.0 208.0 526.0
30654 余信荣 116.0 122.0 122.0 71.0 91.0 87.0 360.0 249.0 609.0
30655 喻子韬 111.0 80.0 117.5 70.0 68.0 70.0 308.5 208.0 516.5
30656 詹育东 118.0 107.0 0 66.0 0 71.0 0 0 0
30657 张棣炫 102.0 99.0 126.5 62.0 50.0 69.0 327.5 181.0 508.5
30658 张欣悦 101.0 109.0 117.0 55.0 79.0 64.0 327.0 198.0 525.0
30659 郑东能 103.0 134.0 83.5 76.0 71.0 82.0 320.5 229.0 549.5
30660 郑凯元 99.0 105.0 120.5 64.0 69.0 65.0 324.5 198.0 522.5
30661 郑泽楠 98.0 101.0 113.5 56.0 70.0 58.0 312.5 184.0 496.5
30662 钟贝琪 109.0 96.0 112.0 73.0 62.0 61.0 317.0 196.0 513.0
30663 周盈贝 99.0 77.0 119.5 59.0 59.0 65.0 295.5 183.0 478.5
30701 蔡博涵 101.0 88.0 93.5 61.0 57.0 57.0 282.5 175.0 457.5
30702 蔡琪 99.0 81.0 86.5 28.0 34.0 52.0 266.5 114.0 380.5
30703 蔡淑熙 104.0 109.0 111.0 69.0 65.0 62.0 324.0 196.0 520.0
30704 蔡晓仪 117.0 111.0 107.0 59.0 59.0 69.0 335.0 187.0 522.0
30705 蔡泽莹 114.0 124.0 97.5 59.0 69.0 57.0 335.5 185.0 520.5
30706 蔡之雅 100.0 96.0 109.0 60.0 60.0 72.0 305.0 192.0 497.0
30707 蔡至钿 89.0 103.0 112.5 59.0 62.0 59.0 304.5 180.0 484.5
30708 陈畅 105.0 108.0 103.5 41.0 48.0 59.0 316.5 148.0 464.5
30709 陈铎仑 105.0 140.0 136.0 94.0 84.0 75.0 381.0 253.0 634.0
30710 陈俊成 114.0 117.0 104.5 87.0 90.0 72.0 335.5 249.0 584.5
30711 陈思冰 102.0 82.0 92.0 56.0 63.0 57.0 276.0 176.0 452.0
30712 陈思桦 101.0 104.0 90.5 39.0 42.0 44.0 295.5 125.0 420.5
30713 陈武杰 97.0 104.0 113.0 69.0 54.0 47.0 314.0 170.0 484.0
30714 陈晓雯 119.0 130.0 127.0 91.0 90.0 91.0 376.0 272.0 648.0
30715 陈奕纯 113.0 127.0 102.0 57.0 76.0 60.0 342.0 193.0 535.0
30716 陈钟之 107.0 126.0 119.5 71.0 72.0 62.0 352.5 205.0 557.5
30717 陈梓博 105.0 108.0 101.0 62.0 74.0 58.0 314.0 194.0 508.0
30719 丁烜 90.0 100.0 82.0 42.0 64.0 53.0 272.0 159.0 431.0
30720 杜昕 118.0 92.0 123.0 78.0 73.0 69.0 333.0 220.0 553.0
30721 杜展 104.0 115.0 110.0 73.0 77.0 72.0 329.0 222.0 551.0
30722 郭枫阳 110.0 140.0 131.5 81.0 85.0 73.0 381.5 239.0 620.5
30723 洪欣苑 98.0 91.0 114.5 50.0 54.0 56.0 303.5 160.0 463.5
30724 洪梓昂 107.0 133.0 118.5 62.0 67.0 79.0 358.5 208.0 566.5
30725 黄心婷 85.0 112.0 117.0 75.0 68.0 64.0 314.0 207.0 521.0
30726 黄芷琳 111.0 96.0 132.0 52.0 69.0 61.0 339.0 182.0 521.0
30727 李博恩 104.0 124.0 117.0 69.0 73.0 72.0 345.0 214.0 559.0
30728 李恺寰 107.0 124.0 116.0 73.0 89.0 89.0 347.0 251.0 598.0
30729 李沛熙 98.0 136.0 100.5 79.0 79.0 82.0 334.5 240.0 574.5
30730 李翊亨 105.0 122.0 114.5 67.0 65.0 70.0 341.5 202.0 543.5
30731 林宏杰 102.0 117.0 95.0 73.0 80.0 79.0 314.0 232.0 546.0
30732 林熙 108.0 80.0 105.0 44.0 76.0 48.0 293.0 168.0 461.0
30733 林映含 104.0 122.0 108.0 42.0 69.0 60.0 334.0 171.0 505.0
30734 林芸 117.0 111.0 123.5 61.0 68.0 74.0 351.5 203.0 554.5
30735 刘乐欣 101.0 110.0 98.0 77.0 62.0 69.0 309.0 208.0 517.0
30736 刘依雯 97.0 58.0 106.0 38.0 35.0 49.0 261.0 122.0 383.0
30737 刘雨奇 115.0 110.0 134.0 77.0 88.0 77.0 359.0 242.0 601.0
30738 刘子烁 96.0 44.0 91.0 47.0 53.0 69.0 231.0 169.0 400.0
30739 陆伟坤 110.0 119.0 102.5 65.0 64.0 84.0 331.5 213.0 544.5
30740 马学宽 102.0 86.0 116.5 50.0 63.0 60.0 304.5 173.0 477.5
30741 彭博澄 109.0 108.0 110.5 73.0 62.0 67.0 327.5 202.0 529.5
30742 邱可盈 103.0 118.0 99.5 61.0 61.0 63.0 320.5 185.0 505.5
30743 佘晓仪 91.0 60.0 96.0 33.0 34.0 50.0 247.0 117.0 364.0
30744 盛若岚 112.0 108.0 112.5 72.0 73.0 73.0 332.5 218.0 550.5
30745 苏烁航 97.0 121.0 84.5 64.0 49.0 55.0 302.5 168.0 470.5
30746 苏斯楠 104.0 91.0 93.5 63.0 71.0 60.0 288.5 194.0 482.5
30747 孙润楷 104.0 130.0 109.5 62.0 72.0 53.0 343.5 187.0 530.5
30748 吴佳生 112.0 119.0 126.5 89.0 88.0 75.0 357.5 252.0 609.5
30749 吴昕 101.0 94.0 101.0 55.0 67.0 60.0 296.0 182.0 478.0
30750 谢伟坤 96.0 112.0 99.5 61.0 74.0 72.0 307.5 207.0 514.5
30751 谢宗泰 111.0 124.0 114.5 58.0 68.0 71.0 349.5 197.0 546.5
30752 徐子媛 112.0 89.0 113.0 48.0 70.0 59.0 314.0 177.0 491.0
30753 许楷扬 103.0 111.0 105.5 67.0 68.0 56.0 319.5 191.0 510.5
30754 许艺瀛 98.0 118.0 127.0 71.0 70.0 72.0 343.0 213.0 556.0
30755 杨深林 107.0 122.0 104.0 86.0 86.0 71.0 333.0 243.0 576.0
30756 杨烨爽 105.0 129.0 101.0 51.0 83.0 69.0 335.0 203.0 538.0
30757 叶乐萱 114.0 130.0 145.5 80.0 89.0 87.0 389.5 256.0 645.5
30758 张睿 98.0 112.0 103.5 58.0 69.0 67.0 313.5 194.0 507.5
30759 张少伟 99.0 101.0 85.5 49.0 54.0 47.0 285.5 150.0 435.5
30760 张煜坚 102.0 120.0 123.0 42.0 42.0 58.0 345.0 142.0 487.0
30761 郑逸晖 102.0 125.0 135.0 62.0 74.0 77.0 362.0 213.0 575.0
30762 钟耿钦 100.0 131.0 92.0 44.0 48.0 76.0 323.0 168.0 491.0
30801 蔡筱蕊 102.0 115.0 102.5 47.0 71.0 57.0 319.5 175.0 494.5
30802 蔡奕桐 110.0 108.0 99.5 46.0 62.0 63.0 317.5 171.0 488.5
30803 蔡泽泓 93.0 125.0 110.5 60.0 62.0 57.0 328.5 179.0 507.5
30804 陈达可 102.0 125.0 121.5 84.0 85.0 74.0 348.5 243.0 591.5
30805 陈丹仪 116.0 115.0 115.5 76.0 89.0 90.0 346.5 255.0 601.5
30806 陈锴榆 89.0 120.0 98.5 32.0 59.0 57.0 307.5 148.0 455.5
30807 陈润慷 99.0 120.0 103.5 64.0 76.0 69.0 322.5 209.0 531.5
30808 陈淑芳 98.0 104.0 96.0 37.0 59.0 52.0 298.0 148.0 446.0
30809 陈彦宇 113.0 112.0 93.5 51.0 58.0 51.0 318.5 160.0 478.5
30810 陈钰琦 105.0 90.0 105.0 48.0 39.0 54.0 300.0 141.0 441.0
30811 陈志航 108.0 0 0 0 0 47.0 0 0 0
30812 单浩铭 102.0 93.0 105.0 52.0 64.0 56.0 300.0 172.0 472.0
30813 董煜然 97.0 121.0 95.5 69.0 63.0 62.0 313.5 194.0 507.5
30814 杜庚育 111.0 128.0 127.5 82.0 80.0 80.0 366.5 242.0 608.5
30815 方淑钰 107.0 71.0 104.0 42.0 45.0 46.0 282.0 133.0 415.0
30816 方殷锴 108.0 129.0 128.0 66.0 77.0 76.0 365.0 219.0 584.0
30817 葛颖 93.0 118.0 118.0 64.0 59.0 67.0 329.0 190.0 519.0
30818 郭粉红 111.0 102.0 106.5 55.0 75.0 64.0 319.5 194.0 513.5
30819 郭景瀚 106.0 75.0 113.0 52.0 62.0 36.0 294.0 150.0 444.0
30820 洪立强 107.0 112.0 96.0 56.0 52.0 55.0 315.0 163.0 478.0
30821 洪少锐 110.0 118.0 100.0 65.0 67.0 70.0 328.0 202.0 530.0
30822 黄端 98.0 137.0 108.0 64.0 80.0 59.0 343.0 203.0 546.0
30823 黄丰 119.0 125.0 101.5 72.0 67.0 73.0 345.5 212.0 557.5
30824 黄俊斐 101.0 124.0 85.5 64.0 69.0 65.0 310.5 198.0 508.5
30825 黄可欣 109.0 138.0 130.0 72.0 79.0 62.0 377.0 213.0 590.0
30826 金泽薰 115.0 117.0 117.5 74.0 76.0 82.0 349.5 232.0 581.5
30827 蓝旸 106.0 101.0 116.0 54.0 67.0 52.0 323.0 173.0 496.0
30828 林炳丽 118.0 137.0 132.5 89.0 85.0 80.0 387.5 254.0 641.5
30829 林栾荀 115.0 127.0 98.0 59.0 60.0 72.0 340.0 191.0 531.0
30830 林若彤 113.0 119.0 109.5 75.0 74.0 58.0 341.5 207.0 548.5
30831 林晓纯 116.0 123.0 129.5 71.0 77.0 67.0 368.5 215.0 583.5
30832 林钇 97.0 107.0 113.0 64.0 70.0 76.0 317.0 210.0 527.0
30833 林毓莹 112.0 79.0 115.5 55.0 38.0 49.0 306.5 142.0 448.5
30834 林泽凯 92.0 112.0 94.0 42.0 47.0 57.0 298.0 146.0 444.0
30835 刘尔嘉 102.0 125.0 132.0 72.0 69.0 81.0 359.0 222.0 581.0
30836 马旭宁 105.0 120.0 98.5 71.0 71.0 60.0 323.5 202.0 525.5
30837 彭诗妍 106.0 82.0 103.5 42.0 65.0 47.0 291.5 154.0 445.5
30838 宋洁榕 110.0 110.0 123.5 68.0 51.0 69.0 343.5 188.0 531.5
30839 王绿蔚 108.0 106.0 130.0 63.0 71.0 67.0 344.0 201.0 545.0
30840 王维佳 108.0 110.0 93.0 38.0 49.0 45.0 311.0 132.0 443.0
30841 王知往 109.0 115.0 114.0 51.0 56.0 46.0 338.0 153.0 491.0
30842 王志扬 105.0 118.0 99.0 65.0 78.0 67.0 322.0 210.0 532.0
30843 温一海 103.0 98.0 111.0 32.0 0 47.0 312.0 0 0
30844 吴丹妮 98.0 79.0 108.0 38.0 33.0 47.0 285.0 118.0 403.0
30845 吴赋 107.0 125.0 117.0 67.0 75.0 80.0 349.0 222.0 571.0
30846 吴润铭 111.0 98.0 104.5 59.0 52.0 45.0 313.5 156.0 469.5
30847 吴夏韵 108.0 108.0 89.5 49.0 54.0 57.0 305.5 160.0 465.5
30848 辛铄浩 100.0 114.0 99.5 63.0 63.0 67.0 313.5 193.0 506.5
30849 杨婷婷 109.0 76.0 105.5 35.0 56.0 53.0 290.5 144.0 434.5
30850 曾宇丹 114.0 129.0 138.5 74.0 92.0 87.0 381.5 253.0 634.5
30851 曾宇煌 110.0 113.0 102.5 53.0 49.0 62.0 325.5 164.0 489.5
30852 张晓斐 112.0 88.0 113.5 41.0 52.0 64.0 313.5 157.0 470.5
30853 张梓涵 99.0 108.0 114.0 79.0 65.0 71.0 321.0 215.0 536.0
30854 郑聪 90.0 113.0 117.5 69.0 74.0 80.0 320.5 223.0 543.5
30855 郑岱锋 96.0 72.0 97.5 34.0 47.0 54.0 265.5 135.0 400.5
30857 郑欣琳 112.0 83.0 103.5 43.0 62.0 57.0 298.5 162.0 460.5
30858 郑宇平 106.0 119.0 110.5 64.0 62.0 49.0 335.5 175.0 510.5
30859 周弋钿 116.0 119.0 132.5 74.0 87.0 69.0 367.5 230.0 597.5
30860 朱宇寅 96.0 82.0 100.0 32.0 32.0 47.0 278.0 111.0 389.0
30861 庄先正 104.0 92.0 103.0 40.0 49.0 47.0 299.0 136.0 435.0
30862 邹彤彤 104.0 91.0 113.5 49.0 55.0 64.0 308.5 168.0 476.5
30901 蔡仰涵 116.0 120.0 110.0 77.0 84.0 77.0 346.0 238.0 584.0
30902 陈玳翊 104.0 113.0 88.5 50.0 59.0 57.0 305.5 166.0 471.5
30903 陈方梓淳 108.0 118.0 115.0 50.0 62.0 51.0 341.0 163.0 504.0
30904 陈俊锴 113.0 93.0 120.5 66.0 69.0 57.0 326.5 192.0 518.5
30905 陈铿 103.0 98.0 102.0 61.0 58.0 71.0 303.0 190.0 493.0
30906 陈琳 111.0 123.0 99.5 59.0 63.0 53.0 333.5 175.0 508.5
30907 陈淼泓 102.0 126.0 110.0 59.0 58.0 53.0 338.0 170.0 508.0
30908 陈诺 103.0 120.0 102.5 75.0 84.0 60.0 325.5 219.0 544.5
30909 陈申 107.0 131.0 116.0 67.0 74.0 67.0 354.0 208.0 562.0
30910 陈曦芃 112.0 90.0 103.5 41.0 47.0 59.0 305.5 147.0 452.5
30911 陈逸挺 99.0 84.0 77.5 35.0 47.0 31.0 260.5 113.0 373.5
30912 陈钰媛 103.0 112.0 103.0 46.0 59.0 56.0 318.0 161.0 479.0
30913 陈裕 102.0 98.0 108.0 65.0 72.0 57.0 308.0 194.0 502.0
30914 陈钊燚 106.0 110.0 117.5 66.0 69.0 63.0 333.5 198.0 531.5
30915 丁琪瑄 108.0 114.0 104.5 57.0 47.0 47.0 326.5 151.0 477.5
30916 丁泽晟 110.0 136.0 93.5 75.0 84.0 61.0 339.5 220.0 559.5
30917 董信步 108.0 113.0 104.5 70.0 69.0 74.0 325.5 213.0 538.5
30918 郭婉祺 109.0 118.0 114.0 79.0 86.0 67.0 341.0 232.0 573.0
30919 郭潇凯 108.0 106.0 107.5 65.0 80.0 55.0 321.5 200.0 521.5
30920 洪愿足 110.0 113.0 109.0 72.0 67.0 55.0 332.0 194.0 526.0
30921 黄川 105.0 117.0 111.0 65.0 69.0 46.0 333.0 180.0 513.0
30923 黄晓彤 92.0 35.0 90.0 29.0 37.0 30.0 217.0 96.0 313.0
30924 黄泽钦 106.0 112.0 104.5 85.0 79.0 72.0 322.5 236.0 558.5
30925 黄梓媛 106.0 109.0 115.0 58.0 72.0 72.0 330.0 202.0 532.0
30926 蓝菁 108.0 104.0 105.0 62.0 58.0 65.0 317.0 185.0 502.0
30927 李金洺 99.0 82.0 94.5 32.0 56.0 51.0 275.5 139.0 414.5
30928 李乐浩 100.0 115.0 112.0 55.0 63.0 54.0 327.0 172.0 499.0
30929 李泽銮 104.0 93.0 116.0 59.0 63.0 65.0 313.0 187.0 500.0
30930 林翰 96.0 98.0 97.0 57.0 76.0 58.0 291.0 191.0 482.0
30931 林洁娜 107.0 94.0 112.0 46.0 50.0 59.0 313.0 155.0 468.0
30932 林锦燕 103.0 132.0 120.0 69.0 76.0 76.0 355.0 221.0 576.0
30933 林仕居 93.0 135.0 130.5 71.0 72.0 63.0 358.5 206.0 564.5
30934 林铄浩 118.0 83.0 118.0 54.0 71.0 56.0 319.0 181.0 500.0
30935 林晓琪 104.0 117.0 121.0 76.0 83.0 69.0 342.0 228.0 570.0
30936 林依洁 110.0 84.0 114.0 55.0 77.0 65.0 308.0 197.0 505.0
30937 刘泳钊 102.0 101.0 107.0 44.0 43.0 61.0 310.0 148.0 458.0
30938 罗泽鑫 104.0 127.0 103.0 84.0 74.0 64.0 334.0 222.0 556.0
30939 欧阳苇航 109.0 126.0 98.0 84.0 88.0 76.0 333.0 248.0 581.0
30940 潘沛 97.0 117.0 109.5 54.0 49.0 59.0 323.5 162.0 485.5
30941 邱子涵 116.0 138.0 118.0 73.0 68.0 83.0 372.0 224.0 596.0
30942 芮滢 92.0 131.0 126.5 76.0 72.0 75.0 349.5 223.0 572.5
30943 沈子钦 104.0 114.0 133.5 58.0 70.0 59.0 351.5 187.0 538.5
30944 王逸楠 114.0 101.0 104.0 66.0 55.0 54.0 319.0 175.0 494.0
30945 王梓宜 104.0 82.0 103.0 53.0 74.0 52.0 289.0 179.0 468.0
30946 吴佳锡 104.0 113.0 113.5 79.0 80.0 67.0 330.5 226.0 556.5
30947 吴奕艾 100.0 91.0 82.0 61.0 53.0 63.0 273.0 177.0 450.0
30948 吴逸慈 89.0 108.0 119.0 83.0 70.0 59.0 316.0 212.0 528.0
30949 徐仰男 105.0 98.0 117.0 47.0 59.0 56.0 320.0 162.0 482.0
30950 杨亦茜 115.0 132.0 121.5 68.0 74.0 66.0 368.5 208.0 576.5
30951 姚炜琳 108.0 73.0 71.0 40.0 41.0 56.0 252.0 137.0 389.0
30952 余烁 110.0 103.0 110.5 66.0 62.0 52.0 323.5 180.0 503.5
30953 袁一欣 107.0 121.0 109.0 46.0 76.0 51.0 337.0 173.0 510.0
30954 曾慧宾 115.0 111.0 92.5 49.0 63.0 67.0 318.5 179.0 497.5
30955 张涵 117.0 141.0 120.0 83.0 89.0 90.0 378.0 262.0 640.0
30956 张禾 111.0 119.0 102.5 45.0 46.0 63.0 332.5 154.0 486.5
30957 郑瑞锐 104.0 135.0 127.5 80.0 79.0 76.0 366.5 235.0 601.5
30958 郑闻铎 90.0 112.0 85.5 78.0 64.0 72.0 287.5 214.0 501.5
30959 郑勋 116.0 96.0 109.0 49.0 63.0 56.0 321.0 168.0 489.0
30960 郑哲 101.0 62.0 89.0 34.0 44.0 26.0 252.0 104.0 356.0
30961 朱海平 101.0 99.0 110.0 23.0 0 35.0 310.0 0 0
30962 庄瑞临 102.0 91.0 115.5 64.0 56.0 49.0 308.5 169.0 477.5
31001 蔡凡 107.0 112.0 96.0 59.0 70.0 64.0 315.0 193.0 508.0
31002 蔡若珂 101.0 99.0 107.0 49.0 72.0 57.0 307.0 178.0 485.0
31004 蔡周峰 92.0 105.0 100.0 62.0 71.0 70.0 297.0 203.0 500.0
31005 陈蓓蓓 105.0 105.0 80.5 55.0 49.0 64.0 290.5 168.0 458.5
31006 陈钧哲 109.0 131.0 100.0 69.0 81.0 74.0 340.0 224.0 564.0
31007 陈树煜 106.0 109.0 85.0 74.0 69.0 68.0 300.0 211.0 511.0
31008 陈泰霖 99.0 103.0 109.5 66.0 82.0 69.0 311.5 217.0 528.5
31009 陈童菲 112.0 137.0 104.0 85.0 85.0 80.0 353.0 250.0 603.0
31010 陈泽锋 103.0 102.0 87.5 47.0 90.0 63.0 292.5 200.0 492.5
31011 陈泽锐 89.0 102.0 104.5 53.0 69.0 56.0 295.5 178.0 473.5
31012 池逸和 106.0 119.0 138.5 80.0 69.0 73.0 363.5 222.0 585.5
31013 杜鑫 115.0 140.0 125.5 65.0 71.0 62.0 380.5 198.0 578.5
31014 范冬倪 115.0 101.0 108.0 60.0 79.0 47.0 324.0 186.0 510.0
31015 房瑜仪 90.0 120.0 110.0 75.0 78.0 58.0 320.0 211.0 531.0
31016 高帅博 91.0 96.0 115.0 69.0 83.0 72.0 302.0 224.0 526.0
31017 黄钿津 83.0 121.0 75.5 41.0 31.0 26.0 279.5 98.0 377.5
31018 黄兰馨 105.0 101.0 93.0 61.0 71.0 54.0 299.0 186.0 485.0
31019 黄立涵 101.0 124.0 100.0 83.0 82.0 59.0 325.0 224.0 549.0
31020 黄泽瀚 112.0 128.0 126.5 79.0 82.0 69.0 366.5 230.0 596.5
31021 纪南帆 109.0 97.0 72.5 36.0 52.0 56.0 278.5 144.0 422.5
31022 纪欣格 111.0 78.0 103.0 54.0 54.0 55.0 292.0 163.0 455.0
31023 金敏桦 119.0 106.0 122.0 66.0 87.0 78.0 347.0 231.0 578.0
31024 李嘉桦 104.0 108.0 101.5 57.0 51.0 58.0 313.5 166.0 479.5
31025 李芷佳 113.0 99.0 110.5 56.0 64.0 60.0 322.5 180.0 502.5
31026 林翠环 107.0 117.0 116.5 69.0 56.0 71.0 340.5 196.0 536.5
31027 林丹娜 106.0 109.0 107.0 66.0 75.0 57.0 322.0 198.0 520.0
31028 林婷婷 110.0 121.0 113.0 61.0 74.0 65.0 344.0 200.0 544.0
31029 林钰 118.0 115.0 125.0 60.0 59.0 60.0 358.0 179.0 537.0
31030 林展锋 97.0 92.0 104.0 76.0 62.0 74.0 293.0 212.0 505.0
31031 林子潼 110.0 117.0 121.5 60.0 75.0 71.0 348.5 206.0 554.5
31032 刘派佳 109.0 108.0 104.0 40.0 42.0 47.0 321.0 129.0 450.0
31033 陆天宇 107.0 90.0 89.5 56.0 62.0 61.0 286.5 179.0 465.5
31034 马殊 121.0 107.0 116.0 58.0 57.0 57.0 344.0 172.0 516.0
31035 邱驰 107.0 107.0 112.5 76.0 75.0 50.0 326.5 201.0 527.5
31036 邱煜群 106.0 127.0 112.5 79.0 86.0 67.0 345.5 232.0 577.5
31037 王昊东 101.0 121.0 0 0 0 60.0 0 0 0
31038 王新荣 113.0 131.0 130.5 73.0 89.0 81.0 374.5 243.0 617.5
31039 王岳 98.0 109.0 88.5 51.0 60.0 62.0 295.5 173.0 468.5
31040 王芸 98.0 71.0 105.5 46.0 66.0 56.0 274.5 168.0 442.5
31041 翁培锴 108.0 132.0 127.0 66.0 63.0 63.0 367.0 192.0 559.0
31042 吴铭洵 115.0 79.0 102.5 43.0 56.0 46.0 296.5 145.0 441.5
31043 吴楠 103.0 128.0 114.0 78.0 84.0 79.0 345.0 241.0 586.0
31044 吴新仪 113.0 111.0 103.0 60.0 73.0 53.0 327.0 186.0 513.0
31045 夏立嘉 104.0 102.0 113.5 60.0 75.0 61.0 319.5 196.0 515.5
31046 辛焜媛 116.0 117.0 108.0 76.0 71.0 58.0 341.0 205.0 546.0
31047 辛源锋 97.0 94.0 117.0 54.0 58.0 54.0 308.0 166.0 474.0
31048 许思琪 95.0 100.0 103.0 45.0 65.0 53.0 298.0 163.0 461.0
31049 羊雪琪 115.0 117.0 123.0 79.0 80.0 71.0 355.0 230.0 585.0
31050 杨基石 114.0 115.0 104.0 67.0 65.0 65.0 333.0 197.0 530.0
31051 杨璐羽 118.0 107.0 106.5 45.0 67.0 49.0 331.5 161.0 492.5
31052 曾炀铃 109.0 118.0 111.0 47.0 60.0 61.0 338.0 168.0 506.0
31053 曾钰辉 104.0 109.0 80.0 62.0 62.0 60.0 293.0 184.0 477.0
31054 张森烔 102.0 99.0 125.0 60.0 67.0 60.0 326.0 187.0 513.0
31055 赵博瑄 100.0 42.0 97.0 26.0 43.0 39.0 239.0 108.0 347.0
31056 郑乐镔 103.0 101.0 91.0 66.0 60.0 57.0 295.0 183.0 478.0
31057 郑若晗 112.0 102.0 97.0 53.0 53.0 65.0 311.0 171.0 482.0
31058 郑少铭 104.0 134.0 127.5 59.0 75.0 65.0 365.5 199.0 564.5
31059 郑伟纯 114.0 139.0 124.0 91.0 80.0 84.0 377.0 255.0 632.0
31060 周宇程 97.0 104.0 109.0 61.0 60.0 59.0 310.0 180.0 490.0
31061 周之祺 113.0 116.0 100.0 47.0 70.0 61.0 329.0 178.0 507.0
31062 庄杰涛 115.0 138.0 120.0 84.0 86.0 85.0 373.0 255.0 628.0
31101 蔡滨 116.0 140.0 131.5 85.0 95.0 81.0 387.5 261.0 648.5
31102 曹耿槟 100.0 80.0 107.5 39.0 45.0 45.0 287.5 129.0 416.5
31103 陈浩钦 116.0 137.0 126.0 77.0 74.0 82.0 379.0 233.0 612.0
31104 陈洪昱 97.0 130.0 0 66.0 0 77.0 0 0 0
31105 陈令烨 106.0 88.0 135.0 56.0 61.0 53.0 329.0 170.0 499.0
31106 陈斯昂 121.0 141.0 145.0 94.0 97.0 93.0 407.0 284.0 691.0
31107 陈逸南 105.0 128.0 120.0 73.0 84.0 84.0 353.0 241.0 594.0
31109 陈詠萩 118.0 131.0 126.0 88.0 70.0 68.0 375.0 226.0 601.0
31110 代桂敏 105.0 77.0 106.5 34.0 54.0 61.0 288.5 149.0 437.5
31111 方江鑫 110.0 138.0 113.0 67.0 76.0 69.0 361.0 212.0 573.0
31112 方武智 95.0 57.0 88.5 35.0 40.0 28.0 240.5 103.0 343.5
31113 高亦婷 118.0 105.0 128.0 49.0 45.0 70.0 351.0 164.0 515.0
31114 郭林凯 106.0 84.0 106.5 58.0 53.0 56.0 296.5 167.0 463.5
31115 黄航 112.0 128.0 112.5 85.0 79.0 77.0 352.5 241.0 593.5
31116 黄腾 105.0 106.0 107.5 39.0 60.0 64.0 318.5 163.0 481.5
31117 黄钰涵 101.0 96.0 100.5 31.0 53.0 45.0 297.5 129.0 426.5
31118 黄仲铖 94.0 123.0 97.5 59.0 47.0 49.0 314.5 155.0 469.5
31119 蓝欣悦 117.0 76.0 122.5 52.0 41.0 54.0 315.5 147.0 462.5
31120 李琳纯 111.0 98.0 93.0 34.0 53.0 50.0 302.0 137.0 439.0
31121 李世濠 106.0 116.0 115.5 61.0 68.0 66.0 337.5 195.0 532.5
31122 李晓琳 110.0 114.0 114.0 56.0 76.0 48.0 338.0 180.0 518.0
31123 李旭纯 100.0 123.0 127.5 71.0 73.0 75.0 350.5 219.0 569.5
31124 林德明 108.0 129.0 112.0 85.0 82.0 66.0 349.0 233.0 582.0
31125 林介山 100.0 131.0 81.5 82.0 72.0 67.0 312.5 221.0 533.5
31126 林琳 111.0 103.0 97.0 63.0 48.0 69.0 311.0 180.0 491.0
31127 林南裕 110.0 130.0 110.0 62.0 82.0 71.0 350.0 215.0 565.0
31128 林烁 92.0 119.0 113.0 54.0 47.0 46.0 324.0 147.0 471.0
31129 林媛 113.0 105.0 87.5 48.0 72.0 69.0 305.5 189.0 494.5
31130 林泽豪 120.0 117.0 114.0 45.0 75.0 77.0 351.0 197.0 548.0
31131 林曾越 107.0 122.0 115.5 75.0 79.0 73.0 344.5 227.0 571.5
31132 卢楠 102.0 79.0 109.5 36.0 38.0 35.0 290.5 109.0 399.5
31133 罗世跃 88.0 83.0 106.0 42.0 55.0 49.0 277.0 146.0 423.0
31134 佘晓洁 96.0 73.0 114.5 28.0 35.0 50.0 283.5 113.0 396.5
31135 宋畅 109.0 108.0 125.0 69.0 57.0 60.0 342.0 186.0 528.0
31136 苏梓禄 99.0 64.0 75.0 38.0 28.0 33.0 238.0 99.0 337.0
31137 孙可欣 104.0 132.0 122.5 71.0 84.0 68.0 358.5 223.0 581.5
31138 王冬梅 107.0 120.0 102.5 72.0 80.0 87.0 329.5 239.0 568.5
31139 王睿琪 107.0 115.0 99.5 54.0 72.0 53.0 321.5 179.0 500.5
31140 王松波 112.0 115.0 115.5 56.0 84.0 67.0 342.5 207.0 549.5
31141 王宇涵 111.0 118.0 113.0 82.0 72.0 77.0 342.0 231.0 573.0
31142 翁锐鹏 89.0 64.0 85.5 18.0 26.0 37.0 238.5 81.0 319.5
31143 翁慎喆 116.0 110.0 101.5 75.0 60.0 54.0 327.5 189.0 516.5
31144 吴吉莉 108.0 85.0 123.0 75.0 72.0 71.0 316.0 218.0 534.0
31145 吴锦涛 104.0 104.0 92.5 29.0 36.0 26.0 300.5 91.0 391.5
31146 吴泽钟 112.0 119.0 101.0 67.0 62.0 60.0 332.0 189.0 521.0
31147 肖涵 104.0 85.0 110.5 55.0 65.0 47.0 299.5 167.0 466.5
31148 肖芷雅 109.0 120.0 122.5 62.0 65.0 71.0 351.5 198.0 549.5
31149 谢冬纯 107.0 127.0 107.5 84.0 91.0 72.0 341.5 247.0 588.5
31150 谢晴 106.0 99.0 113.0 50.0 69.0 56.0 318.0 175.0 493.0
31151 徐子东 123.0 0 0 0 0 0 0 0 0
31152 杨薇 111.0 123.0 123.5 77.0 85.0 76.0 357.5 238.0 595.5
31153 杨艺霞 114.0 111.0 127.0 80.0 91.0 71.0 352.0 242.0 594.0
31154 姚曙凯 105.0 132.0 102.5 44.0 71.0 52.0 339.5 167.0 506.5
31155 曾扬航 85.0 104.0 119.0 40.0 64.0 40.0 308.0 144.0 452.0
31156 张新阳 111.0 122.0 108.5 70.0 92.0 71.0 341.5 233.0 574.5
31157 郑长河 90.0 102.0 119.5 58.0 63.0 44.0 311.5 165.0 476.5
31159 郑润华 108.0 111.0 115.5 54.0 71.0 63.0 334.5 188.0 522.5
31160 郑逸锋 109.0 133.0 97.0 70.0 92.0 88.0 339.0 250.0 589.0
31161 周锦煜 93.0 98.0 107.5 49.0 51.0 57.0 298.5 157.0 455.5
31201 陈健颖 107.0 133.0 99.5 78.0 83.0 74.0 339.5 235.0 574.5
31202 陈楠弘 103.0 111.0 115.0 64.0 61.0 57.0 329.0 182.0 511.0
31203 陈祈丹 106.0 89.0 91.0 35.0 29.0 36.0 286.0 100.0 386.0
31204 陈舒颖 108.0 135.0 105.5 81.0 88.0 76.0 348.5 245.0 593.5
31205 陈晓婷 108.0 104.0 115.0 45.0 55.0 52.0 327.0 152.0 479.0
31206 陈雅昕 107.0 117.0 128.5 75.0 90.0 72.0 352.5 237.0 589.5
31207 陈逸泓 126.0 101.0 107.5 45.0 43.0 67.0 334.5 155.0 489.5
31208 陈裕渊 115.0 123.0 132.5 68.0 81.0 74.0 370.5 223.0 593.5
31209 程梓 106.0 64.0 102.0 41.0 41.0 38.0 272.0 120.0 392.0
31210 池霖锋 110.0 129.0 96.5 63.0 70.0 58.0 335.5 191.0 526.5
31211 高丹敏 112.0 113.0 117.0 63.0 82.0 57.0 342.0 202.0 544.0
31212 洪耿鑫 98.0 129.0 101.5 72.0 67.0 61.0 328.5 200.0 528.5
31213 洪泳琪 108.0 125.0 116.5 57.0 67.0 71.0 349.5 195.0 544.5
31214 黄骏涵 102.0 103.0 92.0 54.0 49.0 48.0 297.0 151.0 448.0
31215 黄丽楠 113.0 113.0 86.0 51.0 41.0 56.0 312.0 148.0 460.0
31216 黄绵煌 111.0 96.0 109.5 42.0 57.0 50.0 316.5 149.0 465.5
31217 黄曦宇 105.0 79.0 105.0 56.0 49.0 45.0 289.0 150.0 439.0
31218 李洁淳 101.0 80.0 96.0 34.0 52.0 47.0 277.0 133.0 410.0
31219 李晓波 100.0 109.0 79.5 60.0 60.0 46.0 288.5 166.0 454.5
31220 李育纯 107.0 97.0 100.0 70.0 75.0 71.0 304.0 216.0 520.0
31221 李云山 103.0 139.0 106.5 61.0 65.0 68.0 348.5 194.0 542.5
31222 林翰韬 98.0 106.0 133.0 61.0 65.0 51.0 337.0 177.0 514.0
31223 林靖 106.0 112.0 134.5 87.0 84.0 63.0 352.5 234.0 586.5
31224 林敏英 114.0 105.0 115.5 69.0 66.0 61.0 334.5 196.0 530.5
31225 林汪灏 98.0 95.0 104.0 47.0 42.0 42.0 297.0 131.0 428.0
31226 林晓仰 114.0 93.0 118.5 63.0 72.0 65.0 325.5 200.0 525.5
31227 刘陈婷 115.0 131.0 114.0 71.0 79.0 82.0 360.0 232.0 592.0
31228 刘淇文 102.0 93.0 111.0 59.0 61.0 54.0 306.0 174.0 480.0
31229 刘逸璋 111.0 105.0 115.5 61.0 68.0 51.0 331.5 180.0 511.5
31230 罗立扬 102.0 129.0 111.0 64.0 75.0 51.0 342.0 190.0 532.0
31231 马尚霖 98.0 90.0 102.0 44.0 50.0 56.0 290.0 150.0 440.0
31232 沈楠 105.0 92.0 105.0 38.0 54.0 55.0 302.0 147.0 449.0
31233 孙奇 110.0 139.0 129.5 92.0 89.0 80.0 378.5 261.0 639.5
31234 孙泽鑫 99.0 105.0 80.0 45.0 45.0 55.0 284.0 145.0 429.0
31235 王锴 107.0 127.0 112.5 67.0 88.0 75.0 346.5 230.0 576.5
31236 王婉仪 99.0 87.0 111.0 28.0 47.0 50.0 297.0 125.0 422.0
31237 王炜 102.0 133.0 113.5 67.0 86.0 74.0 348.5 227.0 575.5
31238 王志鹏 115.0 106.0 127.0 60.0 78.0 56.0 348.0 194.0 542.0
31239 王梓菁 107.0 108.0 117.5 62.0 68.0 70.0 332.5 200.0 532.5
31240 翁子腾 102.0 122.0 107.0 55.0 51.0 59.0 331.0 165.0 496.0
31241 吴宏振 113.0 75.0 106.5 36.0 38.0 48.0 294.5 122.0 416.5
31242 吴捷健 109.0 143.0 134.0 86.0 100.0 90.0 386.0 276.0 662.0
31243 吴晓杰 109.0 130.0 113.5 76.0 82.0 76.0 352.5 234.0 586.5
31244 肖扬秀 106.0 118.0 122.5 69.0 63.0 72.0 346.5 204.0 550.5
31245 谢艾津 106.0 119.0 106.0 58.0 70.0 53.0 331.0 181.0 512.0
31246 谢泽杰 109.0 110.0 109.0 75.0 73.0 77.0 328.0 225.0 553.0
31247 许涵英 98.0 123.0 114.5 66.0 65.0 56.0 335.5 187.0 522.5
31248 许佳森 87.0 100.0 51.0 34.0 32.0 44.0 238.0 110.0 348.0
31249 许桐辉 104.0 102.0 99.0 44.0 57.0 43.0 305.0 144.0 449.0
31250 杨时骅 113.0 68.0 111.5 45.0 43.0 37.0 292.5 125.0 417.5
31251 杨时颖 101.0 95.0 112.0 49.0 65.0 65.0 308.0 179.0 487.0
31252 余洢彤 102.0 105.0 105.0 37.0 51.0 51.0 312.0 139.0 451.0
31253 曾婵娟 113.0 129.0 124.5 79.0 83.0 66.0 366.5 228.0 594.5
31254 张漫卿 99.0 61.0 99.0 41.0 43.0 52.0 259.0 136.0 395.0
31255 张睿莹 107.0 113.0 113.5 59.0 84.0 69.0 333.5 212.0 545.5
31256 张艺涵 114.0 106.0 109.5 70.0 60.0 72.0 329.5 202.0 531.5
31257 郑思思 106.0 70.0 97.0 58.0 54.0 50.0 273.0 162.0 435.0
31258 郑希彦 103.0 95.0 110.5 52.0 58.0 55.0 308.5 165.0 473.5
31259 郑以豪 107.0 107.0 78.5 70.0 69.0 59.0 292.5 198.0 490.5
31260 周名弦 107.0 144.0 129.5 91.0 86.0 81.0 380.5 258.0 638.5
31261 朱源腾 100.0 99.0 97.0 50.0 61.0 53.0 296.0 164.0 460.0
31262 朱越 116.0 129.0 119.5 69.0 88.0 75.0 364.5 232.0 596.5
31301 蔡祎晖 105.0 115.0 84.0 64.0 67.0 59.0 304.0 190.0 494.0
31302 蔡永杰 102.0 66.0 84.5 49.0 66.0 60.0 252.5 175.0 427.5
31303 蔡泽莎 114.0 118.0 118.0 69.0 72.0 66.0 350.0 207.0 557.0
31304 蔡芝恬 111.0 100.0 120.0 59.0 64.0 58.0 331.0 181.0 512.0
31305 陈璐 112.0 116.0 115.0 68.0 54.0 63.0 343.0 185.0 528.0
31306 陈冉 103.0 106.0 124.5 55.0 57.0 68.0 333.5 180.0 513.5
31307 陈文博 104.0 134.0 115.5 94.0 100.0 85.0 353.5 279.0 632.5
31308 陈宇铭 103.0 123.0 127.5 63.0 79.0 68.0 353.5 210.0 563.5
31309 陈岳彬 108.0 105.0 110.5 67.0 72.0 68.0 323.5 207.0 530.5
31310 郭剑豪 108.0 87.0 114.5 50.0 77.0 61.0 309.5 188.0 497.5
31311 黄凯丽 114.0 109.0 108.5 60.0 48.0 66.0 331.5 174.0 505.5
31312 黄宇阳 112.0 131.0 134.5 85.0 92.0 85.0 377.5 262.0 639.5
31313 黄桢栩 109.0 68.0 119.5 64.0 61.0 66.0 296.5 191.0 487.5
31314 黄柱铭 102.0 97.0 92.0 60.0 55.0 63.0 291.0 178.0 469.0
31315 赖浩锋 102.0 110.0 106.5 69.0 86.0 67.0 318.5 222.0 540.5
31316 李斯涵 116.0 77.0 110.0 38.0 0 63.0 303.0 0 0
31317 林耿烨 104.0 107.0 118.0 65.0 77.0 56.0 329.0 198.0 527.0
31318 林炜钿 101.0 91.0 88.0 33.0 58.0 50.0 280.0 141.0 421.0
31319 林业渺 94.0 129.0 83.5 52.0 65.0 64.0 306.5 181.0 487.5
31320 林子棉 104.0 112.0 111.0 70.0 74.0 80.0 327.0 224.0 551.0
31321 刘佳彤 103.0 87.0 94.5 53.0 58.0 47.0 284.5 158.0 442.5
31322 刘珊 113.0 94.0 128.0 48.0 64.0 56.0 335.0 168.0 503.0
31323 陆齐 107.0 83.0 107.5 48.0 73.0 55.0 297.5 176.0 473.5
31324 马丹泓 104.0 84.0 65.0 28.0 67.0 55.0 253.0 150.0 403.0
31325 马伟根 94.0 117.0 106.0 73.0 86.0 48.0 317.0 207.0 524.0
31326 欧斐斐 116.0 123.0 142.5 74.0 86.0 74.0 381.5 234.0 615.5
31327 宋伊钿 96.0 101.0 111.0 59.0 56.0 60.0 308.0 175.0 483.0
31328 苏昉 101.0 113.0 119.5 63.0 59.0 65.0 333.5 187.0 520.5
31329 孙佳笙 94.0 100.0 110.0 55.0 76.0 53.0 304.0 184.0 488.0
31330 孙隽源 113.0 119.0 102.0 78.0 81.0 70.0 334.0 229.0 563.0
31331 吴国炀 97.0 92.0 103.5 58.0 49.0 57.0 292.5 164.0 456.5
31332 吴铭泓 107.0 116.0 105.0 67.0 87.0 78.0 328.0 232.0 560.0
31333 吴任诚 95.0 64.0 88.0 31.0 37.0 46.0 247.0 114.0 361.0
31334 吴之林 111.0 91.0 102.0 53.0 81.0 68.0 304.0 202.0 506.0
31335 肖林昕 106.0 51.0 97.0 21.0 36.0 55.0 254.0 112.0 366.0
31336 谢键焕 110.0 122.0 115.5 90.0 84.0 80.0 347.5 254.0 601.5
31337 谢向川 91.0 76.0 74.5 34.0 31.0 47.0 241.5 112.0 353.5
31338 徐略 98.0 63.0 85.0 20.0 38.0 31.0 246.0 89.0 335.0
31339 徐紫丹 110.0 79.0 105.5 47.0 62.0 56.0 294.5 165.0 459.5
31340 许锦涛 99.0 123.0 116.0 74.0 77.0 75.0 338.0 226.0 564.0
31341 许稚芝 112.0 109.0 108.5 59.0 67.0 68.0 329.5 194.0 523.5
31342 许宗蕾 114.0 88.0 94.5 61.0 54.0 58.0 296.5 173.0 469.5
31343 颜舒洁 104.0 71.0 108.0 37.0 38.0 47.0 283.0 122.0 405.0
31344 羊恩跃 100.0 127.0 88.5 81.0 82.0 81.0 315.5 244.0 559.5
31345 杨璐洁 117.0 121.0 113.5 59.0 59.0 72.0 351.5 190.0 541.5
31346 杨宓 115.0 111.0 113.0 47.0 54.0 74.0 339.0 175.0 514.0
31347 杨晓虹 108.0 98.0 95.5 53.0 58.0 55.0 301.5 166.0 467.5
31348 姚佳宜 111.0 124.0 99.0 56.0 64.0 73.0 334.0 193.0 527.0
31349 姚星宇 87.0 93.0 107.5 59.0 62.0 62.0 287.5 183.0 470.5
31350 姚映苗 116.0 96.0 116.0 59.0 73.0 64.0 328.0 196.0 524.0
31351 余嘉梓 114.0 94.0 104.5 43.0 46.0 54.0 312.5 143.0 455.5
31352 曾博宇 102.0 140.0 142.0 80.0 100.0 90.0 384.0 270.0 654.0
31353 曾海榕 98.0 0 0 0 0 42.0 0 0 0
31354 曾坚锐 107.0 93.0 100.5 73.0 79.0 57.0 300.5 209.0 509.5
31355 曾妍 102.0 115.0 106.5 56.0 66.0 67.0 323.5 189.0 512.5
31356 詹海鹏 106.0 129.0 108.5 78.0 80.0 78.0 343.5 236.0 579.5
31357 詹絮素 100.0 91.0 98.0 34.0 48.0 57.0 289.0 139.0 428.0
31358 张泽恩 105.0 81.0 80.0 40.0 40.0 53.0 266.0 133.0 399.0
31359 章智秋 115.0 132.0 117.5 80.0 85.0 86.0 364.5 251.0 615.5
31360 郑少锐 105.0 99.0 86.0 50.0 50.0 43.0 290.0 143.0 433.0
31361 郑泽明 101.0 99.0 105.0 65.0 75.0 72.0 305.0 212.0 517.0
31362 庄鸿鑫 113.0 114.0 113.0 77.0 72.0 62.0 340.0 211.0 551.0
31401 陈岱芃 116.0 115.0 142.0 59.0 61.0 71.0 373.0 191.0 564.0
31402 陈端华 101.0 104.0 101.5 60.0 59.0 55.0 306.5 174.0 480.5
31403 陈挥遒 90.0 77.0 86.5 38.0 58.0 50.0 253.5 146.0 399.5
31404 陈建诚 104.0 118.0 132.5 66.0 77.0 65.0 354.5 208.0 562.5
31405 陈沛峰 116.0 89.0 92.0 61.0 46.0 50.0 297.0 157.0 454.0
31406 陈芃 109.0 113.0 105.0 55.0 62.0 63.0 327.0 180.0 507.0
31407 陈铄霓 116.0 81.0 98.0 45.0 64.0 55.0 295.0 164.0 459.0
31408 陈奕希 110.0 126.0 122.0 52.0 60.0 54.0 358.0 166.0 524.0
31409 陈泽伟 100.0 123.0 99.0 61.0 80.0 60.0 322.0 201.0 523.0
31410 陈喆慧 110.0 91.0 100.5 60.0 65.0 57.0 301.5 182.0 483.5
31411 陈至渲 107.0 129.0 133.0 55.0 74.0 90.0 369.0 219.0 588.0
31412 陈佐治 108.0 129.0 139.5 77.0 90.0 73.0 376.5 240.0 616.5
31413 邓昱聪 108.0 107.0 110.0 37.0 43.0 57.0 325.0 137.0 462.0
31414 邓泽淳 112.0 89.0 106.0 56.0 53.0 69.0 307.0 178.0 485.0
31415 冯嘉俊 96.0 101.0 107.5 52.0 67.0 93.0 304.5 212.0 516.5
31416 龚泽颖 108.0 123.0 120.5 67.0 85.0 76.0 351.5 228.0 579.5
31417 郭冰桦 111.0 107.0 121.5 57.0 56.0 71.0 339.5 184.0 523.5
31418 黄恩童 110.0 105.0 113.5 65.0 84.0 66.0 328.5 215.0 543.5
31419 黄桂凤 99.0 121.0 112.0 56.0 49.0 69.0 332.0 174.0 506.0
31420 江锦虹 109.0 108.0 119.0 61.0 72.0 82.0 336.0 215.0 551.0
31421 李佳晟 117.0 95.0 111.0 56.0 72.0 64.0 323.0 192.0 515.0
31422 李楠 107.0 127.0 116.0 83.0 75.0 92.0 350.0 250.0 600.0
31423 李舒婷 108.0 107.0 121.5 59.0 75.0 71.0 336.5 205.0 541.5
31424 李易熹 111.0 104.0 132.0 56.0 88.0 75.0 347.0 219.0 566.0
31425 林泓 86.0 98.0 104.5 51.0 64.0 55.0 288.5 170.0 458.5
31426 林可依 110.0 130.0 108.5 52.0 54.0 62.0 348.5 168.0 516.5
31427 林珮汝 104.0 105.0 110.5 52.0 64.0 53.0 319.5 169.0 488.5
31428 林心玥 107.0 97.0 121.0 29.0 36.0 43.0 325.0 108.0 433.0
31429 刘硕霓 116.0 134.0 133.5 76.0 71.0 70.0 383.5 217.0 600.5
31430 刘易恺 116.0 144.0 121.5 89.0 83.0 67.0 381.5 239.0 620.5
31431 卢琳绵 108.0 0 0 0 0 0 0 0 0
31432 吕远东 105.0 103.0 101.5 54.0 65.0 69.0 309.5 188.0 497.5
31433 马旭民 111.0 114.0 114.0 81.0 59.0 76.0 339.0 216.0 555.0
31434 麦泽涵 126.0 114.0 122.5 69.0 58.0 75.0 362.5 202.0 564.5
31435 邱鸿鑫 92.0 92.0 115.0 58.0 74.0 83.0 299.0 215.0 514.0
31436 邱诗钿 104.0 68.0 92.0 44.0 48.0 52.0 264.0 144.0 408.0
31437 邱梓妍 109.0 128.0 118.0 67.0 72.0 75.0 355.0 214.0 569.0
31438 谭妍真 103.0 0 0 0 0 0 0 0 0
31439 王毓佳 104.0 73.0 88.5 38.0 52.0 70.0 265.5 160.0 425.5
31440 吴昊 99.0 81.0 129.0 30.0 63.0 62.0 309.0 155.0 464.0
31441 吴浩瀚 105.0 102.0 99.0 73.0 75.0 59.0 306.0 207.0 513.0
31443 肖培亮 107.0 128.0 120.5 76.0 81.0 89.0 355.5 246.0 601.5
31444 谢碧瑶 102.0 99.0 114.5 56.0 83.0 65.0 315.5 204.0 519.5
31445 辛杨淳 113.0 105.0 107.0 63.0 55.0 60.0 325.0 178.0 503.0
31446 徐国玮 118.0 107.0 95.5 67.0 76.0 69.0 320.5 212.0 532.5
31447 徐铤 110.0 132.0 127.5 72.0 70.0 70.0 369.5 212.0 581.5
31448 许凯涵 109.0 76.0 124.0 50.0 71.0 53.0 309.0 174.0 483.0
31449 许正纲 99.0 114.0 74.5 31.0 62.0 67.0 287.5 160.0 447.5
31450 杨琳 96.0 96.0 102.5 45.0 62.0 52.0 294.5 159.0 453.5
31451 杨泽仪 106.0 111.0 101.0 52.0 59.0 53.0 318.0 164.0 482.0
31452 姚广濠 107.0 121.0 129.0 63.0 83.0 69.0 357.0 215.0 572.0
31453 叶济东 101.0 76.0 119.5 64.0 64.0 56.0 296.5 184.0 480.5
31454 叶洋 98.0 100.0 95.0 51.0 61.0 66.0 293.0 178.0 471.0
31455 余旭玮 107.0 90.0 113.5 27.0 44.0 54.0 310.5 125.0 435.5
31456 曾思沛 109.0 98.0 96.0 53.0 62.0 63.0 303.0 178.0 481.0
31457 张睿博 107.0 85.0 91.5 46.0 66.0 70.0 283.5 182.0 465.5
31458 章炫锐 110.0 107.0 126.0 61.0 80.0 64.0 343.0 205.0 548.0
31459 章梓烨 102.0 81.0 112.5 44.0 17.0 47.0 295.5 108.0 403.5
31460 郑康 109.0 117.0 103.0 52.0 76.0 60.0 329.0 188.0 517.0
31461 郑宇婷 102.0 76.0 117.5 51.0 49.0 56.0 295.5 156.0 451.5
31462 庄泽达 97.0 21.0 84.0 16.0 26.0 31.0 202.0 73.0 275.0
31501 蔡嘉煜 101.0 81.0 103.0 46.0 40.0 60.0 285.0 146.0 431.0
31502 陈力 83.0 100.0 87.0 42.0 60.0 57.0 270.0 159.0 429.0
31504 陈培铭 106.0 95.0 107.0 50.0 67.0 76.0 308.0 193.0 501.0
31505 陈佩恋 107.0 106.0 105.0 81.0 61.0 60.0 318.0 202.0 520.0
31506 陈斯哲 94.0 119.0 103.5 84.0 73.0 65.0 316.5 222.0 538.5
31507 陈文浩 104.0 130.0 111.0 71.0 81.0 63.0 345.0 215.0 560.0
31509 陈溢煌 102.0 93.0 85.0 82.0 68.0 77.0 280.0 227.0 507.0
31510 陈梓轩 110.0 59.0 86.5 24.0 47.0 40.0 255.5 111.0 366.5
31511 程晓婷 115.0 121.0 127.0 65.0 83.0 70.0 363.0 218.0 581.0
31512 杜浜弘 92.0 50.0 95.5 16.0 41.0 29.0 237.5 86.0 323.5
31513 杜佳锴 91.0 116.0 96.5 52.0 67.0 41.0 303.5 160.0 463.5
31514 方宇驰 98.0 123.0 75.5 68.0 66.0 65.0 296.5 199.0 495.5
31515 高越 114.0 133.0 112.0 61.0 83.0 64.0 359.0 208.0 567.0
31516 洪戈 107.0 114.0 105.0 70.0 80.0 70.0 326.0 220.0 546.0
31517 黄向鸿 109.0 129.0 127.5 77.0 81.0 87.0 365.5 245.0 610.5
31518 黄泽山 93.0 83.0 81.0 28.0 44.0 25.0 257.0 97.0 354.0
31519 黄梓彤 114.0 84.0 118.0 58.0 51.0 59.0 316.0 168.0 484.0
31520 柯金宏 105.0 109.0 124.5 72.0 76.0 86.0 338.5 234.0 572.5
31521 赖炜豪 114.0 94.0 118.0 65.0 78.0 62.0 326.0 205.0 531.0
31522 李涵 102.0 125.0 102.5 62.0 51.0 60.0 329.5 173.0 502.5
31523 李沐峻 103.0 73.0 92.0 69.0 56.0 52.0 268.0 177.0 445.0
31524 李润熹 106.0 99.0 112.5 64.0 67.0 58.0 317.5 189.0 506.5
31525 李舒婷 108.0 103.0 126.5 71.0 75.0 62.0 337.5 208.0 545.5
31526 李梓煌 106.0 107.0 121.0 38.0 74.0 51.0 334.0 163.0 497.0
31527 林钗 103.0 108.0 105.0 70.0 77.0 55.0 316.0 202.0 518.0
31528 林若欣 117.0 115.0 129.5 81.0 77.0 71.0 361.5 229.0 590.5
31529 林爽 112.0 92.0 114.0 66.0 75.0 79.0 318.0 220.0 538.0
31530 刘粉婷 105.0 105.0 123.5 74.0 81.0 76.0 333.5 231.0 564.5
31531 刘烨桦 116.0 74.0 117.0 39.0 61.0 51.0 307.0 151.0 458.0
31532 彭瀚锟 104.0 96.0 90.5 57.0 83.0 77.0 290.5 217.0 507.5
31533 邱霜晓 106.0 72.0 102.0 34.0 57.0 61.0 280.0 152.0 432.0
31534 沈晓琦 104.0 122.0 104.5 70.0 65.0 74.0 330.5 209.0 539.5
31535 王曙丹 115.0 101.0 100.5 54.0 63.0 59.0 316.5 176.0 492.5
31536 王泽翔 99.0 94.0 84.5 44.0 51.0 52.0 277.5 147.0 424.5
31537 翁梓洪 104.0 39.0 96.5 28.0 31.0 44.0 239.5 103.0 342.5
31538 吴林瀚 113.0 108.0 103.0 58.0 77.0 75.0 324.0 210.0 534.0
31539 夏梓斌 102.0 23.0 77.5 33.0 31.0 27.0 202.5 91.0 293.5
31540 谢梦霞 106.0 105.0 120.0 46.0 49.0 60.0 331.0 155.0 486.0
31541 谢泳凯 103.0 117.0 116.5 79.0 95.0 90.0 336.5 264.0 600.5
31542 谢植煌 94.0 93.0 95.0 46.0 51.0 56.0 282.0 153.0 435.0
31543 徐国瑞 99.0 106.0 107.5 69.0 75.0 66.0 312.5 210.0 522.5
31544 许欢 103.0 83.0 109.0 43.0 46.0 51.0 295.0 140.0 435.0
31545 许越 97.0 110.0 115.5 67.0 73.0 66.0 322.5 206.0 528.5
31546 杨小嬉 115.0 87.0 106.0 67.0 72.0 52.0 308.0 191.0 499.0
31547 杨铮楷 107.0 128.0 118.0 75.0 68.0 53.0 353.0 196.0 549.0
31549 袁若瑶 115.0 115.0 101.5 74.0 80.0 69.0 331.5 223.0 554.5
31550 曾少擎 117.0 119.0 117.5 65.0 65.0 73.0 353.5 203.0 556.5
31551 曾欣哲 107.0 94.0 128.0 70.0 69.0 73.0 329.0 212.0 541.0
31552 张志鹏 103.0 122.0 105.0 76.0 88.0 80.0 330.0 244.0 574.0
31553 赵晓冰 104.0 102.0 91.5 47.0 50.0 66.0 297.5 163.0 460.5
31554 郑帆 112.0 125.0 123.5 74.0 92.0 51.0 360.5 217.0 577.5
31555 郑杰 111.0 137.0 120.0 93.0 93.0 85.0 368.0 271.0 639.0
31556 郑婕 104.0 110.0 103.5 62.0 68.0 64.0 317.5 194.0 511.5
31557 郑钧璟 110.0 104.0 118.5 64.0 69.0 60.0 332.5 193.0 525.5
31558 郑丽璇 99.0 84.0 135.5 61.0 64.0 78.0 318.5 203.0 521.5
31559 郑婷芝 102.0 72.0 99.5 54.0 60.0 64.0 273.5 178.0 451.5
31560 郑鑫海 109.0 101.0 127.0 56.0 68.0 74.0 337.0 198.0 535.0
31561 周健驰 88.0 105.0 99.0 58.0 65.0 51.0 292.0 174.0 466.0
31562 邹丹纯 105.0 65.0 109.5 48.0 50.0 69.0 279.5 167.0 446.5
31601 蔡慈瀚 109.0 122.0 115.0 74.0 67.0 76.0 346.0 217.0 563.0
31602 蔡君悦 92.0 119.0 96.0 48.0 67.0 72.0 307.0 187.0 494.0
31603 陈东晗 95.0 101.0 108.5 68.0 71.0 67.0 304.5 206.0 510.5
31604 陈佳伶 104.0 79.0 109.5 53.0 58.0 57.0 292.5 168.0 460.5
31605 陈佳盈 107.0 111.0 106.0 78.0 67.0 73.0 324.0 218.0 542.0
31606 陈力 106.0 125.0 121.0 67.0 91.0 70.0 352.0 228.0 580.0
31607 陈敏儿 114.0 117.0 110.5 60.0 66.0 72.0 341.5 198.0 539.5
31608 陈派捷 107.0 114.0 89.5 65.0 60.0 57.0 310.5 182.0 492.5
31609 陈日 105.0 94.0 101.5 65.0 61.0 69.0 300.5 195.0 495.5
31610 陈逸镕 106.0 101.0 117.0 48.0 64.0 56.0 324.0 168.0 492.0
31611 陈莹 107.0 72.0 102.5 46.0 68.0 51.0 281.5 165.0 446.5
31612 陈滢 108.0 97.0 117.0 47.0 71.0 74.0 322.0 192.0 514.0
31613 陈梓鑫 110.0 95.0 113.5 61.0 62.0 56.0 318.5 179.0 497.5
31614 方浩锴 114.0 111.0 127.0 42.0 61.0 57.0 352.0 160.0 512.0
31615 黄谷 99.0 102.0 111.0 48.0 84.0 77.0 312.0 209.0 521.0
31616 黄浩扬 121.0 126.0 123.0 73.0 77.0 75.0 370.0 225.0 595.0
31617 黄锐敏 110.0 134.0 115.5 65.0 77.0 67.0 359.5 209.0 568.5
31618 黄少邑 94.0 109.0 116.5 40.0 62.0 60.0 319.5 162.0 481.5
31619 黄舒乐 100.0 77.0 96.0 40.0 51.0 46.0 273.0 137.0 410.0
31620 江佳仪 109.0 101.0 116.5 71.0 80.0 75.0 326.5 226.0 552.5
31621 李嘉鑫 91.0 108.0 87.0 70.0 59.0 66.0 286.0 195.0 481.0
31622 李琳丹 115.0 75.0 113.5 55.0 62.0 67.0 303.5 184.0 487.5
31623 李暄婷 108.0 85.0 112.0 38.0 46.0 50.0 305.0 134.0 439.0
31624 李奕 109.0 76.0 108.5 36.0 46.0 47.0 293.5 129.0 422.5
31625 廖骊涵 114.0 105.0 113.0 58.0 66.0 47.0 332.0 171.0 503.0
31626 廖澍镔 84.0 122.0 111.5 69.0 88.0 78.0 317.5 235.0 552.5
31627 林灿荣 89.0 122.0 119.5 67.0 69.0 50.0 330.5 186.0 516.5
31628 林冠之 112.0 122.0 114.0 80.0 84.0 82.0 348.0 246.0 594.0
31629 林楠 106.0 91.0 82.5 72.0 74.0 75.0 279.5 221.0 500.5
31630 林树红 105.0 90.0 112.0 57.0 57.0 70.0 307.0 184.0 491.0
31631 林仪 105.0 86.0 111.5 0 55.0 53.0 302.5 0 0
31632 林意 98.0 92.0 95.5 50.0 64.0 57.0 285.5 171.0 456.5
31633 刘思煌 109.0 114.0 118.0 66.0 92.0 87.0 341.0 245.0 586.0
31634 刘奕 92.0 107.0 104.5 55.0 61.0 59.0 303.5 175.0 478.5
31635 刘泽 108.0 60.0 64.5 41.0 28.0 50.0 232.5 119.0 351.5
31636 柳婷 111.0 120.0 120.5 79.0 92.0 81.0 351.5 252.0 603.5
31637 卢开书 98.0 109.0 122.5 74.0 72.0 71.0 329.5 217.0 546.5
31638 马润青 109.0 123.0 127.5 65.0 62.0 60.0 359.5 187.0 546.5
31639 彭灏 116.0 99.0 115.5 57.0 60.0 61.0 330.5 178.0 508.5
31640 孙熹珣 102.0 98.0 115.5 68.0 70.0 66.0 315.5 204.0 519.5
31641 孙烨 104.0 74.0 126.5 44.0 60.0 59.0 304.5 163.0 467.5
31642 王海槟 99.0 113.0 111.5 48.0 63.0 76.0 323.5 187.0 510.5
31643 王晓钟 113.0 127.0 124.5 69.0 75.0 75.0 364.5 219.0 583.5
31644 王雨青 114.0 127.0 92.5 57.0 83.0 74.0 333.5 214.0 547.5
31645 吴毅聪 93.0 68.0 108.0 47.0 49.0 43.0 269.0 139.0 408.0
31646 吴梓帆 105.0 133.0 134.5 76.0 79.0 74.0 372.5 229.0 601.5
31647 谢尘沐 112.0 88.0 121.0 60.0 72.0 82.0 321.0 214.0 535.0
31648 谢锦珮 106.0 99.0 117.0 29.0 60.0 57.0 322.0 146.0 468.0
31649 谢小雪 124.0 140.0 123.5 81.0 73.0 81.0 387.5 235.0 622.5
31650 谢奕纯 103.0 66.0 98.5 48.0 38.0 40.0 267.5 126.0 393.5
31651 杨涵 100.0 97.0 102.0 53.0 75.0 67.0 299.0 195.0 494.0
31652 姚采妮 88.0 73.0 94.5 38.0 46.0 37.0 255.5 121.0 376.5
31653 余泽泰 113.0 107.0 108.5 66.0 67.0 73.0 328.5 206.0 534.5
31654 张泽琳 108.0 126.0 127.5 74.0 83.0 72.0 361.5 229.0 590.5
31655 张泽宇 111.0 136.0 122.5 61.0 81.0 69.0 369.5 211.0 580.5
31656 章婉仪 115.0 119.0 123.5 73.0 73.0 74.0 357.5 220.0 577.5
31657 赵先铎 103.0 141.0 111.0 68.0 75.0 66.0 355.0 209.0 564.0
31658 郑涵禧 96.0 101.0 95.0 60.0 51.0 62.0 292.0 173.0 465.0
31659 郑林楷 91.0 122.0 89.5 77.0 86.0 76.0 302.5 239.0 541.5
31660 郑镇灏 110.0 115.0 101.5 71.0 53.0 40.0 326.5 164.0 490.5
31661 郑重 92.0 95.0 67.5 37.0 66.0 65.0 254.5 168.0 422.5
31662 朱俊宇 106.0 85.0 82.5 30.0 48.0 43.0 273.5 121.0 394.5
31663 庄声锐 97.0 85.0 87.5 37.0 35.0 30.0 269.5 102.0 371.5
31701 蔡金沛 90.0 120.0 95.5 40.0 65.0 52.0 305.5 157.0 462.5
31702 蔡俊峰 106.0 127.0 131.5 66.0 72.0 81.0 364.5 219.0 583.5
31703 曹宇韬 102.0 120.0 99.5 70.0 73.0 76.0 321.5 219.0 540.5
31704 陈大立 113.0 120.0 126.5 74.0 92.0 72.0 359.5 238.0 597.5
31705 陈浩杰 109.0 87.0 111.5 74.0 69.0 65.0 307.5 208.0 515.5
31706 陈沛润 106.0 130.0 107.5 77.0 75.0 76.0 343.5 228.0 571.5
31707 陈锐 108.0 125.0 108.0 83.0 72.0 85.0 341.0 240.0 581.0
31708 陈烁 96.0 119.0 93.5 48.0 51.0 54.0 308.5 153.0 461.5
31709 陈学诚 108.0 93.0 124.5 84.0 76.0 71.0 325.5 231.0 556.5
31710 陈韫颖 99.0 67.0 117.5 61.0 50.0 65.0 283.5 176.0 459.5
31711 陈泽鑫 94.0 92.0 92.5 26.0 36.0 37.0 278.5 99.0 377.5
31712 陈中一 112.0 129.0 98.0 87.0 65.0 69.0 339.0 221.0 560.0
31713 何伊慧 109.0 103.0 121.5 63.0 65.0 55.0 333.5 183.0 516.5
31714 侯思涵 109.0 109.0 113.0 51.0 73.0 68.0 331.0 192.0 523.0
31715 黄彬霆 117.0 99.0 106.5 47.0 75.0 82.0 322.5 204.0 526.5
31716 黄丹 75.0 40.0 74.0 11.0 34.0 0 189.0 0 0
31717 黄光炳 97.0 95.0 75.0 31.0 38.0 39.0 267.0 108.0 375.0
31718 黄慧敏 113.0 138.0 122.0 67.0 79.0 78.0 373.0 224.0 597.0
31719 黄思翰 106.0 125.0 117.0 73.0 88.0 78.0 348.0 239.0 587.0
31720 黄伟纯 111.0 100.0 105.0 52.0 79.0 68.0 316.0 199.0 515.0
31721 黄莹 110.0 124.0 110.0 77.0 72.0 74.0 344.0 223.0 567.0
31722 黄梓芸 104.0 81.0 101.0 34.0 33.0 29.0 286.0 96.0 382.0
31723 江相渝 117.0 55.0 94.5 58.0 46.0 61.0 266.5 165.0 431.5
31724 李洁瀚 112.0 125.0 111.5 70.0 83.0 64.0 348.5 217.0 565.5
31725 林仰 101.0 114.0 113.0 65.0 61.0 55.0 328.0 181.0 509.0
31726 林雍权 102.0 103.0 107.5 80.0 74.0 69.0 312.5 223.0 535.5
31727 刘嘉鑫 103.0 75.0 88.0 26.0 40.0 49.0 266.0 115.0 381.0
31728 卢荣泰 113.0 129.0 122.5 76.0 94.0 85.0 364.5 255.0 619.5
31729 卢仪蕊 115.0 91.0 114.5 53.0 44.0 55.0 320.5 152.0 472.5
31730 马学盈 118.0 106.0 110.0 36.0 82.0 52.0 334.0 170.0 504.0
31731 马直先 109.0 123.0 110.5 66.0 89.0 85.0 342.5 240.0 582.5
31732 麦博 111.0 132.0 134.0 71.0 74.0 81.0 377.0 226.0 603.0
31733 欧阳生 109.0 138.0 115.5 94.0 78.0 72.0 362.5 244.0 606.5
31734 彭琪 99.0 106.0 76.5 45.0 49.0 52.0 281.5 146.0 427.5
31735 佘晓环 97.0 118.0 98.0 44.0 51.0 58.0 313.0 153.0 466.0
31736 王基鸿 108.0 127.0 117.5 74.0 87.0 77.0 352.5 238.0 590.5
31737 王俊澎 112.0 122.0 101.5 84.0 64.0 74.0 335.5 222.0 557.5
31738 王烔毅 99.0 98.0 103.5 85.0 66.0 62.0 300.5 213.0 513.5
31739 王钰 106.0 100.0 102.5 57.0 55.0 63.0 308.5 175.0 483.5
31740 王真子 101.0 110.0 106.5 64.0 61.0 69.0 317.5 194.0 511.5
31741 吴俊翰 104.0 113.0 101.0 78.0 75.0 72.0 318.0 225.0 543.0
31742 吴彤沛 90.0 93.0 113.0 38.0 84.0 73.0 296.0 195.0 491.0
31743 吴伟霞 113.0 112.0 117.0 49.0 78.0 66.0 342.0 193.0 535.0
31744 谢锶琦 102.0 109.0 101.0 70.0 74.0 72.0 312.0 216.0 528.0
31745 许锶妍 114.0 110.0 117.5 58.0 49.0 70.0 341.5 177.0 518.5
31746 许奕烁 99.0 94.0 84.0 35.0 60.0 54.0 277.0 149.0 426.0
31747 许哲浩 108.0 116.0 111.5 53.0 83.0 58.0 335.5 194.0 529.5
31748 杨铠翔 103.0 100.0 94.5 77.0 80.0 74.0 297.5 231.0 528.5
31749 杨腾 111.0 86.0 96.5 41.0 27.0 58.0 293.5 126.0 419.5
31750 姚佳妮 114.0 108.0 122.0 63.0 84.0 83.0 344.0 230.0 574.0
31751 张纯 104.0 101.0 108.0 72.0 58.0 67.0 313.0 197.0 510.0
31752 张锐翰 89.0 88.0 91.5 27.0 33.0 46.0 268.5 106.0 374.5
31754 张奕 98.0 76.0 109.5 32.0 34.0 46.0 283.5 112.0 395.5
31755 张翼 111.0 125.0 116.5 63.0 85.0 75.0 352.5 223.0 575.5
31756 章家竣 111.0 96.0 129.5 80.0 86.0 72.0 336.5 238.0 574.5
31757 郑慈香 119.0 117.0 102.0 76.0 73.0 61.0 338.0 210.0 548.0
31758 郑曼燕 103.0 95.0 98.0 64.0 72.0 56.0 296.0 192.0 488.0
31759 郑铭 107.0 70.0 108.0 36.0 41.0 56.0 285.0 133.0 418.0
31761 周锴捷 106.0 103.0 109.0 75.0 70.0 67.0 318.0 212.0 530.0
31762 庄本熙 102.0 114.0 79.0 36.0 54.0 60.0 295.0 150.0 445.0
31763 黄钰莹 110.0 80.0 107.0 58.0 52.0 52.0 297.0 162.0 459.0
31764 王宏 116.0 124.0 123.0 64.0 74.0 64.0 363.0 202.0 565.0
31801 陈鸿飞 111.0 105.0 103.5 63.0 73.0 67.0 319.5 203.0 522.5
31802 陈家思 101.0 132.0 97.0 71.0 71.0 74.0 330.0 216.0 546.0
31803 陈立芃 98.0 82.0 115.5 61.0 75.0 63.0 295.5 199.0 494.5
31804 陈齐骏 0 33.0 41.0 16.0 0 30.0 0 0 0
31805 陈润铎 103.0 105.0 113.5 46.0 47.0 67.0 321.5 160.0 481.5
31806 陈润楷 96.0 123.0 110.5 72.0 0 69.0 329.5 0 0
31807 陈鑫冰 100.0 100.0 99.5 63.0 55.0 78.0 299.5 196.0 495.5
31808 陈永佳 110.0 122.0 113.5 78.0 82.0 71.0 345.5 231.0 576.5
31809 陈元嘉 98.0 121.0 90.5 77.0 65.0 65.0 309.5 207.0 516.5
31810 冯钰冰 99.0 100.0 98.5 43.0 58.0 57.0 297.5 158.0 455.5
31811 何畅 97.0 44.0 93.5 22.0 27.0 37.0 234.5 86.0 320.5
31812 黄怀瑶 109.0 90.0 107.0 39.0 59.0 61.0 306.0 159.0 465.0
31813 黄凯鹏 93.0 100.0 104.5 39.0 41.0 59.0 297.5 139.0 436.5
31814 黄昕仪 114.0 140.0 132.5 95.0 85.0 72.0 386.5 252.0 638.5
31815 黄泽宇 99.0 88.0 104.0 44.0 63.0 57.0 291.0 164.0 455.0
31816 康思妹 101.0 75.0 96.5 55.0 56.0 51.0 272.5 162.0 434.5
31817 孔雪欣 105.0 108.0 111.5 55.0 75.0 61.0 324.5 191.0 515.5
31818 赖淑凌 107.0 109.0 96.5 48.0 69.0 62.0 312.5 179.0 491.5
31819 李俊 104.0 99.0 125.5 45.0 53.0 66.0 328.5 164.0 492.5
31820 李楠 116.0 120.0 108.5 71.0 72.0 67.0 344.5 210.0 554.5
31821 李蔚东 100.0 137.0 116.0 84.0 85.0 81.0 353.0 250.0 603.0
31822 李昕 113.0 135.0 90.0 72.0 83.0 67.0 338.0 222.0 560.0
31823 连泓杰 113.0 103.0 107.5 69.0 57.0 64.0 323.5 190.0 513.5
31824 林泓 114.0 101.0 88.0 43.0 59.0 56.0 303.0 158.0 461.0
31825 林培润 116.0 49.0 101.0 38.0 43.0 53.0 266.0 134.0 400.0
31826 林绮娜 111.0 119.0 114.5 81.0 80.0 72.0 344.5 233.0 577.5
31827 林昕 118.0 115.0 112.5 64.0 71.0 59.0 345.5 194.0 539.5
31828 林奕敏 104.0 101.0 99.5 72.0 78.0 74.0 304.5 224.0 528.5
31829 林泽辉 104.0 106.0 82.5 55.0 58.0 64.0 292.5 177.0 469.5
31830 林泽炜 102.0 138.0 112.5 74.0 89.0 65.0 352.5 228.0 580.5
31831 林增瑞 115.0 121.0 119.0 56.0 62.0 66.0 355.0 184.0 539.0
31832 刘丁玮 111.0 127.0 109.0 61.0 72.0 59.0 347.0 192.0 539.0
31833 卢呈焕 89.0 119.0 96.0 56.0 60.0 56.0 304.0 172.0 476.0
31834 卢智扬 107.0 66.0 117.0 44.0 53.0 37.0 290.0 134.0 424.0
31835 罗亿权 92.0 70.0 103.5 51.0 30.0 43.0 265.5 124.0 389.5
31836 邱乐思 110.0 108.0 123.5 72.0 75.0 75.0 341.5 222.0 563.5
31837 佘涵 96.0 118.0 114.0 66.0 80.0 63.0 328.0 209.0 537.0
31838 汤钰瑛 114.0 97.0 125.5 57.0 62.0 59.0 336.5 178.0 514.5
31839 王佩佩 100.0 125.0 103.5 59.0 75.0 79.0 328.5 213.0 541.5
31840 王思佳 110.0 113.0 125.5 81.0 62.0 63.0 348.5 206.0 554.5
31841 王晓泽 100.0 73.0 98.0 41.0 44.0 50.0 271.0 135.0 406.0
31842 王振东 109.0 129.0 112.0 83.0 80.0 83.0 350.0 246.0 596.0
31843 王子瑜 114.0 109.0 95.0 64.0 50.0 60.0 318.0 174.0 492.0
31844 吴绍邦 114.0 123.0 125.0 66.0 82.0 78.0 362.0 226.0 588.0
31845 吴水滇 98.0 129.0 112.0 61.0 59.0 51.0 339.0 171.0 510.0
31846 吴晓琪 106.0 110.0 110.5 58.0 64.0 55.0 326.5 177.0 503.5
31847 吴昕 110.0 91.0 119.5 53.0 57.0 53.0 320.5 163.0 483.5
31848 谢昱康 87.0 112.0 116.0 68.0 73.0 73.0 315.0 214.0 529.0
31849 姚少云 103.0 102.0 76.0 38.0 35.0 68.0 281.0 141.0 422.0
31850 余博浩 113.0 120.0 102.0 63.0 59.0 79.0 335.0 201.0 536.0
31851 曾泓燊 96.0 128.0 122.0 64.0 73.0 62.0 346.0 199.0 545.0
31852 曾佳泓 104.0 121.0 108.0 67.0 73.0 65.0 333.0 205.0 538.0
31853 曾琳 103.0 90.0 113.5 41.0 48.0 56.0 306.5 145.0 451.5
31854 曾宪瀚 110.0 76.0 84.5 48.0 45.0 47.0 270.5 140.0 410.5
31855 曾伊琳 107.0 119.0 100.0 73.0 52.0 65.0 326.0 190.0 516.0
31856 张随娜 114.0 122.0 101.0 67.0 67.0 63.0 337.0 197.0 534.0
31857 张育铭 111.0 106.0 97.0 64.0 55.0 60.0 314.0 179.0 493.0
31858 章滢蓥 122.0 112.0 112.5 76.0 72.0 73.0 346.5 221.0 567.5
31859 郑任翔 102.0 95.0 122.0 41.0 66.0 60.0 319.0 167.0 486.0
31860 郑子昂 93.0 67.0 102.0 40.0 47.0 63.0 262.0 150.0 412.0
31861 钟浩川 117.0 129.0 122.5 56.0 89.0 72.0 368.5 217.0 585.5
31862 周苑婷 109.0 0 0 0 0 0 0 0 0
31863 庄妍 125.0 114.0 136.5 73.0 77.0 69.0 375.5 219.0 594.5
31901 蔡育铮 108.0 138.0 124.5 71.0 78.0 84.0 370.5 233.0 603.5
31902 蔡卓颖 85.0 128.0 114.0 52.0 72.0 69.0 327.0 193.0 520.0
31903 陈功超 89.0 59.0 104.0 16.0 40.0 39.0 252.0 95.0 347.0
31904 陈浩宇 115.0 124.0 97.5 80.0 65.0 75.0 336.5 220.0 556.5
31905 陈红 102.0 121.0 125.0 67.0 81.0 64.0 348.0 212.0 560.0
31906 陈嘉杭 112.0 98.0 118.5 50.0 46.0 49.0 328.5 145.0 473.5
31907 陈锴灏 106.0 121.0 94.5 72.0 77.0 58.0 321.5 207.0 528.5
31908 陈孟耀 97.0 63.0 88.5 44.0 46.0 64.0 248.5 154.0 402.5
31909 陈伟杰 122.0 137.0 131.0 88.0 94.0 81.0 390.0 263.0 653.0
31910 陈宇霏 111.0 129.0 124.0 55.0 51.0 58.0 364.0 164.0 528.0
31911 陈卓妮 0 93.0 118.5 40.0 48.0 31.0 0 119.0 0
31912 杜振超 113.0 128.0 118.0 61.0 84.0 73.0 359.0 218.0 577.0
31913 方家颖 108.0 103.0 84.0 45.0 57.0 52.0 295.0 154.0 449.0
31914 郭佳鑫 109.0 137.0 126.5 93.0 96.0 89.0 372.5 278.0 650.5
31915 黄超铄 92.0 87.0 90.0 47.0 88.0 72.0 269.0 207.0 476.0
31916 黄海铭 93.0 99.0 81.5 49.0 49.0 59.0 273.5 157.0 430.5
31917 黄融杰 108.0 96.0 105.5 81.0 81.0 72.0 309.5 234.0 543.5
31919 黄馨梓 98.0 0 0 0 0 45.0 0 0 0
31920 黄泽锴 76.0 38.0 68.5 55.0 49.0 50.0 182.5 154.0 336.5
31921 纪沛桐 102.0 108.0 105.0 71.0 50.0 54.0 315.0 175.0 490.0
31922 李岱谚 109.0 134.0 133.0 88.0 92.0 88.0 376.0 268.0 644.0
31923 李光泽 95.0 108.0 104.0 24.0 46.0 66.0 307.0 136.0 443.0
31924 李鸿 118.0 101.0 106.0 80.0 84.0 77.0 325.0 241.0 566.0
31925 李林昕 98.0 111.0 114.0 63.0 70.0 75.0 323.0 208.0 531.0
31926 李欣然 122.0 103.0 128.5 71.0 68.0 67.0 353.5 206.0 559.5
31927 李鑫 100.0 90.0 102.0 41.0 51.0 45.0 292.0 137.0 429.0
31928 李彦腾 98.0 122.0 113.0 57.0 73.0 56.0 333.0 186.0 519.0
31929 林坚生 117.0 93.0 106.5 65.0 52.0 58.0 316.5 175.0 491.5
31930 林乐贤 106.0 136.0 122.5 65.0 78.0 70.0 364.5 213.0 577.5
31931 林萌子 107.0 115.0 113.0 71.0 80.0 67.0 335.0 218.0 553.0
31932 林银虹 101.0 130.0 120.0 70.0 60.0 58.0 351.0 188.0 539.0
31933 林岳青 99.0 116.0 121.5 75.0 74.0 72.0 336.5 221.0 557.5
31934 卢晓杰 109.0 142.0 114.5 81.0 81.0 84.0 365.5 246.0 611.5
31935 马思昀 106.0 79.0 0 0 0 74.0 0 0 0
31936 彭丽妹 118.0 87.0 110.5 26.0 64.0 48.0 315.5 138.0 453.5
31937 彭扬帆 100.0 140.0 116.0 67.0 72.0 71.0 356.0 210.0 566.0
31938 沈桂菱 110.0 101.0 101.5 76.0 72.0 73.0 312.5 221.0 533.5
31939 沈益聪 110.0 138.0 108.5 56.0 72.0 71.0 356.5 199.0 555.5
31940 苏思澄 98.0 128.0 84.0 77.0 70.0 55.0 310.0 202.0 512.0
31941 苏泽坤 96.0 105.0 66.5 47.0 49.0 45.0 267.5 141.0 408.5
31942 王璐 107.0 129.0 124.0 81.0 88.0 76.0 360.0 245.0 605.0
31943 王梓琦 97.0 105.0 96.5 49.0 62.0 71.0 298.5 182.0 480.5
31944 文渲 103.0 111.0 106.0 45.0 62.0 62.0 320.0 169.0 489.0
31945 翁涵 101.0 95.0 108.0 79.0 71.0 73.0 304.0 223.0 527.0
31946 吴虹燕 101.0 118.0 95.0 71.0 55.0 60.0 314.0 186.0 500.0
31947 吴佳銮 119.0 119.0 134.0 68.0 78.0 59.0 372.0 205.0 577.0
31948 吴怡玫 98.0 100.0 106.0 69.0 78.0 63.0 304.0 210.0 514.0
31949 谢罗瀚 89.0 91.0 87.5 50.0 54.0 56.0 267.5 160.0 427.5
31950 谢泽钊 90.0 105.0 86.0 65.0 66.0 59.0 281.0 190.0 471.0
31951 徐润峰 96.0 113.0 80.5 55.0 58.0 72.0 289.5 185.0 474.5
31952 许滨楠 102.0 122.0 120.0 51.0 51.0 59.0 344.0 161.0 505.0
31953 许玫 113.0 111.0 134.5 41.0 68.0 66.0 358.5 175.0 533.5
31954 许子源 100.0 82.0 111.0 30.0 43.0 42.0 293.0 115.0 408.0
31955 杨利秋 110.0 109.0 99.5 75.0 73.0 79.0 318.5 227.0 545.5
31956 余子涵 104.0 122.0 100.0 42.0 61.0 72.0 326.0 175.0 501.0
31957 曾奕楠 98.0 87.0 109.0 44.0 41.0 40.0 294.0 125.0 419.0
31958 张超逸 104.0 113.0 92.0 71.0 68.0 70.0 309.0 209.0 518.0
31959 张曼琪 110.0 80.0 103.5 52.0 66.0 59.0 293.5 177.0 470.5
31960 赵彦纯 100.0 135.0 105.0 60.0 81.0 67.0 340.0 208.0 548.0
31961 郑钧漾 98.0 81.0 87.5 36.0 57.0 56.0 266.5 149.0 415.5
31962 郑玮涛 110.0 125.0 106.0 62.0 60.0 80.0 341.0 202.0 543.0
31963 郑锨淇 108.0 122.0 127.5 51.0 61.0 71.0 357.5 183.0 540.5
31964 庄开翔 98.0 129.0 106.5 74.0 67.0 66.0 333.5 207.0 540.5
32001 蔡佳琪 112.0 84.0 104.5 43.0 29.0 61.0 300.5 133.0 433.5
32002 蔡淑玲 112.0 100.0 112.0 78.0 63.0 64.0 324.0 205.0 529.0
32003 蔡伟龙 103.0 106.0 96.0 76.0 68.0 59.0 305.0 203.0 508.0
32004 陈博涵 102.0 115.0 92.5 66.0 76.0 73.0 309.5 215.0 524.5
32005 陈畅洪 105.0 88.0 99.0 39.0 52.0 47.0 292.0 138.0 430.0
32006 陈润洋 102.0 120.0 93.0 73.0 74.0 71.0 315.0 218.0 533.0
32007 陈思桦 111.0 87.0 120.0 52.0 51.0 58.0 318.0 161.0 479.0
32008 陈雪仪 115.0 131.0 111.0 66.0 72.0 77.0 357.0 215.0 572.0
32009 洪奕祥 93.0 135.0 108.0 76.0 80.0 78.0 336.0 234.0 570.0
32010 胡期升 108.0 122.0 130.5 67.0 71.0 59.0 360.5 197.0 557.5
32011 黄斌伟 105.0 122.0 106.0 52.0 81.0 73.0 333.0 206.0 539.0
32012 黄洪雯 95.0 95.0 94.0 49.0 52.0 61.0 284.0 162.0 446.0
32013 黄敏华 110.0 101.0 110.5 59.0 56.0 57.0 321.5 172.0 493.5
32014 黄舜娴 102.0 116.0 0 59.0 0 75.0 0 0 0
32015 黄于峻 96.0 79.0 82.5 36.0 30.0 42.0 257.5 108.0 365.5
32016 纪梓荣 95.0 128.0 82.5 47.0 50.0 54.0 305.5 151.0 456.5
32017 李东烁 105.0 122.0 117.5 74.0 73.0 68.0 344.5 215.0 559.5
32018 李洁 112.0 130.0 130.0 90.0 93.0 75.0 372.0 258.0 630.0
32019 李易霖 105.0 79.0 94.0 42.0 44.0 61.0 278.0 147.0 425.0
32020 李治 96.0 129.0 103.0 76.0 86.0 68.0 328.0 230.0 558.0
32021 李卓明 99.0 137.0 125.5 74.0 84.0 82.0 361.5 240.0 601.5
32022 林佳煌 119.0 109.0 103.5 68.0 79.0 69.0 331.5 216.0 547.5
32023 林钦鸿 108.0 138.0 109.5 59.0 70.0 71.0 355.5 200.0 555.5
32024 林小琪 105.0 0 0 0 0 0 0 0 0
32025 林烨 98.0 107.0 105.0 55.0 70.0 67.0 310.0 192.0 502.0
32026 刘艾莉 108.0 139.0 126.0 79.0 87.0 74.0 373.0 240.0 613.0
32027 刘旭东 99.0 128.0 114.0 72.0 83.0 78.0 341.0 233.0 574.0
32028 刘依菁 99.0 118.0 121.0 68.0 74.0 65.0 338.0 207.0 545.0
32029 刘悦韵 112.0 102.0 120.5 66.0 74.0 61.0 334.5 201.0 535.5
32030 马洪量 94.0 97.0 100.5 38.0 59.0 44.0 291.5 141.0 432.5
32031 马茵茵 83.0 71.0 96.0 32.0 42.0 44.0 250.0 118.0 368.0
32032 潘莹涵 94.0 87.0 90.5 36.0 44.0 53.0 271.5 133.0 404.5
32033 沈敏勇 118.0 115.0 107.0 79.0 85.0 69.0 340.0 233.0 573.0
32034 沈晓燕 100.0 121.0 126.5 79.0 73.0 76.0 347.5 228.0 575.5
32035 苏诚章 119.0 121.0 126.5 79.0 78.0 77.0 366.5 234.0 600.5
32036 唐梦洋 95.0 71.0 86.5 30.0 19.0 49.0 252.5 98.0 350.5
32037 王灿杜 104.0 124.0 116.5 71.0 68.0 63.0 344.5 202.0 546.5
32038 王鸿吉 114.0 91.0 104.5 49.0 45.0 41.0 309.5 135.0 444.5
32039 王杰鑫 99.0 135.0 123.5 66.0 85.0 79.0 357.5 230.0 587.5
32040 王泽锴 101.0 77.0 94.0 17.0 48.0 34.0 272.0 99.0 371.0
32041 王子铟 116.0 115.0 123.5 89.0 75.0 71.0 354.5 235.0 589.5
32043 吴泽锐 107.0 130.0 140.0 91.0 87.0 85.0 377.0 263.0 640.0
32044 谢锦珊 114.0 128.0 100.5 63.0 85.0 80.0 342.5 228.0 570.5
32045 谢铠羽 104.0 82.0 122.0 60.0 58.0 50.0 308.0 168.0 476.0
32046 谢婉婷 112.0 131.0 120.5 30.0 69.0 55.0 363.5 154.0 517.5
32047 谢懿锐 106.0 113.0 102.5 64.0 63.0 80.0 321.5 207.0 528.5
32048 徐英芸 111.0 81.0 113.0 35.0 57.0 54.0 305.0 146.0 451.0
32049 许晓刚 106.0 113.0 115.0 53.0 74.0 62.0 334.0 189.0 523.0
32050 许永泓 115.0 134.0 118.0 85.0 88.0 81.0 367.0 254.0 621.0
32051 颜莞尔 113.0 101.0 106.0 45.0 57.0 68.0 320.0 170.0 490.0
32052 姚树耿 108.0 108.0 116.0 80.0 76.0 70.0 332.0 226.0 558.0
32053 姚悦扬 107.0 113.0 114.5 66.0 50.0 69.0 334.5 185.0 519.5
32054 余钊 97.0 83.0 80.5 50.0 60.0 48.0 260.5 158.0 418.5
32055 詹金伟 99.0 72.0 96.5 38.0 37.0 56.0 267.5 131.0 398.5
32056 张皓洵 116.0 94.0 110.5 73.0 71.0 71.0 320.5 215.0 535.5
32057 张扬 109.0 100.0 112.0 47.0 66.0 77.0 321.0 190.0 511.0
32058 张奕欣 102.0 59.0 88.0 24.0 30.0 32.0 249.0 86.0 335.0
32059 郑铠 86.0 88.0 81.0 74.0 67.0 58.0 255.0 199.0 454.0
32060 郑哲然 114.0 121.0 113.5 60.0 88.0 66.0 348.5 214.0 562.5
32061 周泽妍 95.0 111.0 103.0 60.0 67.0 66.0 309.0 193.0 502.0
32062 周子毓 103.0 69.0 110.5 40.0 67.0 49.0 282.5 156.0 438.5
