30401 陈柏林 86.0 119.0 132.0 88.0 88.0 87.0 337.0 263.0 600.0
30402 陈东晓 80.0 113.0 130.0 85.0 60.0 61.0 323.0 206.0 529.0
30403 陈冬仪 79.0 103.0 127.0 81.0 81.0 67.0 309.0 229.0 538.0
30404 陈金洲 89.0 125.0 132.0 96.0 80.0 71.0 346.0 247.0 593.0
30405 陈淑妍 94.0 121.0 138.0 91.0 91.0 91.0 353.0 273.0 626.0
30406 胡楷宇 94.0 116.0 134.0 96.0 90.0 76.0 344.0 262.0 606.0
30407 胡昱 92.0 113.0 138.0 89.0 89.0 82.0 343.0 260.0 603.0
30408 黄艾琪 82.0 141.0 141.0 81.0 91.0 92.0 364.0 264.0 628.0
30409 黄狄林 93.0 118.0 137.0 94.0 91.0 83.0 348.0 268.0 616.0
30410 黄琳婷 89.0 110.0 143.0 81.0 85.0 64.0 342.0 230.0 572.0
30411 黄云进 78.0 125.0 131.0 89.0 93.0 82.0 334.0 264.0 598.0
30412 纪慧煊 94.0 121.0 129.0 94.0 81.0 83.0 344.0 258.0 602.0
30413 蓝玉奇 86.0 98.0 131.0 81.0 77.0 68.0 315.0 226.0 541.0
30414 李宏森 80.0 93.0 92.0 59.0 59.0 49.0 265.0 167.0 432.0
30415 李艺晴 107.0 126.0 133.0 93.0 96.0 87.0 366.0 276.0 642.0
30416 李兆捷 90.0 135.0 141.0 92.0 99.0 83.0 366.0 274.0 640.0
30417 林达 93.0 117.0 133.0 94.0 86.0 86.0 343.0 266.0 609.0
30418 林镜辉 85.0 107.0 125.0 82.0 79.0 67.0 317.0 228.0 545.0
30419 林永佳 63.0 88.0 130.0 86.0 78.0 68.0 281.0 232.0 513.0
30420 林昱霖 75.0 139.0 124.0 90.0 89.0 90.0 338.0 269.0 607.0
30421 林泽楷 78.0 124.0 127.0 97.0 94.0 83.0 329.0 274.0 603.0
30422 刘琳菲 73.0 108.0 136.0 85.0 90.0 78.0 317.0 253.0 570.0
30424 卢涵 99.0 91.0 135.0 98.0 86.0 83.0 325.0 267.0 592.0
30425 卢昕玥 81.0 122.0 132.0 90.0 84.0 72.0 335.0 246.0 581.0
30426 卢彦宇 81.0 103.0 130.0 93.0 95.0 77.0 314.0 265.0 579.0
30427 罗亦宋 84.0 125.0 131.0 88.0 88.0 77.0 340.0 253.0 593.0
30428 麦扬 87.0 116.0 126.0 73.0 86.0 69.0 329.0 228.0 557.0
30429 邵彦程 68.0 101.0 127.0 64.0 72.0 53.0 296.0 189.0 485.0
30430 沈丹琼 105.0 132.0 140.0 94.0 90.0 92.0 377.0 276.0 653.0
30431 王磊 100.0 138.0 131.0 83.0 90.0 82.0 369.0 255.0 624.0
30432 王震霆 69.0 113.0 126.0 74.0 64.0 35.0 308.0 173.0 481.0
30433 韦昕澄 87.0 123.0 143.0 97.0 95.0 86.0 353.0 278.0 631.0
30434 魏桐曦 82.0 120.0 141.0 93.0 91.0 90.0 343.0 274.0 617.0
30435 翁铭捷 90.0 75.0 128.0 74.0 81.0 71.0 293.0 226.0 519.0
30436 吴洁兰 81.0 103.0 128.0 72.0 65.0 69.0 312.0 206.0 518.0
30437 吴婕洵 104.0 134.0 130.0 85.0 89.0 85.0 368.0 259.0 627.0
30438 吴郁楠 94.0 122.0 137.0 90.0 90.0 81.0 353.0 261.0 614.0
30439 吴泽峰 92.0 113.0 133.0 90.0 93.0 86.0 338.0 269.0 607.0
30440 吴植慧 82.0 83.0 127.0 78.0 79.0 59.0 292.0 216.0 508.0
30441 谢庆欣 82.0 109.0 130.0 86.0 73.0 62.0 321.0 221.0 542.0
30442 辛孜玫 89.0 96.0 126.0 85.0 81.0 52.0 311.0 218.0 529.0
30443 徐浩锴 90.0 113.0 131.0 84.0 95.0 77.0 334.0 256.0 590.0
30444 许可淳 102.0 143.0 142.0 98.0 94.0 97.0 387.0 289.0 676.0
30445 许林菁 93.0 100.0 136.0 87.0 84.0 77.0 329.0 248.0 577.0
30446 许统辉 69.0 96.0 109.0 85.0 87.0 69.0 274.0 241.0 515.0
30447 许旭东 95.0 107.0 139.0 95.0 97.0 80.0 341.0 272.0 613.0
30448 杨博锐 81.0 100.0 122.0 86.0 74.0 71.0 303.0 231.0 534.0
30449 杨乔 73.0 95.0 116.0 83.0 91.0 80.0 284.0 254.0 538.0
30450 杨宇镔 94.0 90.0 134.0 77.0 76.0 76.0 318.0 229.0 547.0
30451 杨芷涵 97.0 141.0 139.0 98.0 97.0 96.0 377.0 291.0 668.0
30452 姚楷炫 94.0 113.0 135.0 91.0 97.0 87.0 342.0 275.0 617.0
30453 张若涵 91.0 130.0 135.0 81.0 79.0 76.0 356.0 236.0 592.0
30454 张雪妍 97.0 121.0 132.0 77.0 77.0 72.0 350.0 226.0 576.0
30455 赵明明 88.0 88.0 132.0 83.0 77.0 76.0 308.0 236.0 544.0
30456 赵晓明 84.0 0 136.0 0 0 0 0 0 0
30457 郑沐林 86.0 128.0 131.0 93.0 99.0 94.0 345.0 286.0 631.0
30458 郑镛墉 72.0 108.0 131.0 65.0 47.0 59.0 311.0 171.0 482.0
30459 钟献彪 87.0 109.0 125.0 94.0 95.0 77.0 321.0 266.0 587.0
30460 周梓勃 100.0 117.0 136.0 91.0 84.0 80.0 353.0 255.0 608.0
30461 朱丹琪 93.0 138.0 134.0 88.0 84.0 75.0 365.0 247.0 612.0
30462 庄漪婷 79.0 104.0 125.0 79.0 80.0 75.0 308.0 234.0 542.0
30501 蔡苑虹 94.0 140.0 141.0 90.0 90.0 77.0 375.0 257.0 632.0
30502 陈福溢 86.0 118.0 143.0 86.0 83.0 68.0 347.0 237.0 584.0
30503 陈泓 81.0 85.0 127.0 75.0 71.0 52.0 293.0 198.0 491.0
30504 陈佳泓 82.0 122.0 140.0 91.0 91.0 83.0 344.0 265.0 609.0
30505 陈嘉胜 83.0 67.0 128.0 79.0 72.0 62.0 278.0 213.0 491.0
30506 陈丽娜 95.0 129.0 125.0 81.0 74.0 78.0 349.0 233.0 582.0
30507 陈沛震 84.0 111.0 116.0 87.0 86.0 67.0 311.0 240.0 551.0
30508 陈乔林 85.0 109.0 131.0 88.0 85.0 73.0 325.0 246.0 571.0
30509 陈疏桐 98.0 117.0 141.0 92.0 82.0 92.0 356.0 266.0 622.0
30510 陈欣洋 83.0 95.0 128.0 66.0 45.0 54.0 306.0 165.0 471.0
30511 陈雅琪 98.0 107.0 139.0 87.0 90.0 85.0 344.0 262.0 606.0
30512 陈一凡 83.0 126.0 128.0 95.0 93.0 87.0 337.0 275.0 612.0
30514 陈煜琳 77.0 130.0 132.0 92.0 91.0 83.0 339.0 266.0 605.0
30515 陈梓瀚 87.0 118.0 130.0 95.0 93.0 86.0 335.0 274.0 609.0
30516 陈梓霓 84.0 128.0 136.0 91.0 87.0 82.0 348.0 260.0 608.0
30517 陈梓宇 84.0 124.0 136.0 86.0 95.0 90.0 344.0 271.0 615.0
30518 方灿鸿 83.0 121.0 129.0 94.0 81.0 74.0 333.0 249.0 582.0
30519 郭梓淇 90.0 91.0 127.0 74.0 51.0 63.0 308.0 188.0 496.0
30520 黄泓鉴 85.0 138.0 129.0 87.0 94.0 81.0 352.0 262.0 614.0
30521 黄金涛 93.0 110.0 121.0 80.0 86.0 59.0 324.0 225.0 549.0
30522 黄式铨 80.0 116.0 133.0 81.0 93.0 73.0 329.0 247.0 576.0
30523 黄孜睿 85.0 112.0 136.0 87.0 84.0 72.0 333.0 243.0 576.0
30524 江卓聪 83.0 128.0 133.0 98.0 87.0 87.0 344.0 272.0 616.0
30525 李依璘 91.0 79.0 139.0 91.0 81.0 83.0 309.0 255.0 564.0
30526 李子聪 86.0 127.0 135.0 89.0 91.0 81.0 348.0 261.0 609.0
30527 林钡钡 82.0 129.0 133.0 84.0 88.0 76.0 344.0 248.0 592.0
30528 林洁萍 82.0 107.0 135.0 79.0 86.0 90.0 324.0 255.0 579.0
30529 林煜涛 73.0 126.0 119.0 93.0 79.0 73.0 318.0 245.0 563.0
30530 林泽滢 78.0 104.0 122.0 87.0 85.0 60.0 304.0 232.0 536.0
30531 刘榕飒 93.0 98.0 132.0 81.0 82.0 73.0 323.0 236.0 559.0
30532 陆凡冰 92.0 104.0 138.0 94.0 95.0 86.0 334.0 275.0 609.0
30533 马万里 33.0 94.0 106.0 82.0 64.0 68.0 233.0 214.0 447.0
30534 马伟涛 77.0 137.0 136.0 97.0 93.0 80.0 350.0 270.0 620.0
30535 潘俞霏 88.0 129.0 141.0 92.0 87.0 83.0 358.0 262.0 620.0
30536 沈哲沛 82.0 96.0 111.0 74.0 81.0 65.0 289.0 220.0 509.0
30537 孙玮 94.0 123.0 116.0 93.0 89.0 87.0 333.0 269.0 602.0
30538 王楠 82.0 98.0 128.0 73.0 80.0 60.0 308.0 213.0 521.0
30539 王天乐 78.0 100.0 134.0 77.0 80.0 63.0 312.0 220.0 532.0
30540 吴博 98.0 117.0 130.0 87.0 95.0 76.0 345.0 258.0 603.0
30541 吴佳芸 95.0 117.0 134.0 79.0 78.0 69.0 346.0 226.0 572.0
30542 吴淇升 81.0 129.0 125.0 79.0 88.0 65.0 335.0 232.0 567.0
30543 吴易达 101.0 122.0 132.0 89.0 94.0 83.0 355.0 266.0 621.0
30544 肖泽楷 87.0 112.0 127.0 80.0 85.0 70.0 326.0 235.0 561.0
30545 谢函瀚 98.0 0 134.0 95.0 83.0 92.0 0 270.0 0
30547 谢思婷 91.0 125.0 139.0 89.0 96.0 80.0 355.0 265.0 620.0
30548 谢育锋 75.0 125.0 109.0 100.0 95.0 82.0 309.0 277.0 586.0
30549 徐芷欣 97.0 109.0 145.0 79.0 84.0 75.0 351.0 238.0 589.0
30550 杨昕 87.0 104.0 129.0 91.0 96.0 85.0 320.0 272.0 592.0
30551 姚雪萍 85.0 118.0 128.0 84.0 74.0 78.0 331.0 236.0 567.0
30552 姚逸峰 87.0 123.0 128.0 90.0 85.0 80.0 338.0 255.0 593.0
30553 余泓涛 74.0 94.0 129.0 78.0 77.0 74.0 297.0 229.0 526.0
30554 余珮镕 89.0 100.0 134.0 84.0 75.0 73.0 323.0 232.0 555.0
30555 曾烁 90.0 115.0 125.0 90.0 79.0 70.0 330.0 239.0 569.0
30556 张基烨 80.0 123.0 121.0 82.0 81.0 69.0 324.0 232.0 556.0
30557 张锦河 80.0 105.0 127.0 88.0 94.0 81.0 312.0 263.0 575.0
30558 张子斌 84.0 113.0 138.0 86.0 95.0 82.0 335.0 263.0 598.0
30559 张宗泽 97.0 132.0 134.0 96.0 92.0 81.0 363.0 269.0 632.0
30560 郑涵 90.0 123.0 141.0 94.0 93.0 92.0 354.0 279.0 633.0
30561 郑主加 96.0 116.0 116.0 82.0 83.0 68.0 328.0 233.0 561.0
30562 钟婉灵 78.0 109.0 125.0 79.0 94.0 76.0 312.0 249.0 561.0
30563 周哲 70.0 114.0 129.0 86.0 92.0 76.0 313.0 254.0 567.0
30601 蔡楚怡 80.0 113.0 128.0 87.0 91.0 78.0 321.0 256.0 577.0
30602 蔡瀚锋 101.0 123.0 136.0 92.0 83.0 68.0 360.0 243.0 603.0
30603 蔡弋炀 86.0 122.0 130.0 91.0 90.0 85.0 338.0 266.0 604.0
30604 陈金涛 93.0 109.0 119.0 94.0 85.0 72.0 321.0 251.0 572.0
30605 陈谨 99.0 101.0 132.0 76.0 81.0 62.0 332.0 219.0 551.0
30606 陈庆 80.0 109.0 121.0 86.0 77.0 76.0 310.0 239.0 549.0
30607 陈帅琦 90.0 119.0 132.0 83.0 86.0 64.0 341.0 233.0 574.0
30608 陈锶涛 79.0 104.0 114.0 65.0 62.0 40.0 297.0 167.0 464.0
30609 陈雅文 94.0 116.0 141.0 74.0 88.0 80.0 351.0 242.0 593.0
30610 陈妍 76.0 104.0 135.0 79.0 80.0 61.0 315.0 220.0 535.0
30612 陈震寅 73.0 139.0 118.0 94.0 91.0 88.0 330.0 273.0 603.0
30613 陈梓泓 78.0 109.0 124.0 94.0 84.0 79.0 311.0 257.0 568.0
30614 陈梓演 85.0 114.0 137.0 73.0 82.0 71.0 336.0 226.0 562.0
30615 戴德燊 90.0 114.0 122.0 76.0 68.0 76.0 326.0 220.0 546.0
30616 方家浩 65.0 114.0 136.0 82.0 92.0 80.0 315.0 254.0 569.0
30617 方玮绚 82.0 98.0 127.0 90.0 82.0 72.0 307.0 244.0 551.0
30618 方小涵 75.0 102.0 136.0 70.0 73.0 67.0 313.0 210.0 523.0
30619 方梓昊 84.0 94.0 130.0 81.0 79.0 65.0 308.0 225.0 533.0
30621 郭滋涵 74.0 32.0 75.0 33.0 34.0 25.0 181.0 92.0 273.0
30622 洪斯沛 90.0 116.0 134.0 78.0 83.0 76.0 340.0 237.0 577.0
30623 黄蔓蔓 84.0 112.0 131.0 87.0 86.0 67.0 327.0 240.0 567.0
30624 黄树炫 80.0 106.0 137.0 98.0 79.0 92.0 323.0 269.0 592.0
30625 黄晚至 85.0 107.0 139.0 80.0 86.0 72.0 331.0 238.0 569.0
30626 黄粤奇 87.0 93.0 123.0 80.0 76.0 56.0 303.0 212.0 515.0
30627 李传璞 100.0 90.0 136.0 97.0 97.0 79.0 326.0 273.0 599.0
30628 李科谋 76.0 139.0 135.0 98.0 90.0 72.0 350.0 260.0 610.0
30629 李婉宜 82.0 126.0 117.0 92.0 0 0 325.0 0 0
30630 李心彤 83.0 103.0 128.0 77.0 77.0 59.0 314.0 213.0 527.0
30631 梁婧 85.0 89.0 122.0 0 0 0 296.0 0 0
30632 林琦 86.0 113.0 134.0 86.0 94.0 91.0 333.0 271.0 604.0
30633 林润峰 72.0 62.0 126.0 83.0 67.0 62.0 260.0 212.0 472.0
30634 林烁 94.0 112.0 124.0 77.0 93.0 74.0 330.0 244.0 574.0
30636 林泽聪 89.0 132.0 134.0 99.0 97.0 96.0 355.0 292.0 647.0
30637 林泽娜 76.0 100.0 135.0 87.0 87.0 71.0 311.0 245.0 556.0
30638 刘学智 91.0 120.0 111.0 95.0 0 0 322.0 0 0
30639 马思奇 80.0 98.0 126.0 65.0 82.0 76.0 304.0 223.0 527.0
30640 佘卓键 83.0 114.0 127.0 94.0 88.0 67.0 324.0 249.0 573.0
30641 沈畅泳 73.0 133.0 141.0 86.0 89.0 93.0 347.0 268.0 615.0
30642 汤庆琳 70.0 86.0 138.0 62.0 72.0 52.0 294.0 186.0 480.0
30643 王嘉如 92.0 92.0 137.0 91.0 88.0 75.0 321.0 254.0 575.0
30644 王琳 97.0 111.0 140.0 84.0 91.0 79.0 348.0 254.0 602.0
30645 王梓渲 97.0 126.0 135.0 96.0 91.0 88.0 358.0 275.0 633.0
30646 吴文澜 77.0 83.0 132.0 84.0 61.0 65.0 292.0 210.0 502.0
30647 吴妍 96.0 108.0 131.0 85.0 92.0 83.0 335.0 260.0 595.0
30648 许夏帆 80.0 125.0 125.0 91.0 85.0 78.0 330.0 254.0 584.0
30649 许烨琪 91.0 120.0 129.0 88.0 84.0 66.0 340.0 238.0 578.0
30650 杨金满 98.0 131.0 135.0 91.0 94.0 91.0 364.0 276.0 640.0
30651 杨壬 75.0 55.0 101.0 72.0 54.0 38.0 231.0 164.0 395.0
30652 杨依云 90.0 112.0 135.0 88.0 91.0 82.0 337.0 261.0 598.0
30653 蚁维聪 74.0 117.0 123.0 92.0 95.0 76.0 314.0 263.0 577.0
30654 余信荣 79.0 121.0 140.0 88.0 94.0 88.0 340.0 270.0 610.0
30655 喻子韬 58.0 111.0 136.0 76.0 90.0 90.0 305.0 256.0 561.0
30656 詹育东 93.0 128.0 118.0 87.0 86.0 73.0 339.0 246.0 585.0
30657 张棣炫 74.0 113.0 135.0 88.0 85.0 87.0 322.0 260.0 582.0
30658 张欣悦 87.0 111.0 126.0 88.0 91.0 78.0 324.0 257.0 581.0
30659 郑东能 76.0 138.0 119.0 86.0 90.0 83.0 333.0 259.0 592.0
30660 郑凯元 79.0 122.0 132.0 93.0 77.0 75.0 333.0 245.0 578.0
30661 郑泽楠 77.0 107.0 132.0 87.0 91.0 80.0 316.0 258.0 574.0
30662 钟贝琪 94.0 104.0 136.0 90.0 64.0 69.0 334.0 223.0 557.0
30663 周盈贝 66.0 102.0 132.0 90.0 81.0 74.0 300.0 245.0 545.0
30701 蔡博涵 80.0 118.0 118.0 74.0 92.0 65.0 316.0 231.0 547.0
30702 蔡琪 77.0 92.0 118.0 83.0 53.0 48.0 287.0 184.0 471.0
30703 蔡淑熙 88.0 111.0 130.0 83.0 93.0 82.0 329.0 258.0 587.0
30704 蔡晓仪 86.0 111.0 131.0 83.0 79.0 65.0 328.0 227.0 555.0
30705 蔡泽莹 89.0 113.0 129.0 92.0 80.0 68.0 331.0 240.0 571.0
30706 蔡之雅 97.0 107.0 138.0 0 0 0 342.0 0 0
30707 蔡至钿 78.0 109.0 126.0 76.0 78.0 69.0 313.0 223.0 536.0
30708 陈畅 80.0 127.0 135.0 71.0 82.0 58.0 342.0 211.0 553.0
30709 陈铎仑 91.0 129.0 129.0 95.0 90.0 87.0 349.0 272.0 621.0
30710 陈俊成 83.0 128.0 130.0 93.0 95.0 92.0 341.0 280.0 621.0
30711 陈思冰 73.0 105.0 137.0 90.0 87.0 63.0 315.0 240.0 555.0
30712 陈思桦 71.0 116.0 120.0 97.0 77.0 54.0 307.0 228.0 535.0
30713 陈武杰 85.0 118.0 130.0 86.0 82.0 70.0 333.0 238.0 571.0
30714 陈晓雯 93.0 135.0 135.0 95.0 99.0 86.0 363.0 280.0 643.0
30715 陈奕纯 82.0 118.0 134.0 80.0 82.0 64.0 334.0 226.0 560.0
30716 陈钟之 90.0 126.0 131.0 89.0 92.0 79.0 347.0 260.0 607.0
30717 陈梓博 84.0 118.0 136.0 83.0 85.0 70.0 338.0 238.0 576.0
30719 丁烜 85.0 88.0 111.0 72.0 80.0 82.0 284.0 234.0 518.0
30720 杜昕 83.0 116.0 131.0 81.0 91.0 91.0 330.0 263.0 593.0
30721 杜展 71.0 106.0 137.0 94.0 97.0 91.0 314.0 282.0 596.0
30722 郭枫阳 75.0 130.0 122.0 93.0 97.0 85.0 327.0 275.0 602.0
30723 洪欣苑 80.0 100.0 134.0 84.0 86.0 76.0 314.0 246.0 560.0
30724 洪梓昂 91.0 122.0 133.0 98.0 96.0 87.0 346.0 281.0 627.0
30726 黄芷琳 94.0 107.0 142.0 93.0 85.0 78.0 343.0 256.0 599.0
30727 李博恩 91.0 109.0 139.0 83.0 94.0 78.0 339.0 255.0 594.0
30728 李恺寰 82.0 124.0 133.0 94.0 95.0 92.0 339.0 281.0 620.0
30729 李沛熙 97.0 138.0 127.0 92.0 92.0 93.0 362.0 277.0 639.0
30730 李翊亨 67.0 124.0 130.0 91.0 80.0 81.0 321.0 252.0 573.0
30731 林宏杰 89.0 123.0 123.0 93.0 87.0 82.0 335.0 262.0 597.0
30732 林熙 92.0 89.0 130.0 72.0 92.0 63.0 311.0 227.0 538.0
30733 林映含 90.0 116.0 132.0 87.0 85.0 74.0 338.0 246.0 584.0
30734 林芸 91.0 117.0 123.0 83.0 88.0 84.0 331.0 255.0 586.0
30735 刘乐欣 100.0 122.0 135.0 82.0 89.0 82.0 357.0 253.0 610.0
30736 刘依雯 83.0 66.0 132.0 60.0 65.0 49.0 281.0 174.0 455.0
30737 刘雨奇 93.0 106.0 138.0 90.0 96.0 91.0 337.0 277.0 614.0
30738 刘子烁 95.0 74.0 120.0 69.0 77.0 62.0 289.0 208.0 497.0
30739 陆伟坤 91.0 106.0 120.0 88.0 88.0 77.0 317.0 253.0 570.0
30740 马学宽 80.0 106.0 139.0 89.0 85.0 64.0 325.0 238.0 563.0
30742 邱可盈 79.0 107.0 118.0 90.0 87.0 74.0 304.0 251.0 555.0
30744 盛若岚 85.0 121.0 119.0 93.0 93.0 89.0 325.0 275.0 600.0
30745 苏烁航 69.0 97.0 123.0 81.0 77.0 58.0 289.0 216.0 505.0
30746 苏斯楠 77.0 113.0 121.0 91.0 77.0 58.0 311.0 226.0 537.0
30747 孙润楷 70.0 113.0 128.0 91.0 78.0 66.0 311.0 235.0 546.0
30748 吴佳生 93.0 122.0 133.0 93.0 95.0 90.0 348.0 278.0 626.0
30749 吴昕 96.0 116.0 143.0 94.0 74.0 67.0 355.0 235.0 590.0
30750 谢伟坤 92.0 105.0 130.0 81.0 87.0 80.0 327.0 248.0 575.0
30751 谢宗泰 84.0 101.0 118.0 80.0 75.0 60.0 303.0 215.0 518.0
30752 徐子媛 90.0 105.0 133.0 69.0 89.0 65.0 328.0 223.0 551.0
30753 许楷扬 77.0 91.0 128.0 83.0 67.0 56.0 296.0 206.0 502.0
30754 许艺瀛 73.0 132.0 124.0 90.0 93.0 71.0 329.0 254.0 583.0
30755 杨深林 88.0 115.0 119.0 80.0 97.0 91.0 322.0 268.0 590.0
30756 杨烨爽 87.0 121.0 121.0 87.0 84.0 67.0 329.0 238.0 567.0
30757 叶乐萱 105.0 124.0 146.0 98.0 97.0 96.0 375.0 291.0 666.0
30758 张睿 68.0 126.0 120.0 94.0 90.0 73.0 314.0 257.0 571.0
30759 张少伟 87.0 104.0 126.0 89.0 90.0 60.0 317.0 239.0 556.0
30760 张煜坚 96.0 108.0 133.0 67.0 72.0 61.0 337.0 200.0 537.0
30761 郑逸晖 92.0 133.0 133.0 89.0 78.0 78.0 358.0 245.0 603.0
30762 钟耿钦 85.0 132.0 0 92.0 72.0 68.0 0 232.0 0
30801 蔡筱蕊 86.0 116.0 137.0 80.0 88.0 69.0 339.0 237.0 576.0
30802 蔡奕桐 91.0 111.0 133.0 85.0 86.0 81.0 335.0 252.0 587.0
30803 蔡泽泓 79.0 96.0 134.0 91.0 83.0 70.0 309.0 244.0 553.0
30804 陈达可 72.0 130.0 140.0 93.0 86.0 87.0 342.0 266.0 608.0
30805 陈丹仪 103.0 111.0 135.0 92.0 96.0 86.0 349.0 274.0 623.0
30806 陈锴榆 82.0 112.0 126.0 84.0 90.0 69.0 320.0 243.0 563.0
30807 陈润慷 80.0 137.0 130.0 95.0 89.0 73.0 347.0 257.0 604.0
30808 陈淑芳 89.0 108.0 128.0 71.0 75.0 55.0 325.0 201.0 526.0
30809 陈彦宇 76.0 111.0 130.0 51.0 80.0 67.0 317.0 198.0 515.0
30810 陈钰琦 87.0 92.0 127.0 64.0 81.0 65.0 306.0 210.0 516.0
30811 陈志航 82.0 99.0 130.0 59.0 66.0 61.0 311.0 186.0 497.0
30813 董煜然 87.0 106.0 118.0 94.0 90.0 73.0 311.0 257.0 568.0
30814 杜庚育 97.0 126.0 135.0 90.0 98.0 97.0 358.0 285.0 643.0
30815 方淑钰 74.0 99.0 121.0 72.0 67.0 67.0 294.0 206.0 500.0
30816 方殷锴 82.0 123.0 145.0 94.0 95.0 86.0 350.0 275.0 625.0
30817 葛颖 72.0 119.0 135.0 74.0 77.0 83.0 326.0 234.0 560.0
30818 郭粉红 84.0 127.0 124.0 84.0 87.0 70.0 335.0 241.0 576.0
30819 郭景瀚 80.0 94.0 123.0 80.0 77.0 79.0 297.0 236.0 533.0
30820 洪立强 75.0 94.0 126.0 70.0 83.0 48.0 295.0 201.0 496.0
30821 洪少锐 101.0 122.0 132.0 96.0 81.0 76.0 355.0 253.0 608.0
30822 黄端 80.0 135.0 124.0 83.0 88.0 79.0 339.0 250.0 589.0
30823 黄丰 88.0 111.0 130.0 87.0 75.0 62.0 329.0 224.0 553.0
30824 黄俊斐 61.0 138.0 122.0 87.0 84.0 73.0 321.0 244.0 565.0
30825 黄可欣 83.0 129.0 139.0 86.0 87.0 82.0 351.0 255.0 606.0
30826 金泽薰 102.0 133.0 141.0 90.0 96.0 87.0 376.0 273.0 649.0
30827 蓝旸 87.0 104.0 131.0 80.0 80.0 76.0 322.0 236.0 558.0
30828 林炳丽 95.0 129.0 141.0 95.0 96.0 96.0 365.0 287.0 652.0
30829 林栾荀 93.0 99.0 131.0 86.0 82.0 82.0 323.0 250.0 573.0
30830 林若彤 102.0 116.0 141.0 79.0 96.0 77.0 359.0 252.0 611.0
30831 林晓纯 91.0 116.0 131.0 0 0 0 338.0 0 0
30832 林钇 81.0 110.0 132.0 92.0 80.0 84.0 323.0 256.0 579.0
30833 林毓莹 104.0 98.0 137.0 81.0 73.0 77.0 339.0 231.0 570.0
30834 林泽凯 80.0 105.0 124.0 76.0 84.0 68.0 309.0 228.0 537.0
30835 刘尔嘉 83.0 131.0 145.0 93.0 87.0 85.0 359.0 265.0 624.0
30836 马旭宁 86.0 129.0 129.0 94.0 76.0 83.0 344.0 253.0 597.0
30837 彭诗妍 100.0 100.0 123.0 69.0 85.0 62.0 323.0 216.0 539.0
30838 宋洁榕 89.0 107.0 136.0 90.0 73.0 81.0 332.0 244.0 576.0
30839 王绿蔚 96.0 127.0 134.0 76.0 97.0 91.0 357.0 264.0 621.0
30840 王维佳 85.0 106.0 115.0 81.0 78.0 65.0 306.0 224.0 530.0
30841 王知往 67.0 103.0 131.0 87.0 78.0 69.0 301.0 234.0 535.0
30842 王志扬 81.0 134.0 124.0 93.0 87.0 76.0 339.0 256.0 595.0
30843 温一海 98.0 123.0 131.0 88.0 73.0 74.0 352.0 235.0 587.0
30844 吴丹妮 76.0 96.0 128.0 75.0 67.0 56.0 300.0 198.0 498.0
30845 吴赋 74.0 135.0 135.0 86.0 89.0 89.0 344.0 264.0 608.0
30846 吴润铭 90.0 93.0 125.0 86.0 79.0 67.0 308.0 232.0 540.0
30847 吴夏韵 81.0 111.0 121.0 94.0 66.0 73.0 313.0 233.0 546.0
30848 辛铄浩 88.0 123.0 124.0 93.0 79.0 76.0 335.0 248.0 583.0
30849 杨婷婷 90.0 109.0 129.0 75.0 81.0 67.0 328.0 223.0 551.0
30850 曾宇丹 102.0 102.0 142.0 94.0 92.0 92.0 346.0 278.0 624.0
30851 曾宇煌 85.0 120.0 132.0 73.0 73.0 61.0 337.0 207.0 544.0
30852 张晓斐 88.0 0 135.0 0 0 0 0 0 0
30853 张梓涵 78.0 108.0 133.0 93.0 84.0 81.0 319.0 258.0 577.0
30854 郑聪 76.0 111.0 133.0 91.0 95.0 88.0 320.0 274.0 594.0
30855 郑岱锋 91.0 101.0 131.0 75.0 58.0 64.0 323.0 197.0 520.0
30856 郑楷融 81.0 84.0 134.0 74.0 66.0 44.0 299.0 184.0 483.0
30857 郑欣琳 69.0 104.0 127.0 83.0 84.0 67.0 300.0 234.0 534.0
30858 郑宇平 88.0 128.0 127.0 96.0 76.0 58.0 343.0 230.0 573.0
30859 周弋钿 107.0 127.0 140.0 95.0 94.0 89.0 374.0 278.0 652.0
30860 朱宇寅 98.0 111.0 126.0 73.0 78.0 70.0 335.0 221.0 556.0
30861 庄先正 78.0 89.0 108.0 65.0 81.0 80.0 275.0 226.0 501.0
30862 邹彤彤 82.0 114.0 128.0 82.0 81.0 73.0 324.0 236.0 560.0
30901 蔡仰涵 85.0 115.0 131.0 97.0 95.0 91.0 331.0 283.0 614.0
30902 陈玳翊 37.0 0 0 82.0 68.0 76.0 0 226.0 0
30903 陈方梓淳 85.0 111.0 128.0 79.0 78.0 59.0 324.0 216.0 540.0
30904 陈俊锴 92.0 117.0 134.0 90.0 74.0 69.0 343.0 233.0 576.0
30905 陈铿 88.0 104.0 123.0 92.0 90.0 72.0 315.0 254.0 569.0
30906 陈琳 90.0 127.0 121.0 88.0 72.0 66.0 338.0 226.0 564.0
30907 陈淼泓 78.0 117.0 131.0 93.0 66.0 61.0 326.0 220.0 546.0
30908 陈诺 85.0 135.0 128.0 96.0 89.0 80.0 348.0 265.0 613.0
30909 陈申 98.0 121.0 133.0 90.0 89.0 83.0 352.0 262.0 614.0
30910 陈曦芃 80.0 93.0 132.0 84.0 85.0 82.0 305.0 251.0 556.0
30911 陈逸挺 70.0 93.0 118.0 64.0 71.0 62.0 281.0 197.0 478.0
30912 陈钰媛 91.0 104.0 133.0 70.0 51.0 40.0 328.0 161.0 489.0
30913 陈裕 72.0 91.0 128.0 92.0 85.0 77.0 291.0 254.0 545.0
30914 陈钊燚 87.0 111.0 134.0 88.0 90.0 77.0 332.0 255.0 587.0
30915 丁琪瑄 87.0 119.0 138.0 91.0 83.0 75.0 344.0 249.0 593.0
30916 丁泽晟 76.0 130.0 122.0 98.0 99.0 76.0 328.0 273.0 601.0
30917 董信步 81.0 101.0 133.0 96.0 96.0 81.0 315.0 273.0 588.0
30918 郭婉祺 98.0 121.0 141.0 88.0 92.0 86.0 360.0 266.0 626.0
30919 郭潇凯 81.0 109.0 138.0 81.0 90.0 73.0 328.0 244.0 572.0
30920 洪愿足 86.0 127.0 136.0 97.0 87.0 90.0 349.0 274.0 623.0
30921 黄川 61.0 121.0 136.0 84.0 74.0 70.0 318.0 228.0 546.0
30923 黄晓彤 89.0 67.0 127.0 56.0 47.0 41.0 283.0 144.0 427.0
30924 黄泽钦 91.0 133.0 131.0 96.0 88.0 78.0 355.0 262.0 617.0
30925 黄梓媛 99.0 102.0 135.0 72.0 86.0 78.0 336.0 236.0 572.0
30926 蓝菁 93.0 105.0 138.0 79.0 85.0 80.0 336.0 244.0 580.0
30927 李金洺 78.0 97.0 124.0 67.0 65.0 58.0 299.0 190.0 489.0
30928 李乐浩 84.0 120.0 131.0 85.0 73.0 65.0 335.0 223.0 558.0
30929 李泽銮 80.0 103.0 136.0 81.0 90.0 96.0 319.0 267.0 586.0
30930 林翰 81.0 108.0 126.0 0 0 0 315.0 0 0
30931 林洁娜 98.0 119.0 133.0 96.0 62.0 59.0 350.0 217.0 567.0
30932 林锦燕 94.0 128.0 133.0 94.0 94.0 84.0 355.0 272.0 627.0
30933 林仕居 85.0 97.0 128.0 95.0 93.0 81.0 310.0 269.0 579.0
30934 林铄浩 86.0 85.0 127.0 90.0 94.0 81.0 298.0 265.0 563.0
30935 林晓琪 102.0 117.0 140.0 92.0 93.0 79.0 359.0 264.0 623.0
30936 林依洁 93.0 103.0 137.0 93.0 92.0 88.0 333.0 273.0 606.0
30937 刘泳钊 86.0 75.0 130.0 88.0 67.0 62.0 291.0 217.0 508.0
30938 罗泽鑫 97.0 117.0 126.0 96.0 92.0 88.0 340.0 276.0 616.0
30939 欧阳苇航 88.0 131.0 123.0 93.0 87.0 79.0 342.0 259.0 601.0
30940 潘沛 76.0 111.0 136.0 96.0 79.0 69.0 323.0 244.0 567.0
30941 邱子涵 101.0 130.0 135.0 100.0 92.0 73.0 366.0 265.0 631.0
30942 芮滢 92.0 134.0 137.0 92.0 93.0 75.0 363.0 260.0 623.0
30943 沈子钦 87.0 106.0 140.0 79.0 83.0 76.0 333.0 238.0 571.0
30944 王逸楠 81.0 121.0 135.0 86.0 76.0 64.0 337.0 226.0 563.0
30945 王梓宜 80.0 117.0 116.0 75.0 66.0 73.0 313.0 214.0 527.0
30946 吴佳锡 88.0 119.0 128.0 99.0 89.0 81.0 335.0 269.0 604.0
30947 吴奕艾 85.0 114.0 128.0 88.0 93.0 68.0 327.0 249.0 576.0
30948 吴逸慈 83.0 121.0 133.0 94.0 86.0 72.0 337.0 252.0 589.0
30949 徐仰男 66.0 0 0 0 0 0 0 0 0
30950 杨亦茜 80.0 126.0 138.0 89.0 93.0 90.0 344.0 272.0 616.0
30951 姚炜琳 79.0 85.0 113.0 87.0 76.0 66.0 277.0 229.0 506.0
30952 余烁 82.0 111.0 140.0 86.0 89.0 83.0 333.0 258.0 591.0
30953 袁一欣 87.0 95.0 134.0 73.0 91.0 63.0 316.0 227.0 543.0
30954 曾慧宾 76.0 111.0 130.0 92.0 86.0 67.0 317.0 245.0 562.0
30955 张涵 97.0 126.0 131.0 94.0 96.0 75.0 354.0 265.0 619.0
30956 张禾 92.0 122.0 131.0 83.0 89.0 64.0 345.0 236.0 581.0
30957 郑瑞锐 93.0 132.0 133.0 98.0 86.0 75.0 358.0 259.0 617.0
30958 郑闻铎 74.0 111.0 122.0 83.0 74.0 77.0 307.0 234.0 541.0
30959 郑勋 86.0 87.0 134.0 93.0 89.0 71.0 307.0 253.0 560.0
30960 郑哲 81.0 83.0 130.0 59.0 64.0 39.0 294.0 162.0 456.0
30961 朱海平 61.0 93.0 125.0 80.0 48.0 69.0 279.0 197.0 476.0
30962 庄瑞临 94.0 112.0 131.0 86.0 89.0 66.0 337.0 241.0 578.0
31001 蔡凡 82.0 108.0 135.0 79.0 88.0 79.0 325.0 246.0 571.0
31002 蔡若珂 88.0 111.0 135.0 79.0 83.0 89.0 334.0 251.0 585.0
31004 蔡周峰 92.0 108.0 128.0 95.0 80.0 66.0 328.0 241.0 569.0
31005 陈蓓蓓 90.0 119.0 124.0 94.0 66.0 76.0 333.0 236.0 569.0
31006 陈钧哲 81.0 130.0 136.0 90.0 94.0 71.0 347.0 255.0 602.0
31007 陈树煜 81.0 118.0 119.0 92.0 92.0 83.0 318.0 267.0 585.0
31008 陈泰霖 83.0 100.0 130.0 89.0 83.0 91.0 313.0 263.0 576.0
31009 陈童菲 85.0 126.0 128.0 97.0 91.0 89.0 339.0 277.0 616.0
31010 陈泽锋 81.0 84.0 117.0 81.0 98.0 77.0 282.0 256.0 538.0
31011 陈泽锐 87.0 108.0 124.0 89.0 92.0 72.0 319.0 253.0 572.0
31012 池逸和 93.0 136.0 140.0 93.0 91.0 85.0 369.0 269.0 638.0
31013 杜鑫 82.0 130.0 130.0 96.0 91.0 82.0 342.0 269.0 611.0
31014 范冬倪 88.0 121.0 126.0 91.0 95.0 75.0 335.0 261.0 596.0
31015 房瑜仪 86.0 136.0 135.0 86.0 89.0 84.0 357.0 259.0 616.0
31016 高帅博 73.0 85.0 131.0 89.0 86.0 89.0 289.0 264.0 553.0
31017 黄钿津 69.0 111.0 128.0 58.0 45.0 39.0 308.0 142.0 450.0
31018 黄兰馨 76.0 110.0 129.0 85.0 97.0 66.0 315.0 248.0 563.0
31019 黄立涵 74.0 122.0 133.0 94.0 86.0 76.0 329.0 256.0 585.0
31020 黄泽瀚 92.0 139.0 133.0 92.0 96.0 77.0 364.0 265.0 629.0
31021 纪南帆 85.0 108.0 120.0 80.0 89.0 66.0 313.0 235.0 548.0
31022 纪欣格 94.0 128.0 133.0 77.0 79.0 50.0 355.0 206.0 561.0
31023 金敏桦 100.0 112.0 135.0 94.0 96.0 92.0 347.0 282.0 629.0
31024 李嘉桦 77.0 114.0 130.0 75.0 88.0 76.0 321.0 239.0 560.0
31025 李芷佳 88.0 108.0 140.0 86.0 81.0 68.0 336.0 235.0 571.0
31026 林翠环 86.0 115.0 131.0 90.0 91.0 75.0 332.0 256.0 588.0
31027 林丹娜 71.0 116.0 129.0 89.0 97.0 82.0 316.0 268.0 584.0
31028 林婷婷 94.0 120.0 131.0 98.0 96.0 85.0 345.0 279.0 624.0
31029 林钰 99.0 98.0 140.0 90.0 94.0 74.0 337.0 258.0 595.0
31030 林展锋 78.0 123.0 127.0 91.0 85.0 82.0 328.0 258.0 586.0
31031 林子潼 81.0 122.0 132.0 95.0 91.0 86.0 335.0 272.0 607.0
31032 刘派佳 91.0 104.0 118.0 80.0 85.0 68.0 313.0 233.0 546.0
31033 陆天宇 88.0 95.0 125.0 90.0 79.0 77.0 308.0 246.0 554.0
31034 马殊 94.0 121.0 132.0 85.0 89.0 63.0 347.0 237.0 584.0
31035 邱驰 71.0 116.0 132.0 92.0 91.0 81.0 319.0 264.0 583.0
31036 邱煜群 89.0 127.0 127.0 90.0 87.0 78.0 343.0 255.0 598.0
31037 王昊东 85.0 128.0 112.0 84.0 72.0 68.0 325.0 224.0 549.0
31038 王新荣 105.0 129.0 134.0 93.0 90.0 96.0 368.0 279.0 647.0
31039 王岳 83.0 89.0 127.0 75.0 79.0 67.0 299.0 221.0 520.0
31040 王芸 87.0 118.0 116.0 69.0 90.0 82.0 321.0 241.0 562.0
31041 翁培锴 87.0 129.0 141.0 91.0 87.0 85.0 357.0 263.0 620.0
31042 吴铭洵 78.0 99.0 119.0 81.0 84.0 63.0 296.0 228.0 524.0
31043 吴楠 87.0 117.0 138.0 91.0 90.0 83.0 342.0 264.0 606.0
31044 吴新仪 89.0 125.0 127.0 83.0 95.0 81.0 341.0 259.0 600.0
31045 夏立嘉 88.0 127.0 139.0 90.0 89.0 85.0 354.0 264.0 618.0
31046 辛焜媛 83.0 115.0 133.0 92.0 91.0 77.0 331.0 260.0 591.0
31047 辛源锋 88.0 97.0 123.0 84.0 55.0 62.0 308.0 201.0 509.0
31048 许思琪 75.0 116.0 112.0 86.0 76.0 69.0 303.0 231.0 534.0
31049 羊雪琪 98.0 127.0 136.0 92.0 88.0 86.0 361.0 266.0 627.0
31050 杨基石 95.0 107.0 128.0 94.0 84.0 62.0 330.0 240.0 570.0
31051 杨璐羽 82.0 119.0 130.0 83.0 75.0 56.0 331.0 214.0 545.0
31052 曾炀铃 94.0 101.0 131.0 77.0 80.0 77.0 326.0 234.0 560.0
31053 曾钰辉 89.0 121.0 117.0 87.0 73.0 64.0 327.0 224.0 551.0
31054 张森烔 87.0 111.0 127.0 82.0 79.0 77.0 325.0 238.0 563.0
31055 赵博瑄 72.0 32.0 127.0 61.0 49.0 50.0 231.0 160.0 391.0
31056 郑乐镔 79.0 115.0 136.0 94.0 78.0 74.0 330.0 246.0 576.0
31057 郑若晗 91.0 105.0 136.0 90.0 90.0 79.0 332.0 259.0 591.0
31058 郑少铭 84.0 115.0 133.0 94.0 87.0 80.0 332.0 261.0 593.0
31059 郑伟纯 96.0 131.0 134.0 92.0 94.0 87.0 361.0 273.0 634.0
31060 周宇程 70.0 97.0 131.0 80.0 73.0 62.0 298.0 215.0 513.0
31061 周之祺 81.0 125.0 126.0 96.0 79.0 80.0 332.0 255.0 587.0
31062 庄杰涛 99.0 117.0 135.0 94.0 94.0 91.0 351.0 279.0 630.0
31101 蔡滨 90.0 126.0 142.0 95.0 94.0 91.0 358.0 280.0 638.0
31102 曹耿槟 76.0 106.0 122.0 95.0 78.0 57.0 304.0 230.0 534.0
31103 陈浩钦 80.0 123.0 137.0 92.0 97.0 91.0 340.0 280.0 620.0
31104 陈洪昱 82.0 126.0 126.0 97.0 93.0 81.0 334.0 271.0 605.0
31105 陈令烨 78.0 115.0 140.0 71.0 77.0 79.0 333.0 227.0 560.0
31106 陈斯昂 74.0 129.0 140.0 86.0 95.0 93.0 343.0 274.0 617.0
31107 陈逸南 77.0 122.0 136.0 99.0 97.0 86.0 335.0 282.0 617.0
31108 陈逸天 65.0 123.0 131.0 97.0 89.0 65.0 319.0 251.0 570.0
31109 陈詠萩 87.0 120.0 140.0 81.0 93.0 88.0 347.0 262.0 609.0
31110 代桂敏 88.0 82.0 118.0 92.0 85.0 81.0 288.0 258.0 546.0
31111 方江鑫 94.0 120.0 128.0 98.0 93.0 84.0 342.0 275.0 617.0
31112 方武智 62.0 99.0 120.0 67.0 71.0 47.0 281.0 185.0 466.0
31113 高亦婷 78.0 125.0 139.0 93.0 69.0 69.0 342.0 231.0 573.0
31114 郭林凯 88.0 74.0 125.0 86.0 87.0 69.0 287.0 242.0 529.0
31115 黄航 99.0 120.0 134.0 94.0 93.0 93.0 353.0 280.0 633.0
31116 黄腾 92.0 111.0 127.0 75.0 93.0 71.0 330.0 239.0 569.0
31117 黄钰涵 97.0 111.0 122.0 80.0 85.0 65.0 330.0 230.0 560.0
31118 黄仲铖 76.0 109.0 122.0 97.0 77.0 68.0 307.0 242.0 549.0
31119 蓝欣悦 87.0 95.0 130.0 80.0 78.0 66.0 312.0 224.0 536.0
31120 李琳纯 99.0 109.0 131.0 91.0 66.0 58.0 339.0 215.0 554.0
31121 李世濠 81.0 103.0 133.0 91.0 84.0 83.0 317.0 258.0 575.0
31122 李晓琳 91.0 125.0 128.0 90.0 91.0 79.0 344.0 260.0 604.0
31123 李旭纯 90.0 111.0 143.0 86.0 91.0 90.0 344.0 267.0 611.0
31124 林德明 75.0 133.0 129.0 97.0 76.0 84.0 337.0 257.0 594.0
31125 林介山 80.0 120.0 125.0 98.0 94.0 83.0 325.0 275.0 600.0
31126 林琳 85.0 112.0 124.0 83.0 81.0 65.0 321.0 229.0 550.0
31127 林南裕 87.0 121.0 141.0 91.0 88.0 79.0 349.0 258.0 607.0
31128 林烁 82.0 130.0 121.0 79.0 65.0 62.0 333.0 206.0 539.0
31129 林媛 86.0 100.0 121.0 93.0 84.0 75.0 307.0 252.0 559.0
31130 林泽豪 74.0 116.0 129.0 92.0 93.0 80.0 319.0 265.0 584.0
31131 林曾越 82.0 115.0 128.0 82.0 89.0 86.0 325.0 257.0 582.0
31132 卢楠 89.0 99.0 128.0 57.0 67.0 53.0 316.0 177.0 493.0
31133 罗世跃 63.0 80.0 136.0 86.0 68.0 64.0 279.0 218.0 497.0
31134 佘晓洁 87.0 81.0 136.0 87.0 76.0 66.0 304.0 229.0 533.0
31135 宋畅 85.0 115.0 128.0 99.0 89.0 76.0 328.0 264.0 592.0
31136 苏梓禄 75.0 65.0 108.0 48.0 38.0 42.0 248.0 128.0 376.0
31137 孙可欣 88.0 135.0 133.0 88.0 90.0 89.0 356.0 267.0 623.0
31138 王冬梅 92.0 127.0 139.0 87.0 94.0 95.0 358.0 276.0 634.0
31139 王睿琪 87.0 108.0 134.0 95.0 93.0 79.0 329.0 267.0 596.0
31140 王松波 69.0 113.0 125.0 96.0 93.0 81.0 307.0 270.0 577.0
31141 王宇涵 82.0 111.0 141.0 93.0 99.0 92.0 334.0 284.0 618.0
31142 翁锐鹏 82.0 96.0 112.0 64.0 70.0 56.0 290.0 190.0 480.0
31144 吴吉莉 84.0 113.0 134.0 85.0 90.0 88.0 331.0 263.0 594.0
31145 吴锦涛 73.0 91.0 121.0 68.0 79.0 42.0 285.0 189.0 474.0
31146 吴泽钟 87.0 108.0 124.0 86.0 86.0 75.0 319.0 247.0 566.0
31147 肖涵 79.0 117.0 138.0 79.0 77.0 62.0 334.0 218.0 552.0
31148 肖芷雅 76.0 104.0 142.0 95.0 75.0 85.0 322.0 255.0 577.0
31149 谢冬纯 77.0 117.0 142.0 84.0 99.0 83.0 336.0 266.0 602.0
31150 谢晴 86.0 112.0 125.0 87.0 90.0 82.0 323.0 259.0 582.0
31151 徐子东 102.0 126.0 130.0 95.0 98.0 83.0 358.0 276.0 634.0
31152 杨薇 78.0 137.0 134.0 96.0 95.0 86.0 349.0 277.0 626.0
31153 杨艺霞 89.0 118.0 139.0 89.0 95.0 88.0 346.0 272.0 618.0
31154 姚曙凯 83.0 119.0 122.0 88.0 87.0 68.0 324.0 243.0 567.0
31155 曾扬航 72.0 96.0 126.0 80.0 74.0 81.0 294.0 235.0 529.0
31156 张新阳 79.0 122.0 135.0 97.0 94.0 83.0 336.0 274.0 610.0
31157 郑长河 71.0 78.0 133.0 92.0 84.0 72.0 282.0 248.0 530.0
31158 郑力中 77.0 120.0 132.0 96.0 95.0 91.0 329.0 282.0 611.0
31159 郑润华 91.0 110.0 130.0 94.0 94.0 81.0 331.0 269.0 600.0
31160 郑逸锋 78.0 135.0 127.0 94.0 87.0 90.0 340.0 271.0 611.0
31161 周锦煜 87.0 102.0 124.0 81.0 86.0 57.0 313.0 224.0 537.0
31201 陈健颖 82.0 128.0 136.0 92.0 98.0 92.0 346.0 282.0 628.0
31202 陈楠弘 74.0 0 133.0 0 76.0 71.0 0 0 0
31203 陈祈丹 59.0 79.0 122.0 67.0 48.0 48.0 260.0 163.0 423.0
31204 陈舒颖 87.0 134.0 132.0 94.0 91.0 92.0 353.0 277.0 630.0
31205 陈晓婷 79.0 91.0 135.0 77.0 78.0 75.0 305.0 230.0 535.0
31206 陈雅昕 92.0 133.0 137.0 91.0 92.0 92.0 362.0 275.0 637.0
31207 陈逸泓 85.0 104.0 132.0 83.0 78.0 68.0 321.0 229.0 550.0
31208 陈裕渊 92.0 141.0 140.0 92.0 95.0 87.0 373.0 274.0 647.0
31209 程梓 86.0 87.0 121.0 78.0 75.0 50.0 294.0 203.0 497.0
31210 池霖锋 94.0 125.0 121.0 93.0 93.0 75.0 340.0 261.0 601.0
31211 高丹敏 81.0 129.0 135.0 96.0 91.0 80.0 345.0 267.0 612.0
31213 洪泳琪 93.0 130.0 137.0 87.0 88.0 71.0 360.0 246.0 606.0
31214 黄骏涵 74.0 126.0 121.0 86.0 80.0 67.0 321.0 233.0 554.0
31215 黄丽楠 85.0 116.0 129.0 89.0 85.0 58.0 330.0 232.0 562.0
31216 黄绵煌 75.0 107.0 139.0 93.0 91.0 78.0 321.0 262.0 583.0
31217 黄曦宇 85.0 92.0 122.0 80.0 92.0 61.0 299.0 233.0 532.0
31218 李洁淳 92.0 86.0 125.0 84.0 73.0 61.0 303.0 218.0 521.0
31220 李育纯 96.0 113.0 138.0 88.0 87.0 67.0 347.0 242.0 589.0
31221 李云山 80.0 121.0 131.0 81.0 93.0 79.0 332.0 253.0 585.0
31222 林翰韬 87.0 111.0 137.0 80.0 82.0 74.0 335.0 236.0 571.0
31223 林靖 91.0 138.0 145.0 98.0 95.0 82.0 374.0 275.0 649.0
31224 林敏英 102.0 106.0 128.0 97.0 90.0 87.0 336.0 274.0 610.0
31225 林汪灏 95.0 90.0 130.0 80.0 78.0 73.0 315.0 231.0 546.0
31226 林晓仰 101.0 113.0 131.0 96.0 86.0 82.0 345.0 264.0 609.0
31227 刘陈婷 86.0 131.0 140.0 90.0 93.0 89.0 357.0 272.0 629.0
31228 刘淇文 73.0 103.0 130.0 85.0 85.0 67.0 306.0 237.0 543.0
31229 刘逸璋 84.0 123.0 134.0 77.0 82.0 75.0 341.0 234.0 575.0
31230 罗立扬 85.0 129.0 133.0 92.0 85.0 81.0 347.0 258.0 605.0
31231 马尚霖 90.0 103.0 136.0 75.0 82.0 63.0 329.0 220.0 549.0
31232 沈楠 83.0 98.0 131.0 92.0 82.0 80.0 312.0 254.0 566.0
31233 孙奇 95.0 135.0 138.0 99.0 88.0 96.0 368.0 283.0 651.0
31234 孙泽鑫 65.0 91.0 116.0 80.0 73.0 53.0 272.0 206.0 478.0
31235 王锴 87.0 119.0 128.0 93.0 97.0 94.0 334.0 284.0 618.0
31236 王婉仪 76.0 77.0 131.0 83.0 83.0 48.0 284.0 214.0 498.0
31237 王炜 70.0 115.0 138.0 99.0 88.0 87.0 323.0 274.0 597.0
31238 王志鹏 87.0 116.0 138.0 93.0 80.0 68.0 341.0 241.0 582.0
31239 王梓菁 62.0 112.0 133.0 85.0 92.0 87.0 307.0 264.0 571.0
31240 翁子腾 74.0 116.0 126.0 80.0 84.0 65.0 316.0 229.0 545.0
31241 吴宏振 83.0 103.0 130.0 76.0 76.0 55.0 316.0 207.0 523.0
31242 吴捷健 94.0 136.0 143.0 99.0 98.0 95.0 373.0 292.0 665.0
31243 吴晓杰 82.0 134.0 139.0 93.0 92.0 87.0 355.0 272.0 627.0
31244 肖扬秀 90.0 121.0 142.0 95.0 92.0 74.0 353.0 261.0 614.0
31245 谢艾津 87.0 111.0 135.0 95.0 80.0 66.0 333.0 241.0 574.0
31246 谢泽杰 102.0 115.0 129.0 91.0 87.0 86.0 346.0 264.0 610.0
31247 许涵英 73.0 120.0 136.0 97.0 88.0 70.0 329.0 255.0 584.0
31248 许佳森 76.0 102.0 87.0 87.0 51.0 62.0 265.0 200.0 465.0
31249 许桐辉 84.0 83.0 131.0 63.0 88.0 58.0 298.0 209.0 507.0
31250 杨时骅 92.0 93.0 134.0 56.0 72.0 55.0 319.0 183.0 502.0
31251 杨时颖 71.0 129.0 120.0 90.0 88.0 77.0 320.0 255.0 575.0
31252 余洢彤 88.0 100.0 132.0 72.0 72.0 64.0 320.0 208.0 528.0
31253 曾婵娟 103.0 119.0 142.0 99.0 93.0 89.0 364.0 281.0 645.0
31254 张漫卿 81.0 108.0 124.0 91.0 67.0 72.0 313.0 230.0 543.0
31255 张睿莹 103.0 109.0 131.0 88.0 88.0 85.0 343.0 261.0 604.0
31256 张艺涵 87.0 124.0 130.0 98.0 86.0 87.0 341.0 271.0 612.0
31257 郑思思 78.0 107.0 112.0 79.0 75.0 70.0 297.0 224.0 521.0
31258 郑希彦 73.0 95.0 117.0 81.0 79.0 73.0 285.0 233.0 518.0
31259 郑以豪 82.0 99.0 118.0 91.0 90.0 89.0 299.0 270.0 569.0
31260 周名弦 99.0 138.0 139.0 100.0 99.0 88.0 376.0 287.0 663.0
31261 朱源腾 79.0 117.0 135.0 92.0 81.0 76.0 331.0 249.0 580.0
31262 朱越 82.0 124.0 137.0 99.0 90.0 88.0 343.0 277.0 620.0
31301 蔡祎晖 80.0 117.0 126.0 89.0 94.0 70.0 323.0 253.0 576.0
31302 蔡永杰 73.0 84.0 128.0 82.0 89.0 73.0 285.0 244.0 529.0
31303 蔡泽莎 82.0 104.0 136.0 81.0 98.0 90.0 322.0 269.0 591.0
31304 蔡芝恬 82.0 91.0 136.0 85.0 94.0 86.0 309.0 265.0 574.0
31305 陈璐 73.0 108.0 138.0 90.0 93.0 84.0 319.0 267.0 586.0
31306 陈冉 81.0 112.0 132.0 95.0 90.0 84.0 325.0 269.0 594.0
31307 陈文博 88.0 131.0 126.0 99.0 94.0 87.0 345.0 280.0 625.0
31308 陈宇铭 85.0 101.0 139.0 94.0 99.0 84.0 325.0 277.0 602.0
31309 陈岳彬 88.0 102.0 126.0 90.0 91.0 73.0 316.0 254.0 570.0
31310 郭剑豪 85.0 107.0 135.0 90.0 93.0 83.0 327.0 266.0 593.0
31311 黄凯丽 96.0 103.0 136.0 95.0 77.0 66.0 335.0 238.0 573.0
31312 黄宇阳 70.0 131.0 144.0 94.0 92.0 98.0 345.0 284.0 629.0
31313 黄桢栩 70.0 105.0 131.0 82.0 83.0 80.0 306.0 245.0 551.0
31314 黄柱铭 73.0 107.0 126.0 82.0 82.0 79.0 306.0 243.0 549.0
31315 赖浩锋 88.0 123.0 137.0 96.0 89.0 79.0 348.0 264.0 612.0
31316 李斯涵 65.0 94.0 123.0 90.0 85.0 61.0 282.0 236.0 518.0
31317 林耿烨 78.0 111.0 141.0 85.0 84.0 88.0 330.0 257.0 587.0
31318 林炜钿 84.0 102.0 121.0 61.0 79.0 64.0 307.0 204.0 511.0
31319 林业渺 71.0 116.0 130.0 81.0 91.0 85.0 317.0 257.0 574.0
31320 林子棉 90.0 132.0 121.0 94.0 88.0 91.0 343.0 273.0 616.0
31321 刘佳彤 78.0 117.0 134.0 89.0 81.0 90.0 329.0 260.0 589.0
31322 刘珊 87.0 114.0 141.0 90.0 81.0 87.0 342.0 258.0 600.0
31323 陆齐 69.0 98.0 141.0 83.0 84.0 68.0 308.0 235.0 543.0
31324 马丹泓 71.0 78.0 126.0 61.0 80.0 74.0 275.0 215.0 490.0
31325 马伟根 76.0 126.0 124.0 92.0 94.0 77.0 326.0 263.0 589.0
31326 欧斐斐 92.0 116.0 143.0 87.0 93.0 92.0 351.0 272.0 623.0
31327 宋伊钿 77.0 93.0 133.0 65.0 90.0 66.0 303.0 221.0 524.0
31328 苏昉 96.0 86.0 133.0 91.0 81.0 78.0 315.0 250.0 565.0
31329 孙佳笙 87.0 126.0 136.0 91.0 94.0 68.0 349.0 253.0 602.0
31330 孙隽源 79.0 108.0 134.0 89.0 93.0 85.0 321.0 267.0 588.0
31331 吴国炀 73.0 104.0 127.0 80.0 80.0 83.0 304.0 243.0 547.0
31332 吴铭泓 84.0 110.0 134.0 91.0 91.0 81.0 328.0 263.0 591.0
31333 吴任诚 88.0 50.0 119.0 78.0 65.0 53.0 257.0 196.0 453.0
31334 吴之林 89.0 113.0 135.0 96.0 94.0 88.0 337.0 278.0 615.0
31335 肖林昕 78.0 40.0 137.0 58.0 70.0 63.0 255.0 191.0 446.0
31336 谢键焕 79.0 132.0 131.0 98.0 92.0 84.0 342.0 274.0 616.0
31337 谢向川 66.0 96.0 107.0 59.0 65.0 48.0 269.0 172.0 441.0
31338 徐略 76.0 105.0 123.0 68.0 84.0 49.0 304.0 201.0 505.0
31339 徐紫丹 80.0 111.0 133.0 85.0 92.0 63.0 324.0 240.0 564.0
31340 许锦涛 77.0 116.0 127.0 94.0 98.0 88.0 320.0 280.0 600.0
31341 许稚芝 94.0 115.0 125.0 95.0 80.0 76.0 334.0 251.0 585.0
31342 许宗蕾 71.0 83.0 120.0 76.0 80.0 56.0 274.0 212.0 486.0
31343 颜舒洁 87.0 111.0 133.0 85.0 77.0 58.0 331.0 220.0 551.0
31344 羊恩跃 77.0 123.0 116.0 92.0 84.0 84.0 316.0 260.0 576.0
31345 杨璐洁 89.0 131.0 139.0 86.0 93.0 83.0 359.0 262.0 621.0
31346 杨宓 82.0 121.0 134.0 94.0 88.0 87.0 337.0 269.0 606.0
31347 杨晓虹 89.0 120.0 132.0 91.0 87.0 83.0 341.0 261.0 602.0
31348 姚佳宜 87.0 108.0 126.0 95.0 92.0 80.0 321.0 267.0 588.0
31349 姚星宇 89.0 96.0 126.0 82.0 80.0 52.0 311.0 214.0 525.0
31350 姚映苗 84.0 112.0 138.0 97.0 94.0 80.0 334.0 271.0 605.0
31351 余嘉梓 73.0 109.0 134.0 89.0 79.0 72.0 316.0 240.0 556.0
31352 曾博宇 81.0 128.0 145.0 92.0 98.0 90.0 354.0 280.0 634.0
31354 曾坚锐 83.0 115.0 131.0 87.0 83.0 77.0 329.0 247.0 576.0
31355 曾妍 76.0 109.0 125.0 84.0 92.0 74.0 310.0 250.0 560.0
31356 詹海鹏 69.0 145.0 134.0 95.0 90.0 86.0 348.0 271.0 619.0
31357 詹絮素 78.0 114.0 132.0 67.0 70.0 66.0 324.0 203.0 527.0
31358 张泽恩 65.0 106.0 115.0 79.0 76.0 74.0 286.0 229.0 515.0
31359 章智秋 83.0 125.0 120.0 98.0 92.0 90.0 328.0 280.0 608.0
31360 郑少锐 66.0 86.0 127.0 87.0 77.0 66.0 279.0 230.0 509.0
31361 郑泽明 87.0 127.0 135.0 95.0 90.0 85.0 349.0 270.0 619.0
31362 庄鸿鑫 84.0 118.0 141.0 99.0 91.0 83.0 343.0 273.0 616.0
31401 陈岱芃 105.0 128.0 143.0 96.0 78.0 82.0 376.0 256.0 632.0
31402 陈端华 84.0 98.0 131.0 90.0 80.0 78.0 313.0 248.0 561.0
31403 陈挥遒 80.0 99.0 130.0 80.0 80.0 71.0 309.0 231.0 540.0
31404 陈建诚 99.0 129.0 142.0 87.0 95.0 83.0 370.0 265.0 635.0
31405 陈沛峰 85.0 96.0 112.0 89.0 80.0 57.0 293.0 226.0 519.0
31406 陈芃 98.0 121.0 139.0 97.0 77.0 77.0 358.0 251.0 609.0
31407 陈铄霓 89.0 113.0 130.0 87.0 84.0 70.0 332.0 241.0 573.0
31408 陈奕希 70.0 117.0 124.0 76.0 65.0 74.0 311.0 215.0 526.0
31409 陈泽伟 93.0 130.0 133.0 96.0 92.0 76.0 356.0 264.0 620.0
31410 陈喆慧 80.0 85.0 120.0 89.0 88.0 83.0 285.0 260.0 545.0
31411 陈至渲 104.0 113.0 137.0 92.0 95.0 88.0 354.0 275.0 629.0
31412 陈佐治 77.0 137.0 134.0 87.0 90.0 85.0 348.0 262.0 610.0
31413 邓昱聪 72.0 102.0 129.0 84.0 70.0 58.0 303.0 212.0 515.0
31414 邓泽淳 88.0 98.0 125.0 91.0 85.0 77.0 311.0 253.0 564.0
31415 冯嘉俊 88.0 95.0 124.0 88.0 90.0 88.0 307.0 266.0 573.0
31416 龚泽颖 95.0 113.0 131.0 94.0 94.0 86.0 339.0 274.0 613.0
31417 郭冰桦 99.0 119.0 138.0 92.0 90.0 90.0 356.0 272.0 628.0
31418 黄恩童 93.0 109.0 134.0 96.0 87.0 81.0 336.0 264.0 600.0
31419 黄桂凤 71.0 119.0 120.0 85.0 81.0 78.0 310.0 244.0 554.0
31420 江锦虹 90.0 105.0 129.0 97.0 96.0 85.0 324.0 278.0 602.0
31421 李佳晟 107.0 90.0 131.0 94.0 89.0 88.0 328.0 271.0 599.0
31422 李楠 84.0 97.0 134.0 90.0 90.0 95.0 315.0 275.0 590.0
31423 李舒婷 71.0 125.0 138.0 82.0 97.0 91.0 334.0 270.0 604.0
31424 李易熹 82.0 118.0 142.0 100.0 97.0 90.0 342.0 287.0 629.0
31425 林泓 84.0 105.0 128.0 96.0 85.0 73.0 317.0 254.0 571.0
31426 林可依 94.0 136.0 126.0 92.0 77.0 60.0 356.0 229.0 585.0
31427 林珮汝 86.0 119.0 132.0 82.0 92.0 71.0 337.0 245.0 582.0
31428 林心玥 85.0 98.0 125.0 79.0 75.0 65.0 308.0 219.0 527.0
31429 刘硕霓 92.0 118.0 134.0 97.0 98.0 88.0 344.0 283.0 627.0
31430 刘易恺 86.0 137.0 119.0 98.0 82.0 88.0 342.0 268.0 610.0
31431 卢琳绵 100.0 113.0 128.0 92.0 91.0 83.0 341.0 266.0 607.0
31432 吕远东 84.0 114.0 127.0 97.0 87.0 83.0 325.0 267.0 592.0
31433 马旭民 86.0 119.0 128.0 98.0 86.0 77.0 333.0 261.0 594.0
31434 麦泽涵 107.0 126.0 127.0 89.0 89.0 84.0 360.0 262.0 622.0
31435 邱鸿鑫 78.0 117.0 128.0 95.0 80.0 82.0 323.0 257.0 580.0
31436 邱诗钿 74.0 82.0 128.0 85.0 84.0 70.0 284.0 239.0 523.0
31437 邱梓妍 82.0 108.0 134.0 99.0 83.0 91.0 324.0 273.0 597.0
31438 谭妍真 89.0 99.0 135.0 87.0 69.0 79.0 323.0 235.0 558.0
31439 王毓佳 73.0 114.0 125.0 82.0 94.0 76.0 312.0 252.0 564.0
31440 吴昊 76.0 70.0 137.0 84.0 88.0 68.0 283.0 240.0 523.0
31441 吴浩瀚 84.0 125.0 123.0 88.0 81.0 81.0 332.0 250.0 582.0
31442 吴彤君 85.0 105.0 139.0 84.0 89.0 77.0 329.0 250.0 579.0
31443 肖培亮 83.0 127.0 137.0 89.0 93.0 91.0 347.0 273.0 620.0
31444 谢碧瑶 80.0 107.0 124.0 92.0 90.0 86.0 311.0 268.0 579.0
31445 辛杨淳 95.0 117.0 141.0 96.0 83.0 88.0 353.0 267.0 620.0
31446 徐国玮 74.0 101.0 132.0 92.0 83.0 78.0 307.0 253.0 560.0
31447 徐铤 98.0 133.0 130.0 92.0 94.0 87.0 361.0 273.0 634.0
31448 许凯涵 85.0 116.0 134.0 70.0 84.0 84.0 335.0 238.0 573.0
31449 许正纲 74.0 118.0 108.0 91.0 82.0 70.0 300.0 243.0 543.0
31450 杨琳 87.0 114.0 123.0 78.0 82.0 73.0 324.0 233.0 557.0
31451 杨泽仪 93.0 122.0 140.0 81.0 89.0 84.0 355.0 254.0 609.0
31452 姚广濠 76.0 117.0 135.0 92.0 93.0 89.0 328.0 274.0 602.0
31453 叶济东 93.0 77.0 132.0 83.0 75.0 69.0 302.0 227.0 529.0
31454 叶洋 81.0 99.0 121.0 96.0 77.0 73.0 301.0 246.0 547.0
31455 余旭玮 77.0 114.0 138.0 80.0 82.0 50.0 329.0 212.0 541.0
31456 曾思沛 78.0 105.0 120.0 97.0 77.0 74.0 303.0 248.0 551.0
31457 张睿博 80.0 127.0 130.0 91.0 78.0 68.0 337.0 237.0 574.0
31458 章炫锐 89.0 106.0 130.0 92.0 90.0 94.0 325.0 276.0 601.0
31459 章梓烨 80.0 102.0 136.0 79.0 66.0 69.0 318.0 214.0 532.0
31460 郑康 77.0 109.0 122.0 90.0 87.0 79.0 308.0 256.0 564.0
31461 郑宇婷 87.0 115.0 132.0 84.0 74.0 77.0 334.0 235.0 569.0
31462 庄泽达 70.0 57.0 121.0 56.0 34.0 30.0 248.0 120.0 368.0
31501 蔡嘉煜 70.0 107.0 116.0 85.0 71.0 60.0 293.0 216.0 509.0
31502 陈力 75.0 107.0 126.0 75.0 85.0 66.0 308.0 226.0 534.0
31503 陈梦琪 88.0 122.0 140.0 95.0 94.0 93.0 350.0 282.0 632.0
31504 陈培铭 78.0 115.0 129.0 89.0 95.0 86.0 322.0 270.0 592.0
31505 陈佩恋 95.0 107.0 127.0 92.0 92.0 78.0 329.0 262.0 591.0
31506 陈斯哲 88.0 110.0 132.0 91.0 65.0 73.0 330.0 229.0 559.0
31507 陈文浩 86.0 128.0 128.0 92.0 92.0 86.0 342.0 270.0 612.0
31508 陈漪皓 65.0 70.0 121.0 51.0 0 0 256.0 0 0
31509 陈溢煌 78.0 115.0 129.0 89.0 91.0 78.0 322.0 258.0 580.0
31510 陈梓轩 87.0 85.0 126.0 63.0 71.0 53.0 298.0 187.0 485.0
31511 程晓婷 91.0 120.0 139.0 99.0 91.0 95.0 350.0 285.0 635.0
31512 杜浜弘 72.0 94.0 118.0 71.0 66.0 32.0 284.0 169.0 453.0
31513 杜佳锴 73.0 135.0 131.0 96.0 94.0 74.0 339.0 264.0 603.0
31514 方宇驰 67.0 109.0 122.0 87.0 69.0 66.0 298.0 222.0 520.0
31515 高越 99.0 125.0 142.0 88.0 0 0 366.0 0 0
31516 洪戈 82.0 119.0 120.0 91.0 87.0 86.0 321.0 264.0 585.0
31517 黄向鸿 98.0 137.0 142.0 97.0 89.0 91.0 377.0 277.0 654.0
31518 黄泽山 73.0 0 105.0 0 0 0 0 0 0
31519 黄梓彤 90.0 111.0 134.0 87.0 77.0 87.0 335.0 251.0 586.0
31520 柯金宏 87.0 134.0 138.0 93.0 90.0 72.0 359.0 255.0 614.0
31521 赖炜豪 86.0 108.0 133.0 79.0 90.0 83.0 327.0 252.0 579.0
31522 李涵 80.0 113.0 128.0 87.0 85.0 77.0 321.0 249.0 570.0
31523 李沐峻 81.0 104.0 131.0 92.0 78.0 78.0 316.0 248.0 564.0
31524 李润熹 83.0 120.0 121.0 96.0 80.0 74.0 324.0 250.0 574.0
31525 李舒婷 107.0 124.0 142.0 90.0 90.0 77.0 373.0 257.0 630.0
31526 李梓煌 89.0 82.0 123.0 85.0 81.0 82.0 294.0 248.0 542.0
31527 林钗 82.0 106.0 131.0 92.0 87.0 95.0 319.0 274.0 593.0
31528 林若欣 94.0 97.0 134.0 87.0 95.0 87.0 325.0 269.0 594.0
31529 林爽 92.0 117.0 132.0 88.0 89.0 86.0 341.0 263.0 604.0
31530 刘粉婷 77.0 125.0 134.0 95.0 94.0 81.0 336.0 270.0 606.0
31531 刘烨桦 89.0 104.0 132.0 84.0 68.0 75.0 325.0 227.0 552.0
31532 彭瀚锟 79.0 110.0 120.0 90.0 91.0 83.0 309.0 264.0 573.0
31533 邱霜晓 83.0 115.0 134.0 82.0 77.0 67.0 332.0 226.0 558.0
31534 沈晓琦 85.0 123.0 133.0 89.0 85.0 71.0 341.0 245.0 586.0
31535 王曙丹 90.0 107.0 133.0 87.0 85.0 62.0 330.0 234.0 564.0
31536 王泽翔 85.0 104.0 115.0 87.0 79.0 87.0 304.0 253.0 557.0
31537 翁梓洪 71.0 81.0 120.0 57.0 53.0 62.0 272.0 172.0 444.0
31538 吴林瀚 78.0 113.0 118.0 82.0 87.0 87.0 309.0 256.0 565.0
31539 夏梓斌 89.0 80.0 117.0 85.0 65.0 48.0 286.0 198.0 484.0
31540 谢梦霞 87.0 105.0 137.0 73.0 89.0 78.0 329.0 240.0 569.0
31541 谢泳凯 88.0 145.0 129.0 98.0 96.0 95.0 362.0 289.0 651.0
31542 谢植煌 77.0 106.0 119.0 77.0 83.0 77.0 302.0 237.0 539.0
31543 徐国瑞 94.0 122.0 133.0 85.0 85.0 72.0 349.0 242.0 591.0
31544 许欢 80.0 84.0 135.0 81.0 83.0 72.0 299.0 236.0 535.0
31545 许越 74.0 108.0 129.0 90.0 83.0 69.0 311.0 242.0 553.0
31546 杨小嬉 87.0 110.0 123.0 75.0 96.0 84.0 320.0 255.0 575.0
31547 杨铮楷 94.0 121.0 135.0 97.0 67.0 87.0 350.0 251.0 601.0
31548 姚喆仪 82.0 100.0 132.0 83.0 72.0 81.0 314.0 236.0 550.0
31549 袁若瑶 94.0 134.0 134.0 96.0 96.0 86.0 362.0 278.0 640.0
31550 曾少擎 78.0 118.0 135.0 77.0 79.0 75.0 331.0 231.0 562.0
31551 曾欣哲 85.0 128.0 125.0 91.0 88.0 83.0 338.0 262.0 600.0
31552 张志鹏 88.0 136.0 132.0 96.0 94.0 92.0 356.0 282.0 638.0
31553 赵晓冰 85.0 110.0 128.0 90.0 80.0 75.0 323.0 245.0 568.0
31554 郑帆 98.0 120.0 134.0 89.0 94.0 80.0 352.0 263.0 615.0
31555 郑杰 84.0 119.0 137.0 91.0 98.0 90.0 340.0 279.0 619.0
31556 郑婕 81.0 134.0 127.0 86.0 88.0 84.0 342.0 258.0 600.0
31557 郑钧璟 86.0 100.0 136.0 97.0 86.0 73.0 322.0 256.0 578.0
31558 郑丽璇 86.0 122.0 136.0 86.0 81.0 79.0 344.0 246.0 590.0
31559 郑婷芝 86.0 99.0 132.0 80.0 88.0 80.0 317.0 248.0 565.0
31560 郑鑫海 75.0 101.0 136.0 97.0 90.0 78.0 312.0 265.0 577.0
31561 周健驰 72.0 116.0 127.0 91.0 85.0 74.0 315.0 250.0 565.0
31562 邹丹纯 94.0 98.0 135.0 83.0 84.0 78.0 327.0 245.0 572.0
31601 蔡慈瀚 87.0 129.0 135.0 90.0 77.0 79.0 351.0 246.0 597.0
31602 蔡君悦 93.0 107.0 133.0 72.0 84.0 72.0 333.0 228.0 561.0
31603 陈东晗 85.0 132.0 143.0 67.0 81.0 82.0 360.0 230.0 590.0
31604 陈佳伶 92.0 109.0 129.0 83.0 80.0 82.0 330.0 245.0 575.0
31605 陈佳盈 91.0 122.0 130.0 81.0 98.0 76.0 343.0 255.0 598.0
31606 陈力 89.0 113.0 139.0 85.0 93.0 78.0 341.0 256.0 597.0
31607 陈敏儿 77.0 122.0 134.0 91.0 93.0 90.0 333.0 274.0 607.0
31608 陈派捷 83.0 113.0 128.0 89.0 70.0 65.0 324.0 224.0 548.0
31609 陈日 91.0 104.0 131.0 90.0 90.0 72.0 326.0 252.0 578.0
31610 陈逸镕 92.0 116.0 142.0 74.0 92.0 79.0 350.0 245.0 595.0
31611 陈莹 81.0 115.0 139.0 82.0 77.0 55.0 335.0 214.0 549.0
31612 陈滢 92.0 90.0 144.0 87.0 80.0 83.0 326.0 250.0 576.0
31613 陈梓鑫 97.0 94.0 137.0 92.0 87.0 74.0 328.0 253.0 581.0
31614 方浩锴 80.0 107.0 139.0 95.0 89.0 51.0 326.0 235.0 561.0
31615 黄谷 83.0 118.0 128.0 94.0 86.0 84.0 329.0 264.0 593.0
31616 黄浩扬 91.0 115.0 136.0 89.0 87.0 80.0 342.0 256.0 598.0
31617 黄锐敏 90.0 123.0 137.0 93.0 91.0 78.0 350.0 262.0 612.0
31618 黄少邑 86.0 102.0 126.0 84.0 94.0 70.0 314.0 248.0 562.0
31619 黄舒乐 83.0 65.0 134.0 74.0 66.0 67.0 282.0 207.0 489.0
31620 江佳仪 93.0 112.0 141.0 98.0 79.0 87.0 346.0 264.0 610.0
31621 李嘉鑫 80.0 116.0 129.0 88.0 85.0 67.0 325.0 240.0 565.0
31622 李琳丹 94.0 131.0 138.0 89.0 89.0 75.0 363.0 253.0 616.0
31623 李暄婷 83.0 116.0 129.0 72.0 85.0 55.0 328.0 212.0 540.0
31624 李奕 88.0 95.0 130.0 72.0 80.0 58.0 313.0 210.0 523.0
31625 廖骊涵 94.0 121.0 130.0 83.0 85.0 67.0 345.0 235.0 580.0
31626 廖澍镔 87.0 112.0 127.0 95.0 95.0 92.0 326.0 282.0 608.0
31627 林灿荣 70.0 121.0 132.0 87.0 76.0 92.0 323.0 255.0 578.0
31628 林冠之 96.0 124.0 131.0 97.0 97.0 83.0 351.0 277.0 628.0
31629 林楠 86.0 88.0 127.0 88.0 86.0 79.0 301.0 253.0 554.0
31630 林树红 99.0 121.0 140.0 87.0 88.0 88.0 360.0 263.0 623.0
31631 林仪 75.0 82.0 138.0 95.0 87.0 65.0 295.0 247.0 542.0
31632 林意 92.0 106.0 124.0 96.0 83.0 75.0 322.0 254.0 576.0
31633 刘思煌 86.0 129.0 135.0 97.0 96.0 93.0 350.0 286.0 636.0
31634 刘奕 78.0 119.0 133.0 91.0 82.0 78.0 330.0 251.0 581.0
31635 刘泽 85.0 90.0 118.0 92.0 78.0 75.0 293.0 245.0 538.0
31636 柳婷 110.0 115.0 135.0 93.0 89.0 96.0 360.0 278.0 638.0
31637 卢开书 89.0 101.0 135.0 88.0 89.0 70.0 325.0 247.0 572.0
31638 马润青 86.0 122.0 143.0 80.0 86.0 78.0 351.0 244.0 595.0
31639 彭灏 92.0 106.0 141.0 92.0 72.0 80.0 339.0 244.0 583.0
31640 孙熹珣 68.0 113.0 135.0 86.0 80.0 61.0 316.0 227.0 543.0
31641 孙烨 89.0 111.0 138.0 91.0 86.0 72.0 338.0 249.0 587.0
31642 王海槟 93.0 127.0 126.0 90.0 88.0 73.0 346.0 251.0 597.0
31643 王晓钟 93.0 116.0 130.0 95.0 94.0 80.0 339.0 269.0 608.0
31644 王雨青 79.0 115.0 118.0 95.0 94.0 91.0 312.0 280.0 592.0
31645 吴毅聪 88.0 94.0 131.0 59.0 88.0 53.0 313.0 200.0 513.0
31646 吴梓帆 79.0 125.0 143.0 87.0 86.0 85.0 347.0 258.0 605.0
31647 谢尘沐 97.0 102.0 142.0 87.0 85.0 90.0 341.0 262.0 603.0
31648 谢锦珮 84.0 80.0 135.0 72.0 78.0 68.0 299.0 218.0 517.0
31649 谢小雪 98.0 133.0 134.0 96.0 84.0 84.0 365.0 264.0 629.0
31650 谢奕纯 79.0 101.0 131.0 86.0 68.0 50.0 311.0 204.0 515.0
31651 杨涵 79.0 114.0 122.0 89.0 85.0 72.0 315.0 246.0 561.0
31652 姚采妮 73.0 93.0 131.0 76.0 63.0 53.0 297.0 192.0 489.0
31653 余泽泰 98.0 106.0 134.0 95.0 85.0 88.0 338.0 268.0 606.0
31654 张泽琳 99.0 132.0 135.0 93.0 96.0 90.0 366.0 279.0 645.0
31655 张泽宇 92.0 121.0 135.0 96.0 93.0 84.0 348.0 273.0 621.0
31656 章婉仪 92.0 112.0 132.0 98.0 90.0 92.0 336.0 280.0 616.0
31657 赵先铎 93.0 128.0 135.0 97.0 97.0 87.0 356.0 281.0 637.0
31658 郑涵禧 83.0 112.0 136.0 82.0 79.0 69.0 331.0 230.0 561.0
31659 郑林楷 80.0 118.0 121.0 94.0 84.0 84.0 319.0 262.0 581.0
31660 郑镇灏 85.0 114.0 128.0 82.0 84.0 65.0 327.0 231.0 558.0
31661 郑重 78.0 120.0 128.0 92.0 88.0 50.0 326.0 230.0 556.0
31662 朱俊宇 90.0 90.0 91.0 67.0 51.0 48.0 271.0 166.0 437.0
31663 庄声锐 63.0 89.0 124.0 81.0 85.0 50.0 276.0 216.0 492.0
31701 蔡金沛 82.0 105.0 126.0 73.0 76.0 66.0 313.0 215.0 528.0
31702 蔡俊峰 97.0 114.0 143.0 92.0 99.0 86.0 354.0 277.0 631.0
31703 曹宇韬 88.0 115.0 129.0 87.0 81.0 79.0 332.0 247.0 579.0
31704 陈大立 91.0 125.0 135.0 86.0 90.0 94.0 351.0 270.0 621.0
31705 陈浩杰 74.0 101.0 135.0 94.0 91.0 71.0 310.0 256.0 566.0
31706 陈沛润 89.0 127.0 124.0 81.0 0 0 340.0 0 0
31707 陈锐 92.0 136.0 132.0 92.0 95.0 86.0 360.0 273.0 633.0
31708 陈烁 78.0 124.0 127.0 76.0 84.0 75.0 329.0 235.0 564.0
31709 陈学诚 105.0 136.0 136.0 89.0 90.0 77.0 377.0 256.0 633.0
31710 陈韫颖 88.0 105.0 133.0 78.0 80.0 73.0 326.0 231.0 557.0
31711 陈泽鑫 80.0 106.0 120.0 62.0 59.0 57.0 306.0 178.0 484.0
31712 陈中一 81.0 130.0 124.0 96.0 93.0 75.0 335.0 264.0 599.0
31713 何伊慧 80.0 124.0 134.0 91.0 82.0 69.0 338.0 242.0 580.0
31714 侯思涵 104.0 104.0 129.0 88.0 90.0 84.0 337.0 262.0 599.0
31715 黄彬霆 91.0 95.0 127.0 94.0 87.0 76.0 313.0 257.0 570.0
31716 黄丹 70.0 39.0 113.0 20.0 33.0 0 222.0 0 0
31717 黄光炳 79.0 104.0 118.0 74.0 61.0 44.0 301.0 179.0 480.0
31718 黄慧敏 91.0 124.0 138.0 86.0 97.0 84.0 353.0 267.0 620.0
31719 黄思翰 81.0 126.0 133.0 91.0 93.0 72.0 340.0 256.0 596.0
31720 黄伟纯 91.0 121.0 133.0 92.0 87.0 75.0 345.0 254.0 599.0
31721 黄莹 101.0 138.0 127.0 95.0 89.0 77.0 366.0 261.0 627.0
31722 黄梓芸 96.0 96.0 126.0 71.0 74.0 54.0 318.0 199.0 517.0
31723 江相渝 78.0 99.0 114.0 82.0 84.0 70.0 291.0 236.0 527.0
31724 李洁瀚 79.0 127.0 139.0 89.0 91.0 81.0 345.0 261.0 606.0
31725 林仰 94.0 122.0 131.0 81.0 88.0 73.0 347.0 242.0 589.0
31726 林雍权 85.0 114.0 131.0 84.0 90.0 84.0 330.0 258.0 588.0
31727 刘嘉鑫 80.0 82.0 121.0 82.0 57.0 48.0 283.0 187.0 470.0
31728 卢荣泰 105.0 143.0 131.0 98.0 99.0 85.0 379.0 282.0 661.0
31729 卢仪蕊 88.0 111.0 131.0 84.0 86.0 78.0 330.0 248.0 578.0
31730 马学盈 90.0 135.0 137.0 89.0 94.0 69.0 362.0 252.0 614.0
31731 马直先 80.0 131.0 125.0 96.0 90.0 87.0 336.0 273.0 609.0
31732 麦博 92.0 119.0 141.0 94.0 98.0 91.0 352.0 283.0 635.0
31733 欧阳生 86.0 121.0 130.0 95.0 86.0 82.0 337.0 263.0 600.0
31734 彭琪 87.0 110.0 121.0 89.0 66.0 52.0 318.0 207.0 525.0
31735 佘晓环 85.0 127.0 133.0 87.0 90.0 68.0 345.0 245.0 590.0
31736 王基鸿 93.0 129.0 132.0 96.0 96.0 97.0 354.0 289.0 643.0
31737 王俊澎 89.0 117.0 138.0 99.0 96.0 78.0 344.0 273.0 617.0
31738 王烔毅 86.0 108.0 133.0 96.0 86.0 79.0 327.0 261.0 588.0
31739 王钰 89.0 117.0 126.0 63.0 92.0 69.0 332.0 224.0 556.0
31740 王真子 102.0 109.0 123.0 91.0 87.0 85.0 334.0 263.0 597.0
31741 吴俊翰 77.0 128.0 126.0 83.0 96.0 83.0 331.0 262.0 593.0
31742 吴彤沛 74.0 81.0 130.0 58.0 98.0 83.0 285.0 239.0 524.0
31743 吴伟霞 89.0 117.0 135.0 83.0 91.0 88.0 341.0 262.0 603.0
31744 谢锶琦 82.0 124.0 129.0 93.0 80.0 82.0 335.0 255.0 590.0
31745 许锶妍 72.0 121.0 123.0 75.0 78.0 67.0 316.0 220.0 536.0
31746 许奕烁 87.0 76.0 115.0 71.0 0 0 278.0 0 0
31747 许哲浩 103.0 122.0 136.0 95.0 95.0 83.0 361.0 273.0 634.0
31748 杨铠翔 85.0 119.0 115.0 78.0 89.0 81.0 319.0 248.0 567.0
31749 杨腾 76.0 79.0 115.0 73.0 37.0 65.0 270.0 175.0 445.0
31750 姚佳妮 86.0 116.0 135.0 99.0 93.0 89.0 337.0 281.0 618.0
31751 张纯 89.0 103.0 129.0 81.0 95.0 80.0 321.0 256.0 577.0
31752 张锐翰 84.0 0 0 0 0 0 0 0 0
31753 张维 87.0 103.0 129.0 80.0 89.0 65.0 319.0 234.0 553.0
31754 张奕 80.0 86.0 129.0 86.0 78.0 45.0 295.0 209.0 504.0
31755 张翼 95.0 108.0 127.0 0 91.0 78.0 330.0 0 0
31756 章家竣 83.0 110.0 140.0 96.0 98.0 98.0 333.0 292.0 625.0
31757 郑慈香 83.0 116.0 131.0 93.0 90.0 89.0 330.0 272.0 602.0
31758 郑曼燕 89.0 118.0 128.0 89.0 92.0 74.0 335.0 255.0 590.0
31759 郑铭 88.0 113.0 128.0 74.0 81.0 63.0 329.0 218.0 547.0
31761 周锴捷 82.0 107.0 135.0 79.0 83.0 72.0 324.0 234.0 558.0
31762 庄本熙 32.0 0 0 0 0 0 0 0 0
31763 黄钰莹 78.0 104.0 132.0 78.0 91.0 77.0 314.0 246.0 560.0
31764 王宏 98.0 108.0 133.0 94.0 89.0 68.0 339.0 251.0 590.0
31801 陈鸿飞 78.0 109.0 129.0 79.0 85.0 70.0 316.0 234.0 550.0
31802 陈家思 70.0 126.0 127.0 92.0 95.0 86.0 323.0 273.0 596.0
31803 陈立芃 74.0 128.0 133.0 91.0 85.0 80.0 335.0 256.0 591.0
31805 陈润铎 90.0 112.0 131.0 80.0 93.0 60.0 333.0 233.0 566.0
31806 陈润楷 76.0 131.0 122.0 91.0 85.0 77.0 329.0 253.0 582.0
31807 陈鑫冰 93.0 121.0 134.0 77.0 84.0 87.0 348.0 248.0 596.0
31808 陈永佳 90.0 123.0 134.0 94.0 96.0 74.0 347.0 264.0 611.0
31809 陈元嘉 85.0 123.0 120.0 88.0 85.0 84.0 328.0 257.0 585.0
31810 冯钰冰 87.0 102.0 135.0 83.0 76.0 66.0 324.0 225.0 549.0
31811 何畅 89.0 84.0 127.0 54.0 59.0 54.0 300.0 167.0 467.0
31812 黄怀瑶 89.0 85.0 136.0 71.0 80.0 73.0 310.0 224.0 534.0
31813 黄凯鹏 66.0 97.0 122.0 73.0 78.0 67.0 285.0 218.0 503.0
31814 黄昕仪 102.0 137.0 133.0 94.0 86.0 82.0 372.0 262.0 634.0
31815 黄泽宇 87.0 97.0 122.0 90.0 92.0 59.0 306.0 241.0 547.0
31816 康思妹 96.0 121.0 133.0 87.0 90.0 71.0 350.0 248.0 598.0
31817 孔雪欣 93.0 107.0 123.0 88.0 91.0 72.0 323.0 251.0 574.0
31818 赖淑凌 92.0 105.0 132.0 86.0 84.0 79.0 329.0 249.0 578.0
31819 李俊 81.0 109.0 138.0 85.0 84.0 71.0 328.0 240.0 568.0
31820 李楠 105.0 114.0 129.0 84.0 99.0 72.0 348.0 255.0 603.0
31821 李蔚东 70.0 129.0 134.0 90.0 96.0 86.0 333.0 272.0 605.0
31822 李昕 82.0 130.0 123.0 91.0 95.0 72.0 335.0 258.0 593.0
31823 连泓杰 79.0 105.0 133.0 91.0 82.0 73.0 317.0 246.0 563.0
31824 林泓 80.0 96.0 136.0 88.0 91.0 74.0 312.0 253.0 565.0
31825 林培润 74.0 88.0 118.0 62.0 73.0 65.0 280.0 200.0 480.0
31826 林绮娜 85.0 115.0 131.0 94.0 92.0 86.0 331.0 272.0 603.0
31827 林昕 92.0 125.0 135.0 95.0 91.0 81.0 352.0 267.0 619.0
31828 林奕敏 91.0 119.0 129.0 96.0 93.0 88.0 339.0 277.0 616.0
31829 林泽辉 84.0 97.0 122.0 83.0 91.0 82.0 303.0 256.0 559.0
31830 林泽炜 89.0 142.0 130.0 96.0 90.0 87.0 361.0 273.0 634.0
31831 林增瑞 65.0 119.0 141.0 94.0 97.0 73.0 325.0 264.0 589.0
31832 刘丁玮 79.0 118.0 137.0 87.0 93.0 77.0 334.0 257.0 591.0
31833 卢呈焕 69.0 102.0 130.0 88.0 78.0 59.0 301.0 225.0 526.0
31834 卢智扬 76.0 104.0 135.0 75.0 89.0 64.0 315.0 228.0 543.0
31835 罗亿权 67.0 112.0 125.0 83.0 55.0 49.0 304.0 187.0 491.0
31836 邱乐思 76.0 98.0 130.0 83.0 92.0 81.0 304.0 256.0 560.0
31837 佘涵 87.0 128.0 131.0 87.0 92.0 77.0 346.0 256.0 602.0
31838 汤钰瑛 86.0 92.0 140.0 80.0 72.0 79.0 318.0 231.0 549.0
31839 王佩佩 85.0 124.0 132.0 95.0 99.0 86.0 341.0 280.0 621.0
31840 王思佳 83.0 121.0 145.0 93.0 95.0 82.0 349.0 270.0 619.0
31841 王晓泽 67.0 99.0 121.0 65.0 77.0 52.0 287.0 194.0 481.0
31842 王振东 83.0 133.0 132.0 98.0 89.0 91.0 348.0 278.0 626.0
31843 王子瑜 89.0 102.0 126.0 94.0 83.0 70.0 317.0 247.0 564.0
31844 吴绍邦 82.0 129.0 133.0 94.0 95.0 89.0 344.0 278.0 622.0
31845 吴水滇 55.0 90.0 127.0 92.0 79.0 61.0 272.0 232.0 504.0
31846 吴晓琪 94.0 125.0 138.0 83.0 65.0 79.0 357.0 227.0 584.0
31848 谢昱康 85.0 120.0 140.0 99.0 94.0 79.0 345.0 272.0 617.0
31849 姚少云 80.0 103.0 111.0 76.0 76.0 72.0 294.0 224.0 518.0
31850 余博浩 76.0 83.0 128.0 91.0 82.0 85.0 287.0 258.0 545.0
31851 曾泓燊 77.0 124.0 128.0 79.0 90.0 87.0 329.0 256.0 585.0
31852 曾佳泓 86.0 105.0 132.0 98.0 88.0 77.0 323.0 263.0 586.0
31853 曾琳 75.0 118.0 131.0 83.0 82.0 71.0 324.0 236.0 560.0
31854 曾宪瀚 78.0 76.0 120.0 60.0 71.0 59.0 274.0 190.0 464.0
31855 曾伊琳 58.0 99.0 124.0 82.0 88.0 61.0 281.0 231.0 512.0
31856 张随娜 83.0 111.0 132.0 81.0 78.0 71.0 326.0 230.0 556.0
31857 张育铭 81.0 126.0 128.0 83.0 91.0 79.0 335.0 253.0 588.0
31858 章滢蓥 85.0 123.0 127.0 98.0 96.0 73.0 335.0 267.0 602.0
31859 郑任翔 90.0 108.0 132.0 81.0 86.0 79.0 330.0 246.0 576.0
31860 郑子昂 83.0 103.0 123.0 80.0 53.0 57.0 309.0 190.0 499.0
31861 钟浩川 90.0 118.0 137.0 89.0 98.0 83.0 345.0 270.0 615.0
31862 周苑婷 98.0 119.0 137.0 91.0 91.0 85.0 354.0 267.0 621.0
31863 庄妍 84.0 134.0 134.0 95.0 97.0 81.0 352.0 273.0 625.0
31901 蔡育铮 80.0 134.0 130.0 92.0 89.0 90.0 344.0 271.0 615.0
31902 蔡卓颖 88.0 123.0 136.0 86.0 86.0 64.0 347.0 236.0 583.0
31903 陈功超 74.0 91.0 121.0 46.0 62.0 40.0 286.0 148.0 434.0
31904 陈浩宇 94.0 137.0 126.0 96.0 95.0 85.0 357.0 276.0 633.0
31905 陈红 74.0 105.0 136.0 69.0 95.0 81.0 315.0 245.0 560.0
31906 陈嘉杭 83.0 108.0 133.0 87.0 80.0 70.0 324.0 237.0 561.0
31907 陈锴灏 84.0 120.0 131.0 99.0 100.0 91.0 335.0 290.0 625.0
31908 陈孟耀 76.0 92.0 123.0 85.0 74.0 68.0 291.0 227.0 518.0
31909 陈伟杰 99.0 116.0 137.0 97.0 88.0 86.0 352.0 271.0 623.0
31910 陈宇霏 85.0 108.0 133.0 90.0 85.0 64.0 326.0 239.0 565.0
31911 陈卓妮 90.0 105.0 130.0 73.0 69.0 53.0 325.0 195.0 520.0
31912 杜振超 84.0 135.0 134.0 86.0 91.0 82.0 353.0 259.0 612.0
31913 方家颖 93.0 113.0 132.0 87.0 87.0 70.0 338.0 244.0 582.0
31914 郭佳鑫 81.0 148.0 133.0 99.0 97.0 90.0 362.0 286.0 648.0
31915 黄超铄 93.0 106.0 135.0 88.0 92.0 84.0 334.0 264.0 598.0
31916 黄海铭 73.0 89.0 96.0 89.0 79.0 71.0 258.0 239.0 497.0
31917 黄融杰 83.0 133.0 131.0 96.0 95.0 94.0 347.0 285.0 632.0
31918 黄晓琦 81.0 90.0 130.0 75.0 87.0 61.0 301.0 223.0 524.0
31919 黄馨梓 91.0 97.0 129.0 56.0 66.0 29.0 317.0 151.0 468.0
31920 黄泽锴 63.0 42.0 100.0 66.0 61.0 61.0 205.0 188.0 393.0
31921 纪沛桐 91.0 109.0 122.0 96.0 90.0 80.0 322.0 266.0 588.0
31922 李岱谚 104.0 141.0 137.0 97.0 94.0 97.0 382.0 288.0 670.0
31923 李光泽 79.0 105.0 125.0 67.0 56.0 68.0 309.0 191.0 500.0
31924 李鸿 92.0 110.0 131.0 93.0 92.0 81.0 333.0 266.0 599.0
31925 李林昕 76.0 121.0 131.0 93.0 87.0 70.0 328.0 250.0 578.0
31926 李欣然 97.0 114.0 135.0 89.0 93.0 79.0 346.0 261.0 607.0
31927 李鑫 89.0 74.0 130.0 65.0 67.0 64.0 293.0 196.0 489.0
31928 李彦腾 73.0 119.0 120.0 67.0 80.0 66.0 312.0 213.0 525.0
31929 林坚生 92.0 73.0 128.0 87.0 80.0 63.0 293.0 230.0 523.0
31930 林乐贤 92.0 132.0 136.0 100.0 98.0 86.0 360.0 284.0 644.0
31931 林萌子 86.0 95.0 137.0 90.0 97.0 80.0 318.0 267.0 585.0
31932 林银虹 90.0 128.0 132.0 87.0 88.0 83.0 350.0 258.0 608.0
31933 林岳青 92.0 124.0 135.0 98.0 94.0 81.0 351.0 273.0 624.0
31934 卢晓杰 90.0 139.0 138.0 97.0 92.0 86.0 367.0 275.0 642.0
31935 马思昀 79.0 122.0 127.0 87.0 80.0 82.0 328.0 249.0 577.0
31936 彭丽妹 79.0 82.0 131.0 73.0 83.0 71.0 292.0 227.0 519.0
31937 彭扬帆 74.0 110.0 132.0 96.0 92.0 80.0 316.0 268.0 584.0
31938 沈桂菱 86.0 119.0 123.0 95.0 94.0 92.0 328.0 281.0 609.0
31939 沈益聪 79.0 141.0 127.0 84.0 78.0 75.0 347.0 237.0 584.0
31940 苏思澄 80.0 114.0 129.0 91.0 95.0 80.0 323.0 266.0 589.0
31941 苏泽坤 63.0 110.0 104.0 80.0 70.0 61.0 277.0 211.0 488.0
31942 王璐 71.0 121.0 135.0 96.0 99.0 81.0 327.0 276.0 603.0
31943 王梓琦 76.0 105.0 125.0 95.0 80.0 80.0 306.0 255.0 561.0
31944 文渲 74.0 108.0 127.0 78.0 83.0 66.0 309.0 227.0 536.0
31945 翁涵 108.0 138.0 132.0 89.0 88.0 79.0 378.0 256.0 634.0
31946 吴虹燕 69.0 100.0 128.0 90.0 84.0 74.0 297.0 248.0 545.0
31947 吴佳銮 79.0 123.0 144.0 91.0 82.0 69.0 346.0 242.0 588.0
31948 吴怡玫 73.0 117.0 126.0 91.0 81.0 83.0 316.0 255.0 571.0
31949 谢罗瀚 58.0 95.0 109.0 63.0 75.0 65.0 262.0 203.0 465.0
31950 谢泽钊 72.0 116.0 118.0 88.0 75.0 66.0 306.0 229.0 535.0
31951 徐润峰 80.0 111.0 117.0 88.0 80.0 67.0 308.0 235.0 543.0
31952 许滨楠 93.0 108.0 137.0 83.0 88.0 64.0 338.0 235.0 573.0
31953 许玫 79.0 117.0 140.0 74.0 91.0 78.0 336.0 243.0 579.0
31954 许子源 62.0 119.0 127.0 74.0 80.0 52.0 308.0 206.0 514.0
31955 杨利秋 77.0 93.0 129.0 94.0 92.0 83.0 299.0 269.0 568.0
31956 余子涵 98.0 123.0 127.0 85.0 92.0 78.0 348.0 255.0 603.0
31957 曾奕楠 68.0 97.0 138.0 60.0 87.0 75.0 303.0 222.0 525.0
31958 张超逸 74.0 116.0 124.0 98.0 84.0 82.0 314.0 264.0 578.0
31959 张曼琪 106.0 114.0 129.0 82.0 85.0 71.0 349.0 238.0 587.0
31960 赵彦纯 80.0 113.0 137.0 97.0 98.0 73.0 330.0 268.0 598.0
31961 郑钧漾 69.0 109.0 120.0 85.0 84.0 67.0 298.0 236.0 534.0
31962 郑玮涛 86.0 103.0 128.0 96.0 98.0 88.0 317.0 282.0 599.0
31963 郑锨淇 92.0 127.0 131.0 96.0 87.0 89.0 350.0 272.0 622.0
31964 庄开翔 98.0 122.0 128.0 88.0 93.0 82.0 348.0 263.0 611.0
32001 蔡佳琪 69.0 98.0 123.0 84.0 71.0 74.0 290.0 229.0 519.0
32002 蔡淑玲 96.0 105.0 126.0 80.0 86.0 86.0 327.0 252.0 579.0
32003 蔡伟龙 74.0 113.0 126.0 88.0 91.0 70.0 313.0 249.0 562.0
32004 陈博涵 92.0 135.0 134.0 95.0 91.0 84.0 361.0 270.0 631.0
32005 陈畅洪 75.0 92.0 121.0 80.0 75.0 65.0 288.0 220.0 508.0
32006 陈润洋 71.0 123.0 121.0 88.0 93.0 87.0 315.0 268.0 583.0
32007 陈思桦 90.0 104.0 136.0 77.0 91.0 76.0 330.0 244.0 574.0
32008 陈雪仪 82.0 137.0 134.0 89.0 89.0 87.0 353.0 265.0 618.0
32009 洪奕祥 61.0 128.0 124.0 99.0 97.0 87.0 313.0 283.0 596.0
32010 胡期升 84.0 127.0 133.0 87.0 90.0 77.0 344.0 254.0 598.0
32011 黄斌伟 75.0 124.0 114.0 88.0 94.0 84.0 313.0 266.0 579.0
32012 黄洪雯 84.0 85.0 121.0 70.0 77.0 71.0 290.0 218.0 508.0
32013 黄敏华 85.0 109.0 133.0 81.0 89.0 69.0 327.0 239.0 566.0
32014 黄舜娴 89.0 114.0 126.0 96.0 85.0 85.0 329.0 266.0 595.0
32015 黄于峻 72.0 108.0 109.0 83.0 66.0 58.0 289.0 207.0 496.0
32016 纪梓荣 67.0 120.0 125.0 70.0 62.0 55.0 312.0 187.0 499.0
32017 李东烁 93.0 104.0 135.0 92.0 77.0 74.0 332.0 243.0 575.0
32018 李洁 92.0 129.0 137.0 100.0 94.0 92.0 358.0 286.0 644.0
32019 李易霖 71.0 102.0 117.0 83.0 76.0 81.0 290.0 240.0 530.0
32020 李治 95.0 134.0 121.0 89.0 97.0 91.0 350.0 277.0 627.0
32021 李卓明 68.0 130.0 135.0 99.0 95.0 90.0 333.0 284.0 617.0
32022 林佳煌 92.0 129.0 124.0 95.0 83.0 81.0 345.0 259.0 604.0
32023 林钦鸿 78.0 114.0 131.0 76.0 92.0 82.0 323.0 250.0 573.0
32024 林小琪 81.0 120.0 122.0 88.0 89.0 82.0 323.0 259.0 582.0
32025 林烨 74.0 95.0 143.0 84.0 79.0 73.0 312.0 236.0 548.0
32026 刘艾莉 93.0 123.0 142.0 90.0 88.0 82.0 358.0 260.0 618.0
32027 刘旭东 76.0 116.0 121.0 91.0 97.0 84.0 313.0 272.0 585.0
32028 刘依菁 86.0 107.0 136.0 94.0 89.0 76.0 329.0 259.0 588.0
32029 刘悦韵 82.0 134.0 138.0 88.0 96.0 76.0 354.0 260.0 614.0
32030 马洪量 71.0 113.0 129.0 84.0 87.0 65.0 313.0 236.0 549.0
32031 马茵茵 73.0 93.0 121.0 68.0 74.0 63.0 287.0 205.0 492.0
32032 潘莹涵 75.0 110.0 126.0 64.0 81.0 48.0 311.0 193.0 504.0
32033 沈敏勇 81.0 134.0 137.0 97.0 95.0 86.0 352.0 278.0 630.0
32034 沈晓燕 94.0 123.0 134.0 87.0 88.0 82.0 351.0 257.0 608.0
32035 苏诚章 79.0 115.0 133.0 92.0 99.0 95.0 327.0 286.0 613.0
32036 唐梦洋 74.0 65.0 115.0 40.0 57.0 62.0 254.0 159.0 413.0
32037 王灿杜 55.0 113.0 137.0 93.0 96.0 85.0 305.0 274.0 579.0
32038 王鸿吉 77.0 96.0 125.0 56.0 75.0 46.0 298.0 177.0 475.0
32039 王杰鑫 93.0 127.0 130.0 99.0 89.0 86.0 350.0 274.0 624.0
32040 王泽锴 55.0 102.0 111.0 33.0 58.0 44.0 268.0 135.0 403.0
32041 王子铟 84.0 131.0 139.0 94.0 94.0 83.0 354.0 271.0 625.0
32042 吴斯彤 94.0 107.0 119.0 85.0 76.0 83.0 320.0 244.0 564.0
32043 吴泽锐 84.0 146.0 142.0 97.0 98.0 91.0 372.0 286.0 658.0
32044 谢锦珊 93.0 121.0 134.0 91.0 87.0 89.0 348.0 267.0 615.0
32045 谢铠羽 57.0 99.0 132.0 85.0 84.0 80.0 288.0 249.0 537.0
32046 谢婉婷 74.0 116.0 135.0 73.0 81.0 57.0 325.0 211.0 536.0
32047 谢懿锐 83.0 105.0 128.0 92.0 92.0 87.0 316.0 271.0 587.0
32048 徐英芸 87.0 100.0 121.0 80.0 86.0 68.0 308.0 234.0 542.0
32049 许晓刚 91.0 123.0 137.0 100.0 92.0 71.0 351.0 263.0 614.0
32050 许永泓 103.0 149.0 139.0 93.0 96.0 95.0 391.0 284.0 675.0
32051 颜莞尔 92.0 107.0 129.0 85.0 89.0 92.0 328.0 266.0 594.0
32052 姚树耿 87.0 130.0 121.0 96.0 93.0 81.0 338.0 270.0 608.0
32053 姚悦扬 88.0 127.0 136.0 85.0 84.0 72.0 351.0 241.0 592.0
32054 余钊 62.0 94.0 118.0 76.0 78.0 70.0 274.0 224.0 498.0
32055 詹金伟 71.0 78.0 121.0 78.0 79.0 64.0 270.0 221.0 491.0
32056 张皓洵 77.0 125.0 131.0 96.0 98.0 87.0 333.0 281.0 614.0
32057 张扬 90.0 115.0 130.0 98.0 99.0 84.0 335.0 281.0 616.0
32058 张奕欣 79.0 80.0 126.0 46.0 49.0 43.0 285.0 138.0 423.0
32059 郑铠 77.0 124.0 128.0 83.0 92.0 83.0 329.0 258.0 587.0
32060 郑哲然 93.0 114.0 128.0 85.0 91.0 87.0 335.0 263.0 598.0
32061 周泽妍 90.0 117.0 128.0 78.0 88.0 88.0 335.0 254.0 589.0
32062 周子毓 83.0 86.0 125.0 59.0 85.0 71.0 294.0 215.0 509.0
