30401 陈柏林 97.0 85.0 109.0 55.0 52.0 70.0 291.0 177.0 468.0
30402 陈东晓 109.0 91.0 115.0 65.0 69.0 64.0 315.0 198.0 513.0
30403 陈冬仪 110.0 84.0 113.5 62.0 77.0 66.0 307.5 205.0 512.5
30404 陈金洲 95.0 89.0 116.0 67.0 71.0 68.0 300.0 206.0 506.0
30405 陈淑妍 104.0 88.0 128.5 76.0 50.0 74.0 320.5 200.0 520.5
30406 胡楷宇 90.0 89.0 111.5 73.0 62.0 57.0 290.5 192.0 482.5
30407 胡昱 112.0 101.0 119.0 66.0 71.0 74.0 332.0 211.0 543.0
30408 黄艾琪 102.0 135.0 125.5 59.0 85.0 83.0 362.5 227.0 589.5
30409 黄狄林 100.0 95.0 118.0 59.0 68.0 71.0 313.0 198.0 511.0
30410 黄琳婷 111.0 83.0 125.0 38.0 57.0 59.0 319.0 154.0 473.0
30411 黄云进 109.0 81.0 111.5 54.0 80.0 74.0 301.5 208.0 509.5
30413 蓝玉奇 105.0 84.0 118.5 63.0 64.0 57.0 307.5 184.0 491.5
30414 李宏森 101.0 75.0 81.0 35.0 48.0 45.0 257.0 128.0 385.0
30415 李艺晴 109.0 119.0 115.5 55.0 86.0 78.0 343.5 219.0 562.5
30416 李兆捷 96.0 118.0 109.5 65.0 88.0 81.0 323.5 234.0 557.5
30417 林达 98.0 89.0 112.5 70.0 73.0 73.0 299.5 216.0 515.5
30418 林镜辉 93.0 104.0 105.5 60.0 71.0 67.0 302.5 198.0 500.5
30419 林永佳 88.0 79.0 114.0 64.0 59.0 54.0 281.0 177.0 458.0
30420 林昱霖 92.0 131.0 103.0 64.0 86.0 75.0 326.0 225.0 551.0
30421 林泽楷 114.0 86.0 109.0 75.0 78.0 76.0 309.0 229.0 538.0
30422 刘琳菲 100.0 95.0 117.5 65.0 70.0 77.0 312.5 212.0 524.5
30424 卢涵 97.0 82.0 121.0 63.0 58.0 70.0 300.0 191.0 491.0
30425 卢昕玥 113.0 90.0 118.0 72.0 69.0 75.0 321.0 216.0 537.0
30426 卢彦宇 100.0 90.0 110.0 72.0 65.0 62.0 300.0 199.0 499.0
30427 罗亦宋 96.0 76.0 108.5 52.0 72.0 68.0 280.5 192.0 472.5
30428 麦扬 100.0 99.0 97.5 44.0 68.0 65.0 296.5 177.0 473.5
30429 邵彦程 80.0 66.0 90.0 38.0 50.0 48.0 236.0 136.0 372.0
30430 沈丹琼 102.0 76.0 117.0 50.0 79.0 83.0 295.0 212.0 507.0
30431 王磊 101.0 96.0 113.5 72.0 74.0 67.0 310.5 213.0 523.5
30432 王震霆 77.0 70.0 91.0 50.0 43.0 49.0 238.0 142.0 380.0
30433 韦昕澄 107.0 110.0 132.0 90.0 93.0 85.0 349.0 268.0 617.0
30434 魏桐曦 107.0 91.0 123.5 81.0 72.0 79.0 321.5 232.0 553.5
30435 翁铭捷 100.0 78.0 104.0 55.0 40.0 62.0 282.0 157.0 439.0
30436 吴洁兰 96.0 84.0 77.5 65.0 54.0 59.0 257.5 178.0 435.5
30437 吴婕洵 109.0 104.0 111.0 66.0 78.0 73.0 324.0 217.0 541.0
30438 吴郁楠 103.0 110.0 116.0 72.0 71.0 72.0 329.0 215.0 544.0
30439 吴泽峰 106.0 84.0 105.0 59.0 74.0 82.0 295.0 215.0 510.0
30440 吴植慧 97.0 33.0 99.0 58.0 39.0 47.0 229.0 144.0 373.0
30441 谢庆欣 103.0 61.0 102.0 45.0 49.0 57.0 266.0 151.0 417.0
30442 辛孜玫 117.0 87.0 103.0 56.0 58.0 60.0 307.0 174.0 481.0
30443 徐浩锴 106.0 96.0 128.0 71.0 62.0 81.0 330.0 214.0 544.0
30444 许可淳 112.0 118.0 138.0 71.0 82.0 88.0 368.0 241.0 609.0
30445 许林菁 96.0 86.0 115.0 44.0 73.0 76.0 297.0 193.0 490.0
30446 许统辉 94.0 109.0 80.5 43.0 73.0 56.0 283.5 172.0 455.5
30447 许旭东 120.0 121.0 131.5 80.0 80.0 73.0 372.5 233.0 605.5
30448 杨博锐 105.0 58.0 101.0 41.0 55.0 47.0 264.0 143.0 407.0
30449 杨乔 102.0 70.0 104.0 55.0 49.0 65.0 276.0 169.0 445.0
30450 杨宇镔 98.0 76.0 101.5 46.0 53.0 66.0 275.5 165.0 440.5
30451 杨芷涵 95.0 109.0 128.5 73.0 71.0 82.0 332.5 226.0 558.5
30452 姚楷炫 106.0 115.0 117.0 75.0 83.0 79.0 338.0 237.0 575.0
30453 张若涵 109.0 90.0 120.5 53.0 66.0 75.0 319.5 194.0 513.5
30454 张雪妍 104.0 91.0 108.0 55.0 55.0 67.0 303.0 177.0 480.0
30455 赵明明 103.0 82.0 113.0 50.0 64.0 58.0 298.0 172.0 470.0
30456 赵晓明 97.0 69.0 118.5 49.0 63.0 61.0 284.5 173.0 457.5
30457 郑沐林 110.0 127.0 133.5 69.0 90.0 86.0 370.5 245.0 615.5
30459 钟献彪 104.0 124.0 105.5 77.0 72.0 65.0 333.5 214.0 547.5
30460 周梓勃 94.0 112.0 111.5 75.0 78.0 61.0 317.5 214.0 531.5
30461 朱丹琪 104.0 110.0 108.5 64.0 61.0 69.0 322.5 194.0 516.5
30462 庄漪婷 94.0 71.0 100.5 58.0 64.0 60.0 265.5 182.0 447.5
30501 蔡苑虹 98.0 132.0 123.0 84.0 78.0 76.0 353.0 238.0 591.0
30502 陈福溢 85.0 100.0 121.0 53.0 65.0 59.0 306.0 177.0 483.0
30503 陈泓 100.0 89.0 112.5 63.0 60.0 54.0 301.5 177.0 478.5
30504 陈佳泓 108.0 110.0 113.5 65.0 75.0 72.0 331.5 212.0 543.5
30505 陈嘉胜 93.0 69.0 103.0 61.0 45.0 52.0 265.0 158.0 423.0
30506 陈丽娜 102.0 60.0 109.0 40.0 73.0 56.0 271.0 169.0 440.0
30507 陈沛震 77.0 93.0 96.0 57.0 67.0 59.0 266.0 183.0 449.0
30508 陈乔林 91.0 60.0 106.5 65.0 61.0 74.0 257.5 200.0 457.5
30509 陈疏桐 105.0 96.0 125.0 73.0 82.0 88.0 326.0 243.0 569.0
30510 陈欣洋 97.0 60.0 98.0 30.0 37.0 39.0 255.0 106.0 361.0
30511 陈雅琪 98.0 89.0 114.5 69.0 70.0 71.0 301.5 210.0 511.5
30512 陈一凡 103.0 114.0 99.5 71.0 75.0 83.0 316.5 229.0 545.5
30514 陈煜琳 94.0 112.0 116.5 65.0 75.0 81.0 322.5 221.0 543.5
30515 陈梓瀚 93.0 104.0 115.0 57.0 76.0 58.0 312.0 191.0 503.0
30516 陈梓霓 101.0 105.0 112.5 57.0 69.0 63.0 318.5 189.0 507.5
30517 陈梓宇 101.0 123.0 107.5 83.0 84.0 82.0 331.5 249.0 580.5
30518 方灿鸿 94.0 100.0 107.5 63.0 74.0 64.0 301.5 201.0 502.5
30519 郭梓淇 101.0 60.0 109.0 35.0 70.0 46.0 270.0 151.0 421.0
30520 黄泓鉴 104.0 119.0 123.5 84.0 87.0 83.0 346.5 254.0 600.5
30521 黄金涛 91.0 60.0 119.0 44.0 46.0 50.0 270.0 140.0 410.0
30522 黄式铨 100.0 100.0 123.0 72.0 77.0 62.0 323.0 211.0 534.0
30523 黄孜睿 93.0 88.0 126.0 64.0 84.0 67.0 307.0 215.0 522.0
30524 江卓聪 107.0 118.0 122.0 62.0 78.0 72.0 347.0 212.0 559.0
30525 李依璘 101.0 82.0 122.0 45.0 61.0 70.0 305.0 176.0 481.0
30526 李子聪 98.0 112.0 122.0 78.0 71.0 67.0 332.0 216.0 548.0
30527 林钡钡 103.0 94.0 113.0 67.0 77.0 74.0 310.0 218.0 528.0
30528 林洁萍 105.0 115.0 110.0 67.0 67.0 71.0 330.0 205.0 535.0
30529 林煜涛 97.0 104.0 111.5 73.0 77.0 74.0 312.5 224.0 536.5
30530 林泽滢 96.0 107.0 117.5 63.0 52.0 62.0 320.5 177.0 497.5
30531 刘榕飒 108.0 61.0 115.5 48.0 65.0 68.0 284.5 181.0 465.5
30532 陆凡冰 99.0 125.0 114.5 88.0 81.0 66.0 338.5 235.0 573.5
30534 马伟涛 103.0 109.0 119.5 54.0 67.0 77.0 331.5 198.0 529.5
30535 潘俞霏 100.0 106.0 121.0 75.0 68.0 67.0 327.0 210.0 537.0
30536 沈哲沛 89.0 67.0 88.0 59.0 71.0 64.0 244.0 194.0 438.0
30537 孙玮 97.0 105.0 104.0 76.0 71.0 67.0 306.0 214.0 520.0
30539 王天乐 93.0 76.0 102.0 47.0 65.0 61.0 271.0 173.0 444.0
30540 吴博 109.0 124.0 114.0 57.0 69.0 67.0 347.0 193.0 540.0
30541 吴佳芸 90.0 82.0 112.5 50.0 60.0 50.0 284.5 160.0 444.5
30542 吴淇升 98.0 83.0 108.0 54.0 53.0 69.0 289.0 176.0 465.0
30543 吴易达 99.0 90.0 109.0 66.0 69.0 62.0 298.0 197.0 495.0
30544 肖泽楷 106.0 104.0 113.0 62.0 62.0 71.0 323.0 195.0 518.0
30545 谢函瀚 98.0 64.0 116.0 46.0 63.0 79.0 278.0 188.0 466.0
30547 谢思婷 103.0 106.0 131.5 70.0 69.0 67.0 340.5 206.0 546.5
30548 谢育锋 105.0 90.0 114.5 80.0 76.0 79.0 309.5 235.0 544.5
30549 徐芷欣 92.0 90.0 123.0 69.0 82.0 72.0 305.0 223.0 528.0
30550 杨昕 106.0 65.0 110.0 57.0 66.0 82.0 281.0 205.0 486.0
30551 姚雪萍 104.0 86.0 101.5 43.0 47.0 52.0 291.5 142.0 433.5
30552 姚逸峰 90.0 102.0 102.5 65.0 56.0 59.0 294.5 180.0 474.5
30553 余泓涛 83.0 60.0 94.0 42.0 58.0 77.0 237.0 177.0 414.0
30554 余珮镕 100.0 82.0 116.5 61.0 66.0 55.0 298.5 182.0 480.5
30555 曾烁 109.0 57.0 88.5 42.0 51.0 53.0 254.5 146.0 400.5
30556 张基烨 106.0 70.0 103.0 60.0 66.0 67.0 279.0 193.0 472.0
30557 张锦河 102.0 110.0 106.0 83.0 60.0 76.0 318.0 219.0 537.0
30558 张子斌 88.0 119.0 118.5 75.0 80.0 77.0 325.5 232.0 557.5
30559 张宗泽 99.0 112.0 111.0 84.0 69.0 69.0 322.0 222.0 544.0
30560 郑涵 106.0 132.0 126.0 75.0 82.0 94.0 364.0 251.0 615.0
30561 郑主加 94.0 80.0 101.5 53.0 55.0 68.0 275.5 176.0 451.5
30562 钟婉灵 97.0 106.0 99.0 59.0 57.0 63.0 302.0 179.0 481.0
30563 周哲 87.0 113.0 109.0 75.0 79.0 26.0 309.0 180.0 489.0
30601 蔡楚怡 103.0 83.0 115.0 59.0 55.0 58.0 301.0 172.0 473.0
30602 蔡瀚锋 113.0 100.0 106.5 72.0 68.0 66.0 319.5 206.0 525.5
30603 蔡弋炀 101.0 87.0 109.0 79.0 79.0 82.0 297.0 240.0 537.0
30604 陈金涛 103.0 124.0 103.0 58.0 50.0 58.0 330.0 166.0 496.0
30605 陈谨 107.0 94.0 104.5 53.0 51.0 54.0 305.5 158.0 463.5
30606 陈庆 83.0 122.0 96.5 59.0 59.0 54.0 301.5 172.0 473.5
30607 陈帅琦 98.0 87.0 111.5 59.0 70.0 72.0 296.5 201.0 497.5
30608 陈锶涛 91.0 59.0 93.5 36.0 63.0 31.0 243.5 130.0 373.5
30609 陈雅文 97.0 105.0 127.5 58.0 75.0 68.0 329.5 201.0 530.5
30610 陈妍 106.0 74.0 120.0 60.0 66.0 62.0 300.0 188.0 488.0
30611 陈振霖 91.0 80.0 90.5 61.0 73.0 69.0 261.5 203.0 464.5
30612 陈震寅 89.0 98.0 97.5 75.0 84.0 72.0 284.5 231.0 515.5
30613 陈梓泓 98.0 93.0 89.0 67.0 61.0 65.0 280.0 193.0 473.0
30614 陈梓演 87.0 111.0 114.5 64.0 67.0 65.0 312.5 196.0 508.5
30615 戴德燊 102.0 94.0 104.5 73.0 74.0 68.0 300.5 215.0 515.5
30616 方家浩 99.0 91.0 112.0 71.0 82.0 79.0 302.0 232.0 534.0
30617 方玮绚 95.0 82.0 107.5 50.0 53.0 57.0 284.5 160.0 444.5
30618 方小涵 99.0 60.0 107.5 30.0 43.0 62.0 266.5 135.0 401.5
30619 方梓昊 89.0 68.0 95.0 49.0 39.0 49.0 252.0 137.0 389.0
30620 郭悦宁 84.0 80.0 107.0 46.0 42.0 57.0 271.0 145.0 416.0
30621 郭滋涵 68.0 25.0 57.5 11.0 17.0 25.0 150.5 53.0 203.5
30622 洪斯沛 104.0 81.0 123.0 39.0 58.0 65.0 308.0 162.0 470.0
30623 黄蔓蔓 98.0 81.0 90.0 50.0 54.0 60.0 269.0 164.0 433.0
30624 黄树炫 102.0 68.0 120.5 79.0 76.0 73.0 290.5 228.0 518.5
30625 黄晚至 97.0 84.0 119.5 55.0 73.0 66.0 300.5 194.0 494.5
30626 黄粤奇 99.0 82.0 99.0 50.0 60.0 55.0 280.0 165.0 445.0
30627 李传璞 105.0 84.0 111.5 61.0 74.0 67.0 300.5 202.0 502.5
30628 李科谋 106.0 110.0 125.0 74.0 73.0 68.0 341.0 215.0 556.0
30629 李婉宜 100.0 93.0 114.5 65.0 67.0 76.0 307.5 208.0 515.5
30630 李心彤 98.0 70.0 93.5 48.0 62.0 56.0 261.5 166.0 427.5
30631 梁婧 95.0 99.0 97.5 62.0 62.0 57.0 291.5 181.0 472.5
30632 林琦 111.0 94.0 116.0 66.0 79.0 77.0 321.0 222.0 543.0
30633 林润峰 94.0 80.0 101.0 61.0 54.0 56.0 275.0 171.0 446.0
30634 林烁 112.0 105.0 115.0 74.0 68.0 55.0 332.0 197.0 529.0
30635 林钰祺 111.0 90.0 108.0 75.0 56.0 61.0 309.0 192.0 501.0
30636 林泽聪 98.0 117.0 110.5 58.0 83.0 82.0 325.5 223.0 548.5
30637 林泽娜 101.0 77.0 117.0 55.0 60.0 66.0 295.0 181.0 476.0
30638 刘学智 86.0 96.0 111.5 77.0 80.0 79.0 293.5 236.0 529.5
30639 马思奇 105.0 68.0 100.5 62.0 72.0 62.0 273.5 196.0 469.5
30640 佘卓键 99.0 85.0 99.5 67.0 75.0 65.0 283.5 207.0 490.5
30641 沈畅泳 106.0 119.0 124.0 73.0 77.0 74.0 349.0 224.0 573.0
30642 汤庆琳 103.0 78.0 114.5 64.0 62.0 42.0 295.5 168.0 463.5
30643 王嘉如 108.0 78.0 110.0 67.0 75.0 61.0 296.0 203.0 499.0
30644 王琳 113.0 113.0 121.5 50.0 54.0 70.0 347.5 174.0 521.5
30645 王梓渲 96.0 110.0 127.0 74.0 81.0 73.0 333.0 228.0 561.0
30646 吴文澜 98.0 59.0 92.5 29.0 55.0 61.0 249.5 145.0 394.5
30647 吴妍 109.0 124.0 120.0 62.0 63.0 73.0 353.0 198.0 551.0
30648 许夏帆 109.0 133.0 124.0 66.0 73.0 68.0 366.0 207.0 573.0
30649 许烨琪 97.0 83.0 108.5 65.0 59.0 61.0 288.5 185.0 473.5
30650 杨金满 112.0 76.0 121.5 76.0 82.0 79.0 309.5 237.0 546.5
30651 杨壬 81.0 51.0 76.0 52.0 52.0 37.0 208.0 141.0 349.0
30652 杨依云 114.0 77.0 118.5 66.0 81.0 62.0 309.5 209.0 518.5
30653 蚁维聪 104.0 106.0 102.5 68.0 67.0 73.0 312.5 208.0 520.5
30654 余信荣 96.0 100.0 120.0 73.0 74.0 84.0 316.0 231.0 547.0
30655 喻子韬 95.0 80.0 113.5 64.0 70.0 75.0 288.5 209.0 497.5
30656 詹育东 107.0 95.0 97.5 69.0 80.0 70.0 299.5 219.0 518.5
30657 张棣炫 103.0 84.0 112.0 74.0 78.0 73.0 299.0 225.0 524.0
30658 张欣悦 106.0 96.0 112.5 60.0 62.0 68.0 314.5 190.0 504.5
30659 郑东能 100.0 112.0 99.5 89.0 81.0 77.0 311.5 247.0 558.5
30660 郑凯元 95.0 97.0 116.5 52.0 68.0 67.0 308.5 187.0 495.5
30661 郑泽楠 101.0 88.0 113.5 52.0 68.0 78.0 302.5 198.0 500.5
30662 钟贝琪 107.0 110.0 119.0 57.0 65.0 60.0 336.0 182.0 518.0
30663 周盈贝 98.0 63.0 102.5 51.0 64.0 61.0 263.5 176.0 439.5
30701 蔡博涵 89.0 77.0 95.5 51.0 59.0 46.0 261.5 156.0 417.5
30702 蔡琪 97.0 43.0 97.5 57.0 46.0 51.0 237.5 154.0 391.5
30703 蔡淑熙 103.0 92.0 114.0 50.0 61.0 56.0 309.0 167.0 476.0
30704 蔡晓仪 108.0 88.0 108.0 45.0 69.0 58.0 304.0 172.0 476.0
30705 蔡泽莹 95.0 102.0 103.5 75.0 72.0 65.0 300.5 212.0 512.5
30706 蔡之雅 94.0 83.0 101.0 70.0 66.0 67.0 278.0 203.0 481.0
30707 蔡至钿 96.0 56.0 105.0 50.0 57.0 67.0 257.0 174.0 431.0
30708 陈畅 99.0 69.0 110.0 50.0 64.0 58.0 278.0 172.0 450.0
30709 陈铎仑 111.0 110.0 129.0 85.0 70.0 75.0 350.0 230.0 580.0
30710 陈俊成 103.0 113.0 120.0 90.0 70.0 77.0 336.0 237.0 573.0
30711 陈思冰 0 0 108.5 56.0 40.0 0 0 0 0
30712 陈思桦 87.0 71.0 87.5 61.0 62.0 59.0 245.5 182.0 427.5
30713 陈武杰 98.0 87.0 106.5 82.0 67.0 68.0 291.5 217.0 508.5
30714 陈晓雯 113.0 111.0 126.5 86.0 90.0 77.0 350.5 253.0 603.5
30715 陈奕纯 106.0 107.0 108.0 58.0 40.0 59.0 321.0 157.0 478.0
30716 陈钟之 95.0 107.0 111.0 71.0 64.0 61.0 313.0 196.0 509.0
30717 陈梓博 93.0 75.0 102.0 59.0 72.0 69.0 270.0 200.0 470.0
30719 丁烜 98.0 56.0 89.0 61.0 47.0 62.0 243.0 170.0 413.0
30720 杜昕 116.0 73.0 118.5 79.0 65.0 74.0 307.5 218.0 525.5
30721 杜展 104.0 110.0 121.0 69.0 76.0 79.0 335.0 224.0 559.0
30722 郭枫阳 125.0 110.0 118.0 71.0 77.0 72.0 353.0 220.0 573.0
30723 洪欣苑 111.0 76.0 115.5 55.0 65.0 62.0 302.5 182.0 484.5
30724 洪梓昂 108.0 79.0 121.0 57.0 79.0 75.0 308.0 211.0 519.0
30725 黄心婷 90.0 112.0 112.0 67.0 62.0 66.0 314.0 195.0 509.0
30726 黄芷琳 101.0 82.0 124.0 60.0 59.0 69.0 307.0 188.0 495.0
30727 李博恩 93.0 118.0 115.0 68.0 68.0 72.0 326.0 208.0 534.0
30728 李恺寰 107.0 106.0 95.5 81.0 84.0 85.0 308.5 250.0 558.5
30729 李沛熙 97.0 130.0 102.5 87.0 84.0 74.0 329.5 245.0 574.5
30730 李翊亨 99.0 103.0 104.0 74.0 66.0 81.0 306.0 221.0 527.0
30731 林宏杰 106.0 100.0 108.0 72.0 77.0 62.0 314.0 211.0 525.0
30732 林熙 99.0 64.0 103.0 66.0 70.0 65.0 266.0 201.0 467.0
30733 林映含 105.0 70.0 109.0 74.0 63.0 57.0 284.0 194.0 478.0
30734 林芸 94.0 96.0 113.5 80.0 74.0 71.0 303.5 225.0 528.5
30735 刘乐欣 104.0 116.0 114.0 63.0 69.0 67.0 334.0 199.0 533.0
30736 刘依雯 88.0 74.0 111.0 32.0 49.0 53.0 273.0 134.0 407.0
30737 刘雨奇 100.0 115.0 121.0 74.0 83.0 76.0 336.0 233.0 569.0
30738 刘子烁 88.0 67.0 84.0 52.0 40.0 61.0 239.0 153.0 392.0
30739 陆伟坤 95.0 88.0 98.5 57.0 67.0 68.0 281.5 192.0 473.5
30740 马学宽 103.0 75.0 109.5 56.0 53.0 64.0 287.5 173.0 460.5
30741 彭博澄 103.0 119.0 119.0 66.0 73.0 64.0 341.0 203.0 544.0
30742 邱可盈 97.0 86.0 116.0 79.0 70.0 60.0 299.0 209.0 508.0
30743 佘晓仪 97.0 52.0 104.0 38.0 48.0 53.0 253.0 139.0 392.0
30745 苏烁航 95.0 89.0 101.0 70.0 59.0 65.0 285.0 194.0 479.0
30746 苏斯楠 107.0 80.0 89.5 69.0 58.0 64.0 276.5 191.0 467.5
30747 孙润楷 89.0 91.0 109.0 53.0 64.0 54.0 289.0 171.0 460.0
30748 吴佳生 95.0 84.0 108.5 62.0 78.0 69.0 287.5 209.0 496.5
30749 吴昕 92.0 79.0 103.0 67.0 64.0 68.0 274.0 199.0 473.0
30750 谢伟坤 91.0 92.0 111.0 56.0 68.0 62.0 294.0 186.0 480.0
30751 谢宗泰 101.0 73.0 98.5 50.0 61.0 67.0 272.5 178.0 450.5
30752 徐子媛 109.0 73.0 103.5 65.0 57.0 59.0 285.5 181.0 466.5
30753 许楷扬 105.0 81.0 98.5 59.0 45.0 49.0 284.5 153.0 437.5
30754 许艺瀛 96.0 95.0 109.5 73.0 77.0 72.0 300.5 222.0 522.5
30755 杨深林 109.0 67.0 113.5 81.0 80.0 75.0 289.5 236.0 525.5
30756 杨烨爽 111.0 108.0 96.5 74.0 82.0 73.0 315.5 229.0 544.5
30757 叶乐萱 103.0 122.0 138.5 84.0 84.0 91.0 363.5 259.0 622.5
30758 张睿 100.0 90.0 111.0 82.0 71.0 72.0 301.0 225.0 526.0
30759 张少伟 93.0 94.0 98.5 71.0 62.0 51.0 285.5 184.0 469.5
30760 张煜坚 110.0 64.0 116.0 36.0 37.0 62.0 290.0 135.0 425.0
30761 郑逸晖 107.0 72.0 123.0 61.0 71.0 79.0 302.0 211.0 513.0
30762 钟耿钦 105.0 80.0 98.0 65.0 62.0 61.0 283.0 188.0 471.0
30801 蔡筱蕊 106.0 66.0 115.5 55.0 62.0 59.0 287.5 176.0 463.5
30802 蔡奕桐 110.0 61.0 95.0 45.0 62.0 55.0 266.0 162.0 428.0
30803 蔡泽泓 99.0 90.0 109.0 68.0 57.0 67.0 298.0 192.0 490.0
30804 陈达可 105.0 110.0 114.0 80.0 80.0 72.0 329.0 232.0 561.0
30805 陈丹仪 109.0 108.0 117.5 83.0 84.0 85.0 334.5 252.0 586.5
30806 陈锴榆 99.0 76.0 89.0 24.0 51.0 51.0 264.0 126.0 390.0
30807 陈润慷 100.0 105.0 100.0 65.0 79.0 57.0 305.0 201.0 506.0
30808 陈淑芳 102.0 79.0 107.0 64.0 58.0 49.0 288.0 171.0 459.0
30809 陈彦宇 96.0 93.0 102.0 44.0 47.0 64.0 291.0 155.0 446.0
30810 陈钰琦 107.0 52.0 111.0 35.0 38.0 53.0 270.0 126.0 396.0
30811 陈志航 96.0 38.0 88.0 54.0 47.0 45.0 222.0 146.0 368.0
30812 单浩铭 97.0 64.0 101.5 57.0 61.0 58.0 262.5 176.0 438.5
30813 董煜然 95.0 92.0 114.0 66.0 84.0 81.0 301.0 231.0 532.0
30814 杜庚育 100.0 116.0 128.0 74.0 84.0 84.0 344.0 242.0 586.0
30815 方淑钰 88.0 80.0 113.0 70.0 74.0 58.0 281.0 202.0 483.0
30816 方殷锴 105.0 106.0 118.0 66.0 82.0 70.0 329.0 218.0 547.0
30817 葛颖 95.0 83.0 105.0 53.0 61.0 65.0 283.0 179.0 462.0
30818 郭粉红 111.0 62.0 105.5 49.0 56.0 66.0 278.5 171.0 449.5
30819 郭景瀚 83.0 75.0 114.5 46.0 51.0 67.0 272.5 164.0 436.5
30820 洪立强 94.0 78.0 105.5 71.0 65.0 50.0 277.5 186.0 463.5
30821 洪少锐 103.0 106.0 103.5 63.0 61.0 69.0 312.5 193.0 505.5
30822 黄端 84.0 96.0 103.0 78.0 71.0 71.0 283.0 220.0 503.0
30823 黄丰 99.0 101.0 106.5 67.0 59.0 67.0 306.5 193.0 499.5
30824 黄俊斐 99.0 105.0 110.0 74.0 73.0 67.0 314.0 214.0 528.0
30825 黄可欣 107.0 105.0 123.0 59.0 71.0 59.0 335.0 189.0 524.0
30826 金泽薰 102.0 84.0 111.0 73.0 62.0 75.0 297.0 210.0 507.0
30827 蓝旸 98.0 90.0 117.5 64.0 59.0 56.0 305.5 179.0 484.5
30828 林炳丽 106.0 105.0 127.5 96.0 86.0 78.0 338.5 260.0 598.5
30829 林栾荀 107.0 113.0 108.0 64.0 71.0 70.0 328.0 205.0 533.0
30830 林若彤 108.0 108.0 106.5 66.0 68.0 56.0 322.5 190.0 512.5
30831 林晓纯 107.0 92.0 121.5 74.0 77.0 65.0 320.5 216.0 536.5
30832 林钇 99.0 118.0 112.0 67.0 77.0 80.0 329.0 224.0 553.0
30833 林毓莹 86.0 88.0 117.5 46.0 50.0 45.0 291.5 141.0 432.5
30834 林泽凯 94.0 69.0 98.5 57.0 69.0 52.0 261.5 178.0 439.5
30835 刘尔嘉 107.0 101.0 121.5 69.0 82.0 72.0 329.5 223.0 552.5
30836 马旭宁 90.0 78.0 101.0 84.0 75.0 72.0 269.0 231.0 500.0
30837 彭诗妍 96.0 43.0 104.5 55.0 51.0 42.0 243.5 148.0 391.5
30838 宋洁榕 93.0 66.0 117.0 53.0 68.0 65.0 276.0 186.0 462.0
30839 王绿蔚 104.0 98.0 123.0 62.0 72.0 70.0 325.0 204.0 529.0
30840 王维佳 98.0 65.0 88.5 55.0 45.0 45.0 251.5 145.0 396.5
30841 王知往 97.0 67.0 98.0 47.0 67.0 55.0 262.0 169.0 431.0
30842 王志扬 95.0 98.0 114.5 64.0 76.0 68.0 307.5 208.0 515.5
30843 温一海 102.0 69.0 120.0 68.0 53.0 61.0 291.0 182.0 473.0
30844 吴丹妮 93.0 62.0 94.0 56.0 57.0 41.0 249.0 154.0 403.0
30845 吴赋 107.0 117.0 116.5 88.0 78.0 77.0 340.5 243.0 583.5
30846 吴润铭 109.0 79.0 104.0 51.0 52.0 58.0 292.0 161.0 453.0
30847 吴夏韵 97.0 71.0 79.5 52.0 72.0 53.0 247.5 177.0 424.5
30848 辛铄浩 85.0 107.0 108.5 59.0 68.0 70.0 300.5 197.0 497.5
30849 杨婷婷 111.0 76.0 113.5 61.0 54.0 65.0 300.5 180.0 480.5
30850 曾宇丹 111.0 126.0 122.5 87.0 77.0 82.0 359.5 246.0 605.5
30851 曾宇煌 102.0 71.0 105.5 41.0 70.0 61.0 278.5 172.0 450.5
30852 张晓斐 108.0 63.0 108.5 48.0 61.0 68.0 279.5 177.0 456.5
30853 张梓涵 85.0 98.0 113.0 48.0 72.0 73.0 296.0 193.0 489.0
30854 郑聪 93.0 86.0 115.5 50.0 59.0 67.0 294.5 176.0 470.5
30855 郑岱锋 95.0 41.0 108.5 42.0 52.0 60.0 244.5 154.0 398.5
30856 郑楷融 85.0 48.0 98.0 51.0 55.0 49.0 231.0 155.0 386.0
30857 郑欣琳 97.0 73.0 112.0 51.0 56.0 55.0 282.0 162.0 444.0
30858 郑宇平 93.0 91.0 103.5 59.0 66.0 57.0 287.5 182.0 469.5
30859 周弋钿 117.0 90.0 131.0 61.0 76.0 74.0 338.0 211.0 549.0
30860 朱宇寅 93.0 44.0 112.0 44.0 49.0 54.0 249.0 147.0 396.0
30861 庄先正 87.0 58.0 93.0 51.0 54.0 54.0 238.0 159.0 397.0
30862 邹彤彤 89.0 62.0 109.5 48.0 53.0 64.0 260.5 165.0 425.5
30901 蔡仰涵 106.0 100.0 105.0 82.0 87.0 77.0 311.0 246.0 557.0
30902 陈玳翊 85.0 86.0 86.5 63.0 54.0 53.0 257.5 170.0 427.5
30903 陈方梓淳 95.0 104.0 111.5 54.0 55.0 56.0 310.5 165.0 475.5
30904 陈俊锴 96.0 103.0 112.0 56.0 66.0 51.0 311.0 173.0 484.0
30905 陈铿 87.0 75.0 108.5 21.0 64.0 54.0 270.5 139.0 409.5
30906 陈琳 108.0 86.0 107.0 56.0 73.0 61.0 301.0 190.0 491.0
30907 陈淼泓 120.0 79.0 93.5 28.0 53.0 53.0 292.5 134.0 426.5
30908 陈诺 114.0 106.0 112.0 52.0 72.0 66.0 332.0 190.0 522.0
30909 陈申 104.0 104.0 118.5 58.0 83.0 66.0 326.5 207.0 533.5
30910 陈曦芃 102.0 84.0 116.0 60.0 59.0 66.0 302.0 185.0 487.0
30911 陈逸挺 93.0 85.0 92.5 48.0 57.0 40.0 270.5 145.0 415.5
30912 陈钰媛 96.0 102.0 99.0 51.0 59.0 44.0 297.0 154.0 451.0
30913 陈裕 80.0 72.0 100.5 50.0 66.0 60.0 252.5 176.0 428.5
30914 陈钊燚 91.0 108.0 115.0 68.0 76.0 75.0 314.0 219.0 533.0
30915 丁琪瑄 91.0 90.0 102.0 41.0 50.0 51.0 283.0 142.0 425.0
30916 丁泽晟 105.0 109.0 102.5 67.0 85.0 68.0 316.5 220.0 536.5
30917 董信步 96.0 88.0 110.5 76.0 67.0 66.0 294.5 209.0 503.5
30918 郭婉祺 96.0 117.0 113.0 73.0 76.0 67.0 326.0 216.0 542.0
30919 郭潇凯 104.0 118.0 112.0 65.0 71.0 58.0 334.0 194.0 528.0
30920 洪愿足 103.0 110.0 104.5 77.0 62.0 67.0 317.5 206.0 523.5
30921 黄川 103.0 110.0 109.0 66.0 85.0 60.0 322.0 211.0 533.0
30923 黄晓彤 90.0 65.0 101.5 45.0 50.0 50.0 256.5 145.0 401.5
30924 黄泽钦 95.0 135.0 116.0 74.0 79.0 72.0 346.0 225.0 571.0
30925 黄梓媛 95.0 117.0 115.0 67.0 65.0 61.0 327.0 193.0 520.0
30926 蓝菁 104.0 79.0 112.5 53.0 59.0 50.0 295.5 162.0 457.5
30927 李金洺 81.0 76.0 105.0 43.0 40.0 51.0 262.0 134.0 396.0
30928 李乐浩 95.0 110.0 109.0 68.0 65.0 53.0 314.0 186.0 500.0
30929 李泽銮 112.0 66.0 108.0 68.0 76.0 65.0 286.0 209.0 495.0
30930 林翰 96.0 65.0 90.0 33.0 65.0 57.0 251.0 155.0 406.0
30931 林洁娜 96.0 74.0 117.5 39.0 48.0 56.0 287.5 143.0 430.5
30932 林锦燕 102.0 114.0 114.0 65.0 86.0 74.0 330.0 225.0 555.0
30933 林仕居 104.0 97.0 129.0 73.0 75.0 71.0 330.0 219.0 549.0
30934 林铄浩 92.0 117.0 106.0 57.0 70.0 77.0 315.0 204.0 519.0
30935 林晓琪 104.0 115.0 117.5 50.0 72.0 66.0 336.5 188.0 524.5
30936 林依洁 101.0 101.0 113.5 53.0 63.0 60.0 315.5 176.0 491.5
30937 刘泳钊 95.0 73.0 94.0 42.0 56.0 43.0 262.0 141.0 403.0
30938 罗泽鑫 103.0 111.0 105.5 76.0 76.0 71.0 319.5 223.0 542.5
30939 欧阳苇航 87.0 112.0 102.0 83.0 81.0 74.0 301.0 238.0 539.0
30940 潘沛 102.0 108.0 108.0 57.0 46.0 56.0 318.0 159.0 477.0
30941 邱子涵 92.0 104.0 109.0 68.0 76.0 62.0 305.0 206.0 511.0
30942 芮滢 94.0 107.0 118.5 72.0 75.0 67.0 319.5 214.0 533.5
30943 沈子钦 83.0 75.0 116.5 72.0 67.0 57.0 274.5 196.0 470.5
30944 王逸楠 94.0 65.0 123.5 61.0 71.0 62.0 282.5 194.0 476.5
30945 王梓宜 97.0 102.0 112.0 68.0 77.0 71.0 311.0 216.0 527.0
30946 吴佳锡 99.0 107.0 114.0 66.0 77.0 70.0 320.0 213.0 533.0
30947 吴奕艾 80.0 82.0 88.0 54.0 65.0 50.0 250.0 169.0 419.0
30948 吴逸慈 113.0 106.0 133.0 77.0 83.0 88.0 352.0 248.0 600.0
30949 徐仰男 92.0 91.0 116.5 56.0 68.0 68.0 299.5 192.0 491.5
30950 杨亦茜 93.0 112.0 116.5 59.0 71.0 59.0 321.5 189.0 510.5
30951 姚炜琳 93.0 57.0 94.0 32.0 56.0 51.0 244.0 139.0 383.0
30952 余烁 97.0 84.0 107.0 51.0 61.0 69.0 288.0 181.0 469.0
30953 袁一欣 101.0 79.0 112.0 50.0 52.0 48.0 292.0 150.0 442.0
30954 曾慧宾 100.0 88.0 105.5 61.0 71.0 68.0 293.5 200.0 493.5
30955 张涵 115.0 129.0 123.5 81.0 77.0 88.0 367.5 246.0 613.5
30956 张禾 107.0 84.0 108.5 59.0 69.0 62.0 299.5 190.0 489.5
30957 郑瑞锐 95.0 122.0 121.0 69.0 87.0 81.0 338.0 237.0 575.0
30958 郑闻铎 98.0 92.0 100.5 78.0 67.0 70.0 290.5 215.0 505.5
30959 郑勋 100.0 82.0 126.5 52.0 56.0 56.0 308.5 164.0 472.5
30960 郑哲 95.0 53.0 97.0 48.0 52.0 36.0 245.0 136.0 381.0
30961 朱海平 84.0 89.0 108.5 49.0 77.0 67.0 281.5 193.0 474.5
30962 庄瑞临 97.0 94.0 113.5 43.0 46.0 56.0 304.5 145.0 449.5
31001 蔡凡 86.0 106.0 112.5 69.0 64.0 70.0 304.5 203.0 507.5
31002 蔡若珂 98.0 99.0 110.0 68.0 69.0 71.0 307.0 208.0 515.0
31004 蔡周峰 97.0 89.0 100.0 67.0 69.0 68.0 286.0 204.0 490.0
31005 陈蓓蓓 92.0 110.0 87.5 56.0 63.0 58.0 289.5 177.0 466.5
31006 陈钧哲 102.0 131.0 116.5 72.0 78.0 74.0 349.5 224.0 573.5
31007 陈树煜 91.0 64.0 97.5 56.0 78.0 62.0 252.5 196.0 448.5
31008 陈泰霖 101.0 87.0 122.0 59.0 67.0 70.0 310.0 196.0 506.0
31009 陈童菲 99.0 117.0 114.0 70.0 79.0 78.0 330.0 227.0 557.0
31010 陈泽锋 105.0 101.0 97.0 42.0 72.0 62.0 303.0 176.0 479.0
31011 陈泽锐 99.0 87.0 110.5 47.0 62.0 64.0 296.5 173.0 469.5
31012 池逸和 96.0 101.0 135.5 55.0 73.0 73.0 332.5 201.0 533.5
31013 杜鑫 101.0 91.0 119.0 60.0 70.0 70.0 311.0 200.0 511.0
31014 范冬倪 96.0 92.0 106.0 55.0 59.0 65.0 294.0 179.0 473.0
31015 房瑜仪 86.0 113.0 104.5 73.0 74.0 60.0 303.5 207.0 510.5
31016 高帅博 95.0 109.0 112.0 62.0 84.0 70.0 316.0 216.0 532.0
31017 黄钿津 73.0 97.0 90.5 36.0 49.0 37.0 260.5 122.0 382.5
31018 黄兰馨 94.0 105.0 105.0 58.0 58.0 60.0 304.0 176.0 480.0
31019 黄立涵 87.0 93.0 116.5 65.0 68.0 66.0 296.5 199.0 495.5
31020 黄泽瀚 108.0 110.0 122.0 75.0 78.0 71.0 340.0 224.0 564.0
31021 纪南帆 99.0 100.0 98.5 67.0 69.0 59.0 297.5 195.0 492.5
31022 纪欣格 97.0 111.0 120.0 40.0 61.0 56.0 328.0 157.0 485.0
31023 金敏桦 109.0 74.0 114.0 61.0 76.0 78.0 297.0 215.0 512.0
31024 李嘉桦 92.0 79.0 110.0 47.0 66.0 59.0 281.0 172.0 453.0
31025 李芷佳 103.0 90.0 116.0 56.0 45.0 67.0 309.0 168.0 477.0
31026 林翠环 94.0 132.0 120.0 59.0 65.0 59.0 346.0 183.0 529.0
31027 林丹娜 100.0 110.0 112.5 58.0 79.0 76.0 322.5 213.0 535.5
31028 林婷婷 95.0 117.0 124.0 70.0 72.0 73.0 336.0 215.0 551.0
31029 林钰 102.0 77.0 128.0 49.0 49.0 75.0 307.0 173.0 480.0
31030 林展锋 97.0 89.0 115.0 61.0 70.0 70.0 301.0 201.0 502.0
31031 林子潼 102.0 104.0 118.0 73.0 76.0 87.0 324.0 236.0 560.0
31032 刘派佳 102.0 94.0 106.5 70.0 68.0 73.0 302.5 211.0 513.5
31033 陆天宇 86.0 76.0 93.5 57.0 61.0 71.0 255.5 189.0 444.5
31034 马殊 108.0 109.0 120.5 54.0 67.0 63.0 337.5 184.0 521.5
31035 邱驰 98.0 108.0 121.5 61.0 74.0 71.0 327.5 206.0 533.5
31036 邱煜群 93.0 101.0 104.5 68.0 75.0 78.0 298.5 221.0 519.5
31037 王昊东 105.0 116.0 107.5 79.0 81.0 63.0 328.5 223.0 551.5
31038 王新荣 106.0 129.0 121.0 84.0 88.0 85.0 356.0 257.0 613.0
31039 王岳 105.0 86.0 107.0 77.0 67.0 63.0 298.0 207.0 505.0
31040 王芸 89.0 81.0 97.5 65.0 63.0 63.0 267.5 191.0 458.5
31041 翁培锴 110.0 97.0 128.0 71.0 75.0 67.0 335.0 213.0 548.0
31042 吴铭洵 82.0 91.0 102.0 41.0 44.0 51.0 275.0 136.0 411.0
31043 吴楠 94.0 104.0 118.5 72.0 73.0 72.0 316.5 217.0 533.5
31044 吴新仪 99.0 88.0 110.0 45.0 50.0 66.0 297.0 161.0 458.0
31045 夏立嘉 89.0 112.0 114.5 57.0 69.0 68.0 315.5 194.0 509.5
31046 辛焜媛 103.0 101.0 111.0 63.0 77.0 71.0 315.0 211.0 526.0
31047 辛源锋 101.0 83.0 113.0 43.0 56.0 54.0 297.0 153.0 450.0
31048 许思琪 105.0 94.0 103.0 65.0 55.0 48.0 302.0 168.0 470.0
31049 羊雪琪 100.0 120.0 116.5 67.0 89.0 82.0 336.5 238.0 574.5
31050 杨基石 104.0 111.0 113.0 65.0 81.0 59.0 328.0 205.0 533.0
31051 杨璐羽 97.0 111.0 110.0 68.0 66.0 67.0 318.0 201.0 519.0
31052 曾炀铃 96.0 97.0 95.0 45.0 57.0 68.0 288.0 170.0 458.0
31053 曾钰辉 95.0 96.0 85.5 57.0 75.0 69.0 276.5 201.0 477.5
31054 张森烔 96.0 78.0 108.5 39.0 70.0 60.0 282.5 169.0 451.5
31055 赵博瑄 95.0 54.0 92.0 32.0 44.0 39.0 241.0 115.0 356.0
31056 郑乐镔 99.0 94.0 101.5 63.0 69.0 55.0 294.5 187.0 481.5
31057 郑若晗 103.0 92.0 117.0 57.0 60.0 58.0 312.0 175.0 487.0
31058 郑少铭 107.0 97.0 118.5 60.0 80.0 72.0 322.5 212.0 534.5
31059 郑伟纯 107.0 135.0 124.5 75.0 86.0 84.0 366.5 245.0 611.5
31060 周宇程 94.0 83.0 94.5 66.0 66.0 63.0 271.5 195.0 466.5
31061 周之祺 96.0 107.0 101.0 73.0 69.0 62.0 304.0 204.0 508.0
31062 庄杰涛 97.0 125.0 120.0 81.0 86.0 70.0 342.0 237.0 579.0
31101 蔡滨 97.0 104.0 128.0 84.0 89.0 87.0 329.0 260.0 589.0
31102 曹耿槟 90.0 64.0 110.5 61.0 64.0 65.0 264.5 190.0 454.5
31103 陈浩钦 111.0 100.0 125.5 77.0 73.0 86.0 336.5 236.0 572.5
31104 陈洪昱 115.0 118.0 113.5 68.0 62.0 87.0 346.5 217.0 563.5
31105 陈令烨 97.0 75.0 115.5 49.0 62.0 56.0 287.5 167.0 454.5
31106 陈斯昂 109.0 150.0 132.5 94.0 88.0 90.0 391.5 272.0 663.5
31107 陈逸南 104.0 97.0 124.5 69.0 82.0 81.0 325.5 232.0 557.5
31108 陈逸天 101.0 79.0 94.0 66.0 73.0 68.0 274.0 207.0 481.0
31109 陈詠萩 109.0 127.0 127.5 84.0 73.0 84.0 363.5 241.0 604.5
31110 代桂敏 97.0 53.0 107.5 63.0 54.0 65.0 257.5 182.0 439.5
31111 方江鑫 102.0 110.0 122.5 65.0 72.0 73.0 334.5 210.0 544.5
31112 方武智 103.0 82.0 108.5 53.0 55.0 72.0 293.5 180.0 473.5
31113 高亦婷 109.0 81.0 116.0 59.0 60.0 67.0 306.0 186.0 492.0
31114 郭林凯 101.0 118.0 109.5 59.0 70.0 57.0 328.5 186.0 514.5
31115 黄航 94.0 105.0 108.0 76.0 81.0 73.0 307.0 230.0 537.0
31116 黄腾 95.0 73.0 109.0 68.0 69.0 55.0 277.0 192.0 469.0
31117 黄钰涵 102.0 75.0 103.0 55.0 55.0 64.0 280.0 174.0 454.0
31118 黄仲铖 90.0 80.0 91.0 57.0 63.0 54.0 261.0 174.0 435.0
31119 蓝欣悦 108.0 66.0 117.5 47.0 47.0 64.0 291.5 158.0 449.5
31120 李琳纯 94.0 55.0 101.5 43.0 47.0 52.0 250.5 142.0 392.5
31121 李世濠 107.0 76.0 110.5 69.0 70.0 68.0 293.5 207.0 500.5
31122 李晓琳 96.0 86.0 107.0 45.0 76.0 60.0 289.0 181.0 470.0
31123 李旭纯 98.0 101.0 125.5 77.0 75.0 76.0 324.5 228.0 552.5
31124 林德明 108.0 112.0 107.0 88.0 77.0 82.0 327.0 247.0 574.0
31125 林介山 100.0 105.0 87.5 76.0 78.0 69.0 292.5 223.0 515.5
31126 林琳 106.0 89.0 106.5 53.0 46.0 60.0 301.5 159.0 460.5
31127 林南裕 92.0 96.0 128.5 79.0 76.0 63.0 316.5 218.0 534.5
31128 林烁 98.0 95.0 104.5 61.0 77.0 60.0 297.5 198.0 495.5
31129 林媛 103.0 89.0 85.0 64.0 62.0 64.0 277.0 190.0 467.0
31130 林泽豪 109.0 106.0 126.5 69.0 68.0 74.0 341.5 211.0 552.5
31131 林曾越 101.0 119.0 113.5 64.0 71.0 72.0 333.5 207.0 540.5
31132 卢楠 94.0 88.0 113.0 34.0 55.0 53.0 295.0 142.0 437.0
31133 罗世跃 99.0 46.0 113.0 59.0 66.0 62.0 258.0 187.0 445.0
31134 佘晓洁 106.0 54.0 114.5 20.0 54.0 57.0 274.5 131.0 405.5
31135 宋畅 111.0 113.0 107.5 62.0 69.0 64.0 331.5 195.0 526.5
31136 苏梓禄 81.0 56.0 73.0 24.0 62.0 62.0 210.0 148.0 358.0
31137 孙可欣 107.0 126.0 119.5 72.0 82.0 82.0 352.5 236.0 588.5
31138 王冬梅 110.0 83.0 105.0 72.0 82.0 87.0 298.0 241.0 539.0
31139 王睿琪 99.0 75.0 95.5 69.0 66.0 62.0 269.5 197.0 466.5
31140 王松波 100.0 127.0 114.5 68.0 76.0 73.0 341.5 217.0 558.5
31141 王宇涵 102.0 105.0 110.5 63.0 76.0 83.0 317.5 222.0 539.5
31142 翁锐鹏 93.0 53.0 80.5 39.0 45.0 48.0 226.5 132.0 358.5
31143 翁慎喆 103.0 63.0 109.5 62.0 64.0 69.0 275.5 195.0 470.5
31144 吴吉莉 90.0 68.0 122.5 63.0 58.0 73.0 280.5 194.0 474.5
31145 吴锦涛 97.0 62.0 82.5 38.0 44.0 50.0 241.5 132.0 373.5
31146 吴泽钟 105.0 82.0 87.0 57.0 57.0 64.0 274.0 178.0 452.0
31147 肖涵 98.0 68.0 111.0 75.0 67.0 61.0 277.0 203.0 480.0
31148 肖芷雅 101.0 93.0 117.0 60.0 68.0 75.0 311.0 203.0 514.0
31149 谢冬纯 103.0 117.0 108.5 65.0 89.0 84.0 328.5 238.0 566.5
31150 谢晴 110.0 84.0 110.5 60.0 73.0 76.0 304.5 209.0 513.5
31151 徐子东 101.0 98.0 124.0 77.0 80.0 69.0 323.0 226.0 549.0
31152 杨薇 108.0 102.0 111.5 78.0 78.0 74.0 321.5 230.0 551.5
31153 杨艺霞 115.0 105.0 130.5 82.0 69.0 76.0 350.5 227.0 577.5
31154 姚曙凯 91.0 84.0 92.0 64.0 61.0 61.0 267.0 186.0 453.0
31155 曾扬航 97.0 108.0 120.5 64.0 58.0 60.0 325.5 182.0 507.5
31156 张新阳 98.0 114.0 113.5 77.0 69.0 69.0 325.5 215.0 540.5
31157 郑长河 84.0 93.0 117.5 56.0 70.0 58.0 294.5 184.0 478.5
31158 郑力中 97.0 101.0 125.5 67.0 68.0 69.0 323.5 204.0 527.5
31159 郑润华 93.0 106.0 114.5 64.0 57.0 71.0 313.5 192.0 505.5
31160 郑逸锋 103.0 103.0 103.5 72.0 82.0 80.0 309.5 234.0 543.5
31161 周锦煜 89.0 62.0 104.0 65.0 61.0 60.0 255.0 186.0 441.0
31201 陈健颖 100.0 110.0 100.0 69.0 71.0 85.0 310.0 225.0 535.0
31202 陈楠弘 90.0 64.0 101.5 60.0 55.0 60.0 255.5 175.0 430.5
31203 陈祈丹 91.0 74.0 104.5 41.0 49.0 58.0 269.5 148.0 417.5
31204 陈舒颖 94.0 107.0 109.5 72.0 83.0 76.0 310.5 231.0 541.5
31205 陈晓婷 88.0 74.0 104.0 64.0 64.0 54.0 266.0 182.0 448.0
31206 陈雅昕 99.0 105.0 106.5 78.0 79.0 73.0 310.5 230.0 540.5
31207 陈逸泓 107.0 65.0 109.5 71.0 71.0 63.0 281.5 205.0 486.5
31208 陈裕渊 101.0 118.0 118.5 80.0 78.0 77.0 337.5 235.0 572.5
31209 程梓 92.0 114.0 103.0 64.0 65.0 55.0 309.0 184.0 493.0
31210 池霖锋 94.0 131.0 103.5 68.0 66.0 54.0 328.5 188.0 516.5
31211 高丹敏 106.0 106.0 120.0 71.0 72.0 62.0 332.0 205.0 537.0
31212 洪耿鑫 89.0 99.0 95.5 68.0 79.0 68.0 283.5 215.0 498.5
31213 洪泳琪 102.0 93.0 104.0 70.0 86.0 76.0 299.0 232.0 531.0
31214 黄骏涵 95.0 0 96.5 45.0 63.0 0 0 0 0
31215 黄丽楠 91.0 58.0 100.5 46.0 64.0 52.0 249.5 162.0 411.5
31216 黄绵煌 108.0 84.0 111.0 66.0 61.0 49.0 303.0 176.0 479.0
31217 黄曦宇 97.0 62.0 84.5 64.0 60.0 60.0 243.5 184.0 427.5
31218 李洁淳 109.0 46.0 98.5 57.0 59.0 61.0 253.5 177.0 430.5
31219 李晓波 80.0 73.0 74.0 62.0 70.0 54.0 227.0 186.0 413.0
31220 李育纯 102.0 103.0 107.0 71.0 75.0 66.0 312.0 212.0 524.0
31221 李云山 97.0 86.0 107.5 72.0 82.0 61.0 290.5 215.0 505.5
31222 林翰韬 101.0 71.0 113.0 65.0 77.0 71.0 285.0 213.0 498.0
31223 林靖 108.0 117.0 127.5 93.0 87.0 77.0 352.5 257.0 609.5
31224 林敏英 110.0 102.0 114.0 55.0 84.0 76.0 326.0 215.0 541.0
31225 林汪灏 111.0 48.0 83.5 42.0 60.0 57.0 242.5 159.0 401.5
31226 林晓仰 107.0 86.0 112.0 66.0 77.0 69.0 305.0 212.0 517.0
31227 刘陈婷 107.0 113.0 122.0 68.0 80.0 81.0 342.0 229.0 571.0
31228 刘淇文 102.0 79.0 100.0 57.0 62.0 52.0 281.0 171.0 452.0
31229 刘逸璋 100.0 121.0 113.5 57.0 70.0 67.0 334.5 194.0 528.5
31230 罗立扬 92.0 102.0 108.0 57.0 77.0 72.0 302.0 206.0 508.0
31231 马尚霖 89.0 82.0 83.0 36.0 53.0 51.0 254.0 140.0 394.0
31232 沈楠 105.0 74.0 101.5 73.0 72.0 58.0 280.5 203.0 483.5
31233 孙奇 93.0 136.0 124.0 79.0 90.0 88.0 353.0 257.0 610.0
31234 孙泽鑫 87.0 46.0 93.5 37.0 48.0 52.0 226.5 137.0 363.5
31235 王锴 112.0 88.0 103.5 65.0 73.0 85.0 303.5 223.0 526.5
31236 王婉仪 107.0 49.0 109.0 32.0 57.0 59.0 265.0 148.0 413.0
31237 王炜 89.0 133.0 115.0 83.0 80.0 77.0 337.0 240.0 577.0
31238 王志鹏 112.0 98.0 124.5 80.0 81.0 73.0 334.5 234.0 568.5
31239 王梓菁 101.0 106.0 102.5 74.0 68.0 72.0 309.5 214.0 523.5
31240 翁子腾 77.0 51.0 0 66.0 68.0 55.0 0 189.0 0
31241 吴宏振 95.0 70.0 108.0 50.0 46.0 43.0 273.0 139.0 412.0
31242 吴捷健 113.0 127.0 123.0 86.0 92.0 88.0 363.0 266.0 629.0
31243 吴晓杰 96.0 107.0 102.0 70.0 85.0 70.0 305.0 225.0 530.0
31244 肖扬秀 96.0 125.0 109.0 77.0 80.0 63.0 330.0 220.0 550.0
31245 谢艾津 112.0 108.0 106.5 60.0 65.0 72.0 326.5 197.0 523.5
31246 谢泽杰 106.0 94.0 111.5 64.0 81.0 78.0 311.5 223.0 534.5
31247 许涵英 89.0 123.0 119.5 73.0 76.0 57.0 331.5 206.0 537.5
31248 许佳森 83.0 52.0 73.0 60.0 51.0 57.0 208.0 168.0 376.0
31249 许桐辉 93.0 92.0 94.5 69.0 50.0 53.0 279.5 172.0 451.5
31250 杨时骅 92.0 57.0 92.0 37.0 31.0 34.0 241.0 102.0 343.0
31251 杨时颖 96.0 101.0 100.5 59.0 66.0 69.0 297.5 194.0 491.5
31252 余洢彤 92.0 89.0 108.0 53.0 59.0 59.0 289.0 171.0 460.0
31253 曾婵娟 97.0 113.0 119.5 82.0 88.0 77.0 329.5 247.0 576.5
31254 张漫卿 90.0 55.0 97.0 45.0 46.0 57.0 242.0 148.0 390.0
31255 张睿莹 100.0 107.0 109.5 67.0 69.0 69.0 316.5 205.0 521.5
31256 张艺涵 110.0 105.0 105.5 73.0 63.0 71.0 320.5 207.0 527.5
31257 郑思思 103.0 57.0 102.5 51.0 63.0 58.0 262.5 172.0 434.5
31258 郑希彦 95.0 76.0 95.5 62.0 51.0 59.0 266.5 172.0 438.5
31259 郑以豪 97.0 100.0 105.0 59.0 79.0 71.0 302.0 209.0 511.0
31260 周名弦 102.0 138.0 126.0 69.0 91.0 86.0 366.0 246.0 612.0
31261 朱源腾 94.0 77.0 91.0 53.0 55.0 68.0 262.0 176.0 438.0
31262 朱越 116.0 91.0 118.0 69.0 76.0 81.0 325.0 226.0 551.0
31301 蔡祎晖 106.0 114.0 94.5 58.0 72.0 66.0 314.5 196.0 510.5
31302 蔡永杰 83.0 92.0 84.0 49.0 70.0 65.0 259.0 184.0 443.0
31303 蔡泽莎 90.0 99.0 110.5 63.0 71.0 72.0 299.5 206.0 505.5
31304 蔡芝恬 106.0 106.0 113.5 66.0 63.0 60.0 325.5 189.0 514.5
31305 陈璐 105.0 83.0 109.0 57.0 65.0 62.0 297.0 184.0 481.0
31306 陈冉 103.0 100.0 129.5 56.0 70.0 71.0 332.5 197.0 529.5
31307 陈文博 98.0 116.0 118.5 94.0 90.0 80.0 332.5 264.0 596.5
31308 陈宇铭 107.0 113.0 119.0 67.0 81.0 79.0 339.0 227.0 566.0
31309 陈岳彬 91.0 97.0 110.0 63.0 71.0 56.0 298.0 190.0 488.0
31310 郭剑豪 97.0 88.0 116.0 57.0 80.0 67.0 301.0 204.0 505.0
31311 黄凯丽 101.0 78.0 116.5 44.0 61.0 71.0 295.5 176.0 471.5
31312 黄宇阳 109.0 107.0 129.5 77.0 89.0 80.0 345.5 246.0 591.5
31313 黄桢栩 98.0 76.0 114.5 46.0 50.0 71.0 288.5 167.0 455.5
31314 黄柱铭 85.0 109.0 100.0 51.0 72.0 61.0 294.0 184.0 478.0
31315 赖浩锋 109.0 118.0 116.5 76.0 88.0 80.0 343.5 244.0 587.5
31316 李斯涵 99.0 83.0 106.5 55.0 68.0 60.0 288.5 183.0 471.5
31317 林耿烨 88.0 98.0 119.5 69.0 76.0 64.0 305.5 209.0 514.5
31318 林炜钿 103.0 62.0 104.0 64.0 68.0 51.0 269.0 183.0 452.0
31319 林业渺 100.0 80.0 95.5 58.0 65.0 48.0 275.5 171.0 446.5
31320 林子棉 95.0 109.0 102.0 69.0 81.0 82.0 306.0 232.0 538.0
31321 刘佳彤 103.0 87.0 99.0 62.0 52.0 61.0 289.0 175.0 464.0
31322 刘珊 106.0 104.0 132.0 64.0 73.0 68.0 342.0 205.0 547.0
31323 陆齐 87.0 75.0 121.0 23.0 63.0 55.0 283.0 141.0 424.0
31324 马丹泓 91.0 52.0 71.5 59.0 72.0 55.0 214.5 186.0 400.5
31325 马伟根 93.0 118.0 114.5 81.0 87.0 81.0 325.5 249.0 574.5
31326 欧斐斐 105.0 112.0 134.0 68.0 87.0 75.0 351.0 230.0 581.0
31327 宋伊钿 100.0 83.0 101.0 48.0 52.0 67.0 284.0 167.0 451.0
31328 苏昉 105.0 87.0 111.0 62.0 66.0 71.0 303.0 199.0 502.0
31329 孙佳笙 94.0 107.0 112.0 55.0 76.0 68.0 313.0 199.0 512.0
31330 孙隽源 86.0 102.0 119.5 72.0 81.0 70.0 307.5 223.0 530.5
31331 吴国炀 86.0 73.0 106.5 45.0 67.0 66.0 265.5 178.0 443.5
31332 吴铭泓 99.0 129.0 115.5 70.0 84.0 79.0 343.5 233.0 576.5
31333 吴任诚 87.0 57.0 99.5 41.0 65.0 54.0 243.5 160.0 403.5
31334 吴之林 101.0 85.0 110.5 66.0 73.0 68.0 296.5 207.0 503.5
31335 肖林昕 94.0 51.0 103.0 31.0 55.0 65.0 248.0 151.0 399.0
31336 谢键焕 91.0 140.0 116.0 80.0 87.0 82.0 347.0 249.0 596.0
31337 谢向川 86.0 0 0 0 0 0 0 0 0
31338 徐略 108.0 36.0 94.5 30.0 40.0 48.0 238.5 118.0 356.5
31339 徐紫丹 102.0 87.0 109.0 37.0 63.0 60.0 298.0 160.0 458.0
31340 许锦涛 101.0 106.0 117.0 60.0 87.0 81.0 324.0 228.0 552.0
31341 许稚芝 95.0 94.0 117.0 58.0 75.0 62.0 306.0 195.0 501.0
31342 许宗蕾 73.0 67.0 78.5 55.0 48.0 53.0 218.5 156.0 374.5
31343 颜舒洁 103.0 75.0 109.5 26.0 51.0 59.0 287.5 136.0 423.5
31344 羊恩跃 81.0 98.0 89.0 67.0 71.0 66.0 268.0 204.0 472.0
31345 杨璐洁 111.0 121.0 126.5 73.0 75.0 74.0 358.5 222.0 580.5
31346 杨宓 111.0 89.0 117.0 56.0 65.0 77.0 317.0 198.0 515.0
31347 杨晓虹 104.0 82.0 100.0 75.0 51.0 76.0 286.0 202.0 488.0
31348 姚佳宜 123.0 100.0 120.0 71.0 67.0 80.0 343.0 218.0 561.0
31349 姚星宇 95.0 70.0 110.5 64.0 65.0 54.0 275.5 183.0 458.5
31350 姚映苗 109.0 102.0 120.0 49.0 75.0 69.0 331.0 193.0 524.0
31351 余嘉梓 103.0 74.0 108.5 72.0 59.0 64.0 285.5 195.0 480.5
31352 曾博宇 100.0 139.0 125.5 81.0 85.0 87.0 364.5 253.0 617.5
31354 曾坚锐 111.0 106.0 114.0 57.0 82.0 69.0 331.0 208.0 539.0
31355 曾妍 77.0 92.0 105.0 60.0 75.0 59.0 274.0 194.0 468.0
31356 詹海鹏 102.0 146.0 109.5 68.0 74.0 75.0 357.5 217.0 574.5
31357 詹絮素 102.0 75.0 100.0 56.0 53.0 44.0 277.0 153.0 430.0
31358 张泽恩 100.0 74.0 104.0 35.0 55.0 57.0 278.0 147.0 425.0
31359 章智秋 99.0 125.0 112.5 69.0 80.0 79.0 336.5 228.0 564.5
31360 郑少锐 93.0 94.0 88.0 55.0 68.0 69.0 275.0 192.0 467.0
31361 郑泽明 89.0 107.0 101.0 66.0 73.0 72.0 297.0 211.0 508.0
31362 庄鸿鑫 98.0 106.0 120.0 92.0 82.0 85.0 324.0 259.0 583.0
31401 陈岱芃 100.0 123.0 139.0 54.0 66.0 75.0 362.0 195.0 557.0
31402 陈端华 94.0 90.0 101.0 57.0 67.0 73.0 285.0 197.0 482.0
31403 陈挥遒 89.0 69.0 88.5 47.0 62.0 52.0 246.5 161.0 407.5
31404 陈建诚 92.0 94.0 130.5 50.0 69.0 75.0 316.5 194.0 510.5
31405 陈沛峰 86.0 106.0 78.0 58.0 68.0 67.0 270.0 193.0 463.0
31406 陈芃 101.0 120.0 107.0 62.0 74.0 73.0 328.0 209.0 537.0
31407 陈铄霓 99.0 71.0 100.5 44.0 64.0 62.0 270.5 170.0 440.5
31408 陈奕希 94.0 76.0 111.0 48.0 46.0 57.0 281.0 151.0 432.0
31409 陈泽伟 94.0 113.0 104.5 64.0 74.0 72.0 311.5 210.0 521.5
31410 陈喆慧 96.0 111.0 104.5 61.0 63.0 74.0 311.5 198.0 509.5
31411 陈至渲 95.0 117.0 130.5 74.0 89.0 77.0 342.5 240.0 582.5
31412 陈佐治 109.0 112.0 132.0 80.0 87.0 79.0 353.0 246.0 599.0
31413 邓昱聪 100.0 94.0 113.0 58.0 64.0 68.0 307.0 190.0 497.0
31414 邓泽淳 96.0 74.0 92.5 44.0 75.0 72.0 262.5 191.0 453.5
31415 冯嘉俊 94.0 66.0 99.0 62.0 66.0 82.0 259.0 210.0 469.0
31416 龚泽颖 104.0 115.0 115.5 68.0 79.0 75.0 334.5 222.0 556.5
31417 郭冰桦 117.0 90.0 125.5 54.0 69.0 71.0 332.5 194.0 526.5
31418 黄恩童 96.0 68.0 117.0 71.0 61.0 66.0 281.0 198.0 479.0
31419 黄桂凤 108.0 68.0 101.0 53.0 71.0 63.0 277.0 187.0 464.0
31420 江锦虹 107.0 113.0 110.5 67.0 74.0 85.0 330.5 226.0 556.5
31421 李佳晟 96.0 68.0 127.0 63.0 69.0 71.0 291.0 203.0 494.0
31422 李楠 109.0 87.0 102.0 63.0 76.0 73.0 298.0 212.0 510.0
31423 李舒婷 87.0 124.0 121.0 58.0 72.0 73.0 332.0 203.0 535.0
31424 李易熹 96.0 121.0 128.0 68.0 84.0 72.0 345.0 224.0 569.0
31425 林泓 91.0 106.0 100.5 71.0 76.0 47.0 297.5 194.0 491.5
31426 林可依 101.0 123.0 109.0 63.0 62.0 58.0 333.0 183.0 516.0
31427 林珮汝 84.0 97.0 106.0 61.0 60.0 71.0 287.0 192.0 479.0
31428 林心玥 95.0 70.0 113.5 64.0 48.0 57.0 278.5 169.0 447.5
31429 刘硕霓 105.0 94.0 115.0 74.0 79.0 85.0 314.0 238.0 552.0
31430 刘易恺 97.0 140.0 113.5 79.0 81.0 74.0 350.5 234.0 584.5
31431 卢琳绵 108.0 91.0 103.0 58.0 62.0 63.0 302.0 183.0 485.0
31432 吕远东 91.0 98.0 89.0 48.0 67.0 66.0 278.0 181.0 459.0
31433 马旭民 106.0 88.0 106.5 75.0 75.0 75.0 300.5 225.0 525.5
31434 麦泽涵 117.0 100.0 119.0 71.0 80.0 83.0 336.0 234.0 570.0
31435 邱鸿鑫 94.0 82.0 106.5 74.0 64.0 61.0 282.5 199.0 481.5
31436 邱诗钿 100.0 68.0 101.0 38.0 50.0 53.0 269.0 141.0 410.0
31437 邱梓妍 107.0 102.0 116.0 69.0 68.0 73.0 325.0 210.0 535.0
31438 谭妍真 106.0 73.0 110.0 59.0 71.0 61.0 289.0 191.0 480.0
31439 王毓佳 93.0 78.0 89.5 54.0 54.0 77.0 260.5 185.0 445.5
31440 吴昊 88.0 54.0 126.0 28.0 50.0 53.0 268.0 131.0 399.0
31441 吴浩瀚 87.0 72.0 96.0 64.0 66.0 62.0 255.0 192.0 447.0
31442 吴彤君 100.0 76.0 114.0 63.0 76.0 67.0 290.0 206.0 496.0
31443 肖培亮 111.0 100.0 116.5 75.0 86.0 84.0 327.5 245.0 572.5
31444 谢碧瑶 91.0 83.0 118.0 65.0 78.0 72.0 292.0 215.0 507.0
31445 辛杨淳 98.0 89.0 114.5 62.0 72.0 74.0 301.5 208.0 509.5
31446 徐国玮 90.0 94.0 107.5 52.0 64.0 71.0 291.5 187.0 478.5
31447 徐铤 106.0 119.0 117.5 74.0 86.0 74.0 342.5 234.0 576.5
31448 许凯涵 98.0 89.0 116.5 61.0 51.0 67.0 303.5 179.0 482.5
31449 许正纲 98.0 89.0 73.5 48.0 63.0 63.0 260.5 174.0 434.5
31450 杨琳 100.0 60.0 85.0 58.0 66.0 62.0 245.0 186.0 431.0
31451 杨泽仪 98.0 94.0 114.5 75.0 72.0 56.0 306.5 203.0 509.5
31452 姚广濠 109.0 108.0 126.0 66.0 82.0 82.0 343.0 230.0 573.0
31453 叶济东 100.0 99.0 117.5 72.0 50.0 55.0 316.5 177.0 493.5
31454 叶洋 94.0 58.0 84.5 58.0 67.0 68.0 236.5 193.0 429.5
31455 余旭玮 103.0 65.0 113.5 43.0 58.0 50.0 281.5 151.0 432.5
31456 曾思沛 94.0 66.0 96.0 77.0 74.0 67.0 256.0 218.0 474.0
31457 张睿博 103.0 71.0 100.5 62.0 59.0 66.0 274.5 187.0 461.5
31458 章炫锐 111.0 107.0 121.0 72.0 79.0 75.0 339.0 226.0 565.0
31459 章梓烨 99.0 60.0 111.5 66.0 52.0 51.0 270.5 169.0 439.5
31460 郑康 92.0 118.0 109.5 64.0 67.0 62.0 319.5 193.0 512.5
31461 郑宇婷 102.0 47.0 125.5 48.0 46.0 54.0 274.5 148.0 422.5
31462 庄泽达 70.0 59.0 80.0 21.0 41.0 25.0 209.0 87.0 296.0
31501 蔡嘉煜 104.0 79.0 90.5 50.0 68.0 53.0 273.5 171.0 444.5
31502 陈力 91.0 78.0 112.0 57.0 62.0 62.0 281.0 181.0 462.0
31503 陈梦琪 107.0 115.0 125.0 74.0 79.0 82.0 347.0 235.0 582.0
31504 陈培铭 105.0 80.0 120.5 63.0 76.0 78.0 305.5 217.0 522.5
31505 陈佩恋 107.0 75.0 102.5 61.0 72.0 77.0 284.5 210.0 494.5
31506 陈斯哲 86.0 102.0 106.5 66.0 82.0 72.0 294.5 220.0 514.5
31507 陈文浩 94.0 112.0 111.0 80.0 89.0 67.0 317.0 236.0 553.0
31508 陈漪皓 98.0 65.0 107.0 39.0 36.0 39.0 270.0 114.0 384.0
31509 陈溢煌 92.0 125.0 115.0 49.0 84.0 76.0 332.0 209.0 541.0
31510 陈梓轩 108.0 90.0 98.5 30.0 59.0 63.0 296.5 152.0 448.5
31511 程晓婷 115.0 109.0 118.5 66.0 78.0 67.0 342.5 211.0 553.5
31512 杜浜弘 101.0 66.0 87.5 48.0 51.0 40.0 254.5 139.0 393.5
31513 杜佳锴 95.0 119.0 101.0 50.0 86.0 75.0 315.0 211.0 526.0
31514 方宇驰 101.0 56.0 92.5 44.0 58.0 74.0 249.5 176.0 425.5
31515 高越 109.0 105.0 125.5 68.0 66.0 75.0 339.5 209.0 548.5
31516 洪戈 96.0 105.0 117.5 65.0 77.0 69.0 318.5 211.0 529.5
31517 黄向鸿 99.0 111.0 124.0 78.0 80.0 78.0 334.0 236.0 570.0
31518 黄泽山 82.0 73.0 72.5 32.0 37.0 44.0 227.5 113.0 340.5
31519 黄梓彤 107.0 87.0 101.5 66.0 58.0 63.0 295.5 187.0 482.5
31520 柯金宏 90.0 115.0 126.0 82.0 69.0 79.0 331.0 230.0 561.0
31521 赖炜豪 99.0 97.0 112.5 76.0 80.0 75.0 308.5 231.0 539.5
31522 李涵 101.0 74.0 113.0 77.0 61.0 66.0 288.0 204.0 492.0
31523 李沐峻 92.0 89.0 86.5 57.0 59.0 66.0 267.5 182.0 449.5
31524 李润熹 100.0 87.0 109.0 72.0 67.0 71.0 296.0 210.0 506.0
31525 李舒婷 112.0 53.0 124.0 61.0 64.0 73.0 289.0 198.0 487.0
31526 李梓煌 90.0 126.0 104.0 55.0 60.0 72.0 320.0 187.0 507.0
31527 林钗 105.0 115.0 101.5 58.0 59.0 72.0 321.5 189.0 510.5
31528 林若欣 108.0 92.0 119.0 58.0 70.0 75.0 319.0 203.0 522.0
31529 林爽 93.0 129.0 124.0 53.0 60.0 72.0 346.0 185.0 531.0
31530 刘粉婷 93.0 82.0 117.5 59.0 73.0 77.0 292.5 209.0 501.5
31531 刘烨桦 102.0 80.0 112.0 50.0 54.0 67.0 294.0 171.0 465.0
31532 彭瀚锟 91.0 83.0 88.0 50.0 69.0 79.0 262.0 198.0 460.0
31533 邱霜晓 113.0 104.0 108.5 35.0 39.0 59.0 325.5 133.0 458.5
31534 沈晓琦 101.0 98.0 111.5 73.0 73.0 72.0 310.5 218.0 528.5
31535 王曙丹 115.0 115.0 96.5 57.0 56.0 65.0 326.5 178.0 504.5
31536 王泽翔 101.0 67.0 96.5 56.0 76.0 63.0 264.5 195.0 459.5
31537 翁梓洪 95.0 112.0 84.5 36.0 43.0 56.0 291.5 135.0 426.5
31538 吴林瀚 98.0 33.0 98.5 74.0 71.0 78.0 229.5 223.0 452.5
31539 夏梓斌 92.0 55.0 95.5 28.0 41.0 48.0 242.5 117.0 359.5
31540 谢梦霞 104.0 128.0 111.0 39.0 46.0 62.0 343.0 147.0 490.0
31541 谢泳凯 106.0 89.0 124.5 90.0 89.0 94.0 319.5 273.0 592.5
31542 谢植煌 98.0 95.0 97.0 67.0 72.0 60.0 290.0 199.0 489.0
31543 徐国瑞 100.0 95.0 107.5 56.0 73.0 66.0 302.5 195.0 497.5
31544 许欢 101.0 72.0 106.5 43.0 56.0 68.0 279.5 167.0 446.5
31545 许越 88.0 75.0 113.5 46.0 54.0 67.0 276.5 167.0 443.5
31546 杨小嬉 105.0 95.0 113.0 43.0 70.0 65.0 313.0 178.0 491.0
31547 杨铮楷 102.0 94.0 106.0 65.0 73.0 68.0 302.0 206.0 508.0
31548 姚喆仪 101.0 69.0 115.5 69.0 71.0 68.0 285.5 208.0 493.5
31549 袁若瑶 108.0 102.0 108.5 59.0 76.0 65.0 318.5 200.0 518.5
31550 曾少擎 100.0 83.0 118.5 50.0 56.0 70.0 301.5 176.0 477.5
31551 曾欣哲 118.0 87.0 111.0 56.0 77.0 74.0 316.0 207.0 523.0
31552 张志鹏 99.0 115.0 101.0 84.0 82.0 80.0 315.0 246.0 561.0
31553 赵晓冰 94.0 63.0 108.0 51.0 71.0 65.0 265.0 187.0 452.0
31554 郑帆 99.0 93.0 121.0 70.0 76.0 73.0 313.0 219.0 532.0
31555 郑杰 104.0 134.0 116.0 86.0 82.0 85.0 354.0 253.0 607.0
31556 郑婕 106.0 100.0 95.5 45.0 69.0 70.0 301.5 184.0 485.5
31557 郑钧璟 112.0 118.0 122.0 62.0 65.0 69.0 352.0 196.0 548.0
31558 郑丽璇 108.0 87.0 122.0 61.0 67.0 73.0 317.0 201.0 518.0
31559 郑婷芝 91.0 116.0 91.5 68.0 58.0 69.0 298.5 195.0 493.5
31560 郑鑫海 90.0 99.0 119.5 72.0 67.0 64.0 308.5 203.0 511.5
31561 周健驰 104.0 84.0 102.5 56.0 55.0 68.0 290.5 179.0 469.5
31562 邹丹纯 110.0 94.0 118.0 59.0 66.0 60.0 322.0 185.0 507.0
31601 蔡慈瀚 102.0 126.0 115.0 75.0 78.0 79.0 343.0 232.0 575.0
31602 蔡君悦 107.0 95.0 109.0 59.0 66.0 71.0 311.0 196.0 507.0
31603 陈东晗 91.0 103.0 115.5 58.0 71.0 71.0 309.5 200.0 509.5
31604 陈佳伶 100.0 76.0 113.0 60.0 60.0 56.0 289.0 176.0 465.0
31605 陈佳盈 104.0 108.0 104.0 68.0 77.0 77.0 316.0 222.0 538.0
31606 陈力 98.0 93.0 124.5 47.0 62.0 66.0 315.5 175.0 490.5
31607 陈敏儿 111.0 113.0 109.5 72.0 74.0 76.0 333.5 222.0 555.5
31608 陈派捷 93.0 107.0 105.5 70.0 64.0 75.0 305.5 209.0 514.5
31609 陈日 92.0 94.0 99.5 51.0 67.0 65.0 285.5 183.0 468.5
31610 陈逸镕 106.0 100.0 105.0 64.0 62.0 69.0 311.0 195.0 506.0
31611 陈莹 84.0 88.0 108.5 43.0 60.0 59.0 280.5 162.0 442.5
31612 陈滢 105.0 93.0 113.0 68.0 69.0 74.0 311.0 211.0 522.0
31613 陈梓鑫 101.0 99.0 104.5 66.0 69.0 69.0 304.5 204.0 508.5
31614 方浩锴 96.0 100.0 120.0 63.0 73.0 64.0 316.0 200.0 516.0
31615 黄谷 96.0 88.0 102.5 55.0 78.0 81.0 286.5 214.0 500.5
31616 黄浩扬 101.0 106.0 112.0 76.0 84.0 81.0 319.0 241.0 560.0
31617 黄锐敏 104.0 118.0 119.0 72.0 70.0 74.0 341.0 216.0 557.0
31618 黄少邑 99.0 87.0 105.5 56.0 54.0 72.0 291.5 182.0 473.5
31619 黄舒乐 97.0 71.0 95.5 49.0 51.0 57.0 263.5 157.0 420.5
31620 江佳仪 99.0 96.0 112.5 74.0 61.0 77.0 307.5 212.0 519.5
31621 李嘉鑫 97.0 118.0 99.0 47.0 56.0 74.0 314.0 177.0 491.0
31622 李琳丹 107.0 109.0 112.5 68.0 71.0 58.0 328.5 197.0 525.5
31623 李暄婷 97.0 73.0 117.0 48.0 50.0 57.0 287.0 155.0 442.0
31624 李奕 95.0 58.0 112.0 51.0 48.0 44.0 265.0 143.0 408.0
31625 廖骊涵 112.0 82.0 114.0 61.0 64.0 62.0 308.0 187.0 495.0
31626 廖澍镔 105.0 91.0 117.0 80.0 83.0 76.0 313.0 239.0 552.0
31627 林灿荣 95.0 81.0 124.5 72.0 63.0 69.0 300.5 204.0 504.5
31628 林冠之 101.0 111.0 112.5 77.0 64.0 72.0 324.5 213.0 537.5
31629 林楠 87.0 100.0 84.5 72.0 69.0 64.0 271.5 205.0 476.5
31630 林树红 107.0 93.0 122.0 55.0 60.0 69.0 322.0 184.0 506.0
31631 林仪 84.0 84.0 107.5 31.0 45.0 50.0 275.5 126.0 401.5
31632 林意 112.0 84.0 106.0 47.0 52.0 66.0 302.0 165.0 467.0
31633 刘思煌 93.0 135.0 107.0 81.0 77.0 80.0 335.0 238.0 573.0
31634 刘奕 101.0 97.0 98.0 67.0 78.0 71.0 296.0 216.0 512.0
31635 刘泽 101.0 90.0 99.0 72.0 70.0 56.0 290.0 198.0 488.0
31636 柳婷 105.0 125.0 124.5 80.0 84.0 80.0 354.5 244.0 598.5
31637 卢开书 96.0 97.0 109.0 68.0 69.0 66.0 302.0 203.0 505.0
31638 马润青 105.0 99.0 121.0 67.0 77.0 67.0 325.0 211.0 536.0
31639 彭灏 106.0 63.0 113.0 57.0 64.0 64.0 282.0 185.0 467.0
31640 孙熹珣 110.0 85.0 111.0 56.0 67.0 54.0 306.0 177.0 483.0
31641 孙烨 91.0 69.0 125.0 74.0 58.0 66.0 285.0 198.0 483.0
31642 王海槟 86.0 84.0 110.0 78.0 71.0 69.0 280.0 218.0 498.0
31643 王晓钟 102.0 97.0 124.0 70.0 75.0 78.0 323.0 223.0 546.0
31644 王雨青 104.0 89.0 110.0 64.0 74.0 71.0 303.0 209.0 512.0
31645 吴毅聪 90.0 82.0 101.5 39.0 59.0 56.0 273.5 154.0 427.5
31646 吴梓帆 98.0 124.0 126.5 74.0 80.0 81.0 348.5 235.0 583.5
31647 谢尘沐 100.0 74.0 101.0 52.0 46.0 73.0 275.0 171.0 446.0
31648 谢锦珮 98.0 73.0 116.5 42.0 49.0 64.0 287.5 155.0 442.5
31649 谢小雪 110.0 105.0 124.0 76.0 82.0 74.0 339.0 232.0 571.0
31650 谢奕纯 101.0 57.0 98.0 56.0 37.0 52.0 256.0 145.0 401.0
31651 杨涵 93.0 70.0 108.0 51.0 69.0 64.0 271.0 184.0 455.0
31652 姚采妮 102.0 81.0 100.0 56.0 58.0 67.0 283.0 181.0 464.0
31653 余泽泰 104.0 103.0 115.5 73.0 78.0 76.0 322.5 227.0 549.5
31654 张泽琳 107.0 133.0 128.5 68.0 76.0 71.0 368.5 215.0 583.5
31655 张泽宇 108.0 123.0 119.5 78.0 88.0 86.0 350.5 252.0 602.5
31656 章婉仪 103.0 108.0 121.5 61.0 71.0 84.0 332.5 216.0 548.5
31657 赵先铎 110.0 126.0 112.0 62.0 68.0 75.0 348.0 205.0 553.0
31658 郑涵禧 99.0 70.0 101.5 48.0 64.0 66.0 270.5 178.0 448.5
31659 郑林楷 92.0 121.0 92.5 72.0 71.0 62.0 305.5 205.0 510.5
31660 郑镇灏 94.0 84.0 108.0 65.0 59.0 62.0 286.0 186.0 472.0
31661 郑重 95.0 92.0 97.0 31.0 67.0 47.0 284.0 145.0 429.0
31662 朱俊宇 86.0 68.0 90.0 46.0 34.0 51.0 244.0 131.0 375.0
31663 庄声锐 91.0 73.0 101.5 67.0 56.0 49.0 265.5 172.0 437.5
31701 蔡金沛 97.0 84.0 94.0 57.0 75.0 57.0 275.0 189.0 464.0
31702 蔡俊峰 98.0 70.0 107.0 75.0 82.0 83.0 275.0 240.0 515.0
31703 曹宇韬 91.0 105.0 115.5 48.0 62.0 75.0 311.5 185.0 496.5
31704 陈大立 87.0 84.0 102.5 82.0 72.0 71.0 273.5 225.0 498.5
31705 陈浩杰 93.0 87.0 109.0 57.0 74.0 62.0 289.0 193.0 482.0
31706 陈沛润 113.0 104.0 112.5 70.0 79.0 54.0 329.5 203.0 532.5
31707 陈锐 101.0 106.0 110.0 78.0 82.0 77.0 317.0 237.0 554.0
31708 陈烁 77.0 103.0 83.5 43.0 56.0 57.0 263.5 156.0 419.5
31709 陈学诚 101.0 90.0 125.0 73.0 73.0 66.0 316.0 212.0 528.0
31710 陈韫颖 98.0 64.0 118.0 62.0 59.0 61.0 280.0 182.0 462.0
31711 陈泽鑫 80.0 92.0 90.0 64.0 75.0 43.0 262.0 182.0 444.0
31712 陈中一 110.0 112.0 110.5 78.0 80.0 62.0 332.5 220.0 552.5
31713 何伊慧 108.0 96.0 113.5 40.0 68.0 66.0 317.5 174.0 491.5
31714 侯思涵 109.0 81.0 124.0 58.0 64.0 82.0 314.0 204.0 518.0
31715 黄彬霆 97.0 77.0 114.0 53.0 73.0 62.0 288.0 188.0 476.0
31716 黄丹 65.0 48.0 70.0 22.0 54.0 37.0 183.0 113.0 296.0
31717 黄光炳 73.0 65.0 81.5 25.0 36.0 36.0 219.5 97.0 316.5
31718 黄慧敏 100.0 110.0 127.0 66.0 74.0 79.0 337.0 219.0 556.0
31719 黄思翰 104.0 118.0 112.0 76.0 84.0 70.0 334.0 230.0 564.0
31720 黄伟纯 103.0 99.0 108.0 49.0 65.0 68.0 310.0 182.0 492.0
31721 黄莹 104.0 104.0 110.5 72.0 75.0 64.0 318.5 211.0 529.5
31722 黄梓芸 95.0 50.0 102.5 34.0 43.0 52.0 247.5 129.0 376.5
31723 江相渝 86.0 74.0 85.5 54.0 49.0 61.0 245.5 164.0 409.5
31724 李洁瀚 100.0 109.0 107.0 49.0 66.0 67.0 316.0 182.0 498.0
31725 林仰 107.0 100.0 120.5 61.0 62.0 64.0 327.5 187.0 514.5
31726 林雍权 104.0 86.0 107.0 69.0 80.0 76.0 297.0 225.0 522.0
31727 刘嘉鑫 89.0 51.0 96.5 49.0 45.0 56.0 236.5 150.0 386.5
31728 卢荣泰 91.0 127.0 126.5 82.0 81.0 82.0 344.5 245.0 589.5
31729 卢仪蕊 102.0 87.0 109.0 51.0 60.0 61.0 298.0 172.0 470.0
31730 马学盈 107.0 91.0 118.0 54.0 68.0 67.0 316.0 189.0 505.0
31731 马直先 106.0 80.0 123.0 67.0 86.0 79.0 309.0 232.0 541.0
31732 麦博 104.0 114.0 126.0 76.0 81.0 87.0 344.0 244.0 588.0
31733 欧阳生 90.0 116.0 115.0 82.0 78.0 70.0 321.0 230.0 551.0
31734 彭琪 96.0 83.0 83.5 51.0 53.0 56.0 262.5 160.0 422.5
31735 佘晓环 108.0 96.0 109.5 70.0 56.0 66.0 313.5 192.0 505.5
31736 王基鸿 108.0 102.0 124.5 74.0 77.0 82.0 334.5 233.0 567.5
31737 王俊澎 98.0 107.0 110.5 76.0 76.0 77.0 315.5 229.0 544.5
31738 王烔毅 88.0 98.0 115.0 59.0 64.0 61.0 301.0 184.0 485.0
31739 王钰 103.0 62.0 94.0 54.0 49.0 56.0 259.0 159.0 418.0
31740 王真子 88.0 73.0 99.0 76.0 68.0 66.0 260.0 210.0 470.0
31741 吴俊翰 93.0 106.0 109.0 52.0 71.0 61.0 308.0 184.0 492.0
31742 吴彤沛 103.0 45.0 110.0 44.0 68.0 71.0 258.0 183.0 441.0
31743 吴伟霞 105.0 97.0 104.0 66.0 73.0 74.0 306.0 213.0 519.0
31745 许锶妍 101.0 73.0 123.0 63.0 53.0 73.0 297.0 189.0 486.0
31746 许奕烁 93.0 53.0 90.0 28.0 49.0 45.0 236.0 122.0 358.0
31747 许哲浩 100.0 95.0 113.0 66.0 68.0 70.0 308.0 204.0 512.0
31748 杨铠翔 94.0 75.0 84.5 74.0 76.0 72.0 253.5 222.0 475.5
31749 杨腾 89.0 51.0 82.0 23.0 47.0 62.0 222.0 132.0 354.0
31750 姚佳妮 106.0 104.0 110.5 59.0 87.0 79.0 320.5 225.0 545.5
31751 张纯 106.0 85.0 111.0 63.0 54.0 65.0 302.0 182.0 484.0
31752 张锐翰 85.0 46.0 97.0 38.0 28.0 43.0 228.0 109.0 337.0
31754 张奕 97.0 44.0 95.5 0 0 49.0 236.5 0 0
31755 张翼 0 93.0 114.5 57.0 73.0 79.0 0 209.0 0
31756 章家竣 108.0 120.0 121.5 63.0 87.0 83.0 349.5 233.0 582.5
31757 郑慈香 98.0 109.0 119.5 58.0 64.0 72.0 326.5 194.0 520.5
31758 郑曼燕 101.0 59.0 107.5 37.0 63.0 52.0 267.5 152.0 419.5
31759 郑铭 91.0 69.0 106.0 42.0 58.0 54.0 266.0 154.0 420.0
31761 周锴捷 101.0 75.0 106.5 58.0 66.0 71.0 282.5 195.0 477.5
31762 庄本熙 82.0 60.0 89.5 56.0 62.0 62.0 231.5 180.0 411.5
31763 黄钰莹 103.0 90.0 112.0 63.0 75.0 66.0 305.0 204.0 509.0
31764 王宏 107.0 113.0 119.5 68.0 75.0 65.0 339.5 208.0 547.5
31801 陈鸿飞 94.0 81.0 93.0 51.0 68.0 62.0 268.0 181.0 449.0
31802 陈家思 93.0 99.0 100.5 64.0 84.0 82.0 292.5 230.0 522.5
31803 陈立芃 101.0 84.0 114.0 66.0 62.0 56.0 299.0 184.0 483.0
31804 陈齐骏 70.0 38.0 30.5 14.0 19.0 28.0 138.5 61.0 199.5
31805 陈润铎 102.0 71.0 107.0 64.0 79.0 59.0 280.0 202.0 482.0
31806 陈润楷 104.0 91.0 115.5 70.0 81.0 66.0 310.5 217.0 527.5
31807 陈鑫冰 105.0 104.0 108.5 69.0 82.0 65.0 317.5 216.0 533.5
31808 陈永佳 104.0 126.0 105.5 87.0 91.0 73.0 335.5 251.0 586.5
31809 陈元嘉 85.0 114.0 105.0 65.0 71.0 70.0 304.0 206.0 510.0
31810 冯钰冰 91.0 85.0 101.5 51.0 50.0 63.0 277.5 164.0 441.5
31811 何畅 91.0 79.0 96.0 20.0 44.0 53.0 266.0 117.0 383.0
31812 黄怀瑶 90.0 95.0 107.0 40.0 52.0 58.0 292.0 150.0 442.0
31813 黄凯鹏 101.0 67.0 95.5 44.0 52.0 56.0 263.5 152.0 415.5
31814 黄昕仪 101.0 116.0 126.0 65.0 81.0 75.0 343.0 221.0 564.0
31815 黄泽宇 92.0 73.0 102.0 50.0 63.0 75.0 267.0 188.0 455.0
31816 康思妹 101.0 72.0 97.5 57.0 49.0 72.0 270.5 178.0 448.5
31817 孔雪欣 109.0 75.0 103.0 39.0 48.0 45.0 287.0 132.0 419.0
31818 赖淑凌 97.0 76.0 94.0 53.0 65.0 71.0 267.0 189.0 456.0
31819 李俊 98.0 69.0 106.5 49.0 73.0 66.0 273.5 188.0 461.5
31820 李楠 108.0 98.0 111.0 62.0 70.0 75.0 317.0 207.0 524.0
31821 李蔚东 105.0 116.0 122.5 81.0 86.0 78.0 343.5 245.0 588.5
31822 李昕 91.0 107.0 95.5 80.0 88.0 75.0 293.5 243.0 536.5
31823 连泓杰 103.0 88.0 107.5 63.0 80.0 66.0 298.5 209.0 507.5
31824 林泓 94.0 95.0 106.0 72.0 58.0 59.0 295.0 189.0 484.0
31825 林培润 90.0 80.0 90.0 47.0 58.0 47.0 260.0 152.0 412.0
31826 林绮娜 110.0 83.0 116.0 73.0 81.0 84.0 309.0 238.0 547.0
31827 林昕 96.0 94.0 112.0 74.0 78.0 52.0 302.0 204.0 506.0
31828 林奕敏 97.0 109.0 95.5 79.0 86.0 68.0 301.5 233.0 534.5
31829 林泽辉 89.0 88.0 90.0 58.0 64.0 57.0 267.0 179.0 446.0
31830 林泽炜 104.0 109.0 109.0 82.0 88.0 75.0 322.0 245.0 567.0
31831 林增瑞 93.0 94.0 100.0 67.0 61.0 68.0 287.0 196.0 483.0
31832 刘丁玮 90.0 113.0 108.5 71.0 72.0 73.0 311.5 216.0 527.5
31833 卢呈焕 90.0 77.0 105.0 56.0 68.0 60.0 272.0 184.0 456.0
31834 卢智扬 92.0 54.0 104.5 31.0 52.0 46.0 250.5 129.0 379.5
31835 罗亿权 93.0 66.0 96.0 63.0 42.0 48.0 255.0 153.0 408.0
31836 邱乐思 90.0 76.0 108.5 61.0 62.0 76.0 274.5 199.0 473.5
31837 佘涵 99.0 85.0 108.5 63.0 74.0 58.0 292.5 195.0 487.5
31838 汤钰瑛 98.0 67.0 115.0 50.0 60.0 56.0 280.0 166.0 446.0
31839 王佩佩 101.0 117.0 113.5 73.0 82.0 78.0 331.5 233.0 564.5
31840 王思佳 95.0 119.0 111.5 67.0 61.0 76.0 325.5 204.0 529.5
31841 王晓泽 96.0 68.0 96.5 57.0 69.0 65.0 260.5 191.0 451.5
31842 王振东 101.0 116.0 112.0 71.0 79.0 80.0 329.0 230.0 559.0
31843 王子瑜 100.0 75.0 115.5 72.0 70.0 68.0 290.5 210.0 500.5
31844 吴绍邦 104.0 95.0 124.0 80.0 70.0 70.0 323.0 220.0 543.0
31845 吴水滇 99.0 82.0 107.0 54.0 71.0 49.0 288.0 174.0 462.0
31846 吴晓琪 107.0 99.0 119.0 48.0 65.0 61.0 325.0 174.0 499.0
31847 吴昕 100.0 68.0 101.0 64.0 58.0 63.0 269.0 185.0 454.0
31848 谢昱康 109.0 85.0 116.0 75.0 79.0 69.0 310.0 223.0 533.0
31849 姚少云 106.0 60.0 91.5 45.0 59.0 60.0 257.5 164.0 421.5
31850 余博浩 103.0 66.0 103.0 78.0 68.0 73.0 272.0 219.0 491.0
31851 曾泓燊 99.0 98.0 102.5 56.0 89.0 55.0 299.5 200.0 499.5
31852 曾佳泓 101.0 111.0 108.0 66.0 58.0 62.0 320.0 186.0 506.0
31853 曾琳 103.0 88.0 108.5 47.0 69.0 65.0 299.5 181.0 480.5
31854 曾宪瀚 93.0 81.0 80.0 50.0 52.0 55.0 254.0 157.0 411.0
31855 曾伊琳 105.0 58.0 101.5 56.0 49.0 57.0 264.5 162.0 426.5
31856 张随娜 91.0 85.0 116.5 41.0 79.0 50.0 292.5 170.0 462.5
31857 张育铭 102.0 112.0 115.0 72.0 61.0 68.0 329.0 201.0 530.0
31858 章滢蓥 106.0 124.0 116.0 76.0 79.0 67.0 346.0 222.0 568.0
31859 郑任翔 94.0 82.0 114.0 44.0 64.0 69.0 290.0 177.0 467.0
31860 郑子昂 102.0 68.0 108.0 41.0 62.0 60.0 278.0 163.0 441.0
31861 钟浩川 112.0 141.0 111.5 79.0 83.0 73.0 364.5 235.0 599.5
31862 周苑婷 97.0 87.0 112.5 61.0 66.0 79.0 296.5 206.0 502.5
31863 庄妍 110.0 106.0 120.5 80.0 77.0 75.0 336.5 232.0 568.5
31901 蔡育铮 97.0 118.0 121.0 82.0 76.0 82.0 336.0 240.0 576.0
31902 蔡卓颖 90.0 92.0 102.0 66.0 62.0 76.0 284.0 204.0 488.0
31903 陈功超 83.0 41.0 99.0 17.0 46.0 32.0 223.0 95.0 318.0
31904 陈浩宇 101.0 101.0 99.0 64.0 77.0 81.0 301.0 222.0 523.0
31905 陈红 95.0 118.0 119.5 73.0 75.0 69.0 332.5 217.0 549.5
31906 陈嘉杭 104.0 68.0 117.5 32.0 48.0 61.0 289.5 141.0 430.5
31907 陈锴灏 96.0 108.0 108.5 56.0 75.0 57.0 312.5 188.0 500.5
31908 陈孟耀 90.0 62.0 95.5 23.0 49.0 47.0 247.5 119.0 366.5
31909 陈伟杰 109.0 139.0 122.5 74.0 84.0 87.0 370.5 245.0 615.5
31910 陈宇霏 105.0 91.0 102.0 53.0 65.0 68.0 298.0 186.0 484.0
31911 陈卓妮 107.0 77.0 113.0 39.0 60.0 55.0 297.0 154.0 451.0
31912 杜振超 103.0 101.0 122.5 83.0 76.0 80.0 326.5 239.0 565.5
31913 方家颖 99.0 93.0 111.0 55.0 72.0 70.0 303.0 197.0 500.0
31914 郭佳鑫 102.0 142.0 127.0 81.0 88.0 78.0 371.0 247.0 618.0
31915 黄超铄 103.0 92.0 107.0 68.0 78.0 73.0 302.0 219.0 521.0
31916 黄海铭 100.0 85.0 91.5 47.0 48.0 52.0 276.5 147.0 423.5
31917 黄融杰 110.0 104.0 115.0 74.0 70.0 58.0 329.0 202.0 531.0
31918 黄晓琦 103.0 83.0 109.0 44.0 51.0 55.0 295.0 150.0 445.0
31920 黄泽锴 72.0 35.0 59.0 48.0 51.0 21.0 166.0 120.0 286.0
31921 纪沛桐 98.0 98.0 99.0 87.0 83.0 69.0 295.0 239.0 534.0
31922 李岱谚 103.0 127.0 130.5 86.0 90.0 82.0 360.5 258.0 618.5
31923 李光泽 85.0 62.0 103.0 71.0 70.0 60.0 250.0 201.0 451.0
31924 李鸿 101.0 110.0 93.5 68.0 69.0 68.0 304.5 205.0 509.5
31925 李林昕 104.0 84.0 101.5 58.0 65.0 64.0 289.5 187.0 476.5
31926 李欣然 108.0 65.0 110.0 59.0 58.0 57.0 283.0 174.0 457.0
31927 李鑫 96.0 64.0 94.0 46.0 51.0 50.0 254.0 147.0 401.0
31928 李彦腾 102.0 101.0 101.5 57.0 61.0 63.0 304.5 181.0 485.5
31929 林坚生 109.0 103.0 108.0 60.0 79.0 67.0 320.0 206.0 526.0
31930 林乐贤 117.0 123.0 116.5 52.0 82.0 82.0 356.5 216.0 572.5
31931 林萌子 106.0 116.0 98.0 55.0 76.0 68.0 320.0 199.0 519.0
31932 林银虹 106.0 122.0 121.0 74.0 76.0 67.0 349.0 217.0 566.0
31933 林岳青 92.0 77.0 126.0 63.0 64.0 68.0 295.0 195.0 490.0
31934 卢晓杰 110.0 140.0 121.0 79.0 84.0 72.0 371.0 235.0 606.0
31935 马思昀 107.0 110.0 106.0 50.0 78.0 73.0 323.0 201.0 524.0
31936 彭丽妹 95.0 71.0 102.5 50.0 52.0 65.0 268.5 167.0 435.5
31937 彭扬帆 99.0 100.0 112.0 71.0 72.0 65.0 311.0 208.0 519.0
31938 沈桂菱 100.0 131.0 95.5 52.0 75.0 72.0 326.5 199.0 525.5
31939 沈益聪 109.0 107.0 105.5 44.0 57.0 67.0 321.5 168.0 489.5
31940 苏思澄 103.0 131.0 93.5 67.0 86.0 64.0 327.5 217.0 544.5
31942 王璐 106.0 112.0 116.0 69.0 73.0 76.0 334.0 218.0 552.0
31943 王梓琦 80.0 56.0 91.0 56.0 71.0 56.0 227.0 183.0 410.0
31944 文渲 102.0 82.0 96.0 40.0 39.0 53.0 280.0 132.0 412.0
31945 翁涵 98.0 93.0 107.5 54.0 70.0 73.0 298.5 197.0 495.5
31946 吴虹燕 101.0 83.0 102.0 54.0 61.0 63.0 286.0 178.0 464.0
31947 吴佳銮 116.0 103.0 129.5 66.0 74.0 61.0 348.5 201.0 549.5
31948 吴怡玫 105.0 84.0 103.0 68.0 67.0 62.0 292.0 197.0 489.0
31949 谢罗瀚 83.0 67.0 78.5 46.0 64.0 47.0 228.5 157.0 385.5
31950 谢泽钊 90.0 73.0 91.0 71.0 63.0 56.0 254.0 190.0 444.0
31951 徐润峰 82.0 67.0 28.0 57.0 66.0 60.0 177.0 183.0 360.0
31952 许滨楠 100.0 87.0 114.0 76.0 74.0 69.0 301.0 219.0 520.0
31953 许玫 86.0 89.0 126.5 61.0 68.0 61.0 301.5 190.0 491.5
31954 许子源 98.0 70.0 92.0 42.0 53.0 49.0 260.0 144.0 404.0
31955 杨利秋 101.0 114.0 108.0 66.0 84.0 79.0 323.0 229.0 552.0
31956 余子涵 92.0 75.0 99.0 40.0 60.0 58.0 266.0 158.0 424.0
31957 曾奕楠 95.0 67.0 108.0 46.0 61.0 59.0 270.0 166.0 436.0
31958 张超逸 92.0 104.0 113.5 64.0 74.0 65.0 309.5 203.0 512.5
31959 张曼琪 109.0 86.0 84.5 34.0 55.0 63.0 279.5 152.0 431.5
31960 赵彦纯 100.0 131.0 112.5 70.0 62.0 67.0 343.5 199.0 542.5
31961 郑钧漾 81.0 63.0 81.0 40.0 63.0 68.0 225.0 171.0 396.0
31962 郑玮涛 99.0 96.0 102.5 63.0 82.0 72.0 297.5 217.0 514.5
31963 郑锨淇 104.0 102.0 117.5 60.0 83.0 78.0 323.5 221.0 544.5
31964 庄开翔 94.0 87.0 109.0 64.0 83.0 79.0 290.0 226.0 516.0
32001 蔡佳琪 93.0 77.0 99.0 43.0 64.0 62.0 269.0 169.0 438.0
32002 蔡淑玲 97.0 98.0 99.0 66.0 71.0 68.0 294.0 205.0 499.0
32003 蔡伟龙 90.0 111.0 102.0 53.0 69.0 41.0 303.0 163.0 466.0
32004 陈博涵 104.0 108.0 110.5 72.0 78.0 68.0 322.5 218.0 540.5
32005 陈畅洪 93.0 84.0 97.0 50.0 61.0 47.0 274.0 158.0 432.0
32006 陈润洋 103.0 107.0 99.5 80.0 75.0 68.0 309.5 223.0 532.5
32007 陈思桦 104.0 76.0 107.0 65.0 66.0 70.0 287.0 201.0 488.0
32008 陈雪仪 104.0 106.0 111.0 62.0 84.0 65.0 321.0 211.0 532.0
32009 洪奕祥 98.0 104.0 122.5 78.0 83.0 70.0 324.5 231.0 555.5
32010 胡期升 107.0 84.0 118.5 76.0 69.0 51.0 309.5 196.0 505.5
32011 黄斌伟 94.0 89.0 92.5 41.0 81.0 64.0 275.5 186.0 461.5
32012 黄洪雯 106.0 65.0 92.0 39.0 46.0 58.0 263.0 143.0 406.0
32013 黄敏华 102.0 79.0 112.5 64.0 73.0 59.0 293.5 196.0 489.5
32014 黄舜娴 97.0 79.0 108.0 66.0 71.0 70.0 284.0 207.0 491.0
32015 黄于峻 89.0 64.0 74.5 45.0 58.0 40.0 227.5 143.0 370.5
32016 纪梓荣 90.0 98.0 91.5 48.0 73.0 44.0 279.5 165.0 444.5
32017 李东烁 109.0 109.0 112.0 70.0 78.0 60.0 330.0 208.0 538.0
32018 李洁 108.0 109.0 132.0 72.0 81.0 87.0 349.0 240.0 589.0
32019 李易霖 68.0 61.0 99.0 49.0 60.0 64.0 228.0 173.0 401.0
32020 李治 98.0 105.0 110.5 86.0 85.0 79.0 313.5 250.0 563.5
32021 李卓明 83.0 116.0 121.5 76.0 88.0 78.0 320.5 242.0 562.5
32022 林佳煌 103.0 113.0 96.5 57.0 68.0 64.0 312.5 189.0 501.5
32023 林钦鸿 95.0 137.0 121.0 75.0 82.0 82.0 353.0 239.0 592.0
32024 林小琪 95.0 110.0 118.5 53.0 77.0 70.0 323.5 200.0 523.5
32025 林烨 103.0 92.0 125.0 53.0 60.0 68.0 320.0 181.0 501.0
32026 刘艾莉 114.0 133.0 130.5 87.0 81.0 83.0 377.5 251.0 628.5
32027 刘旭东 103.0 121.0 106.5 79.0 75.0 71.0 330.5 225.0 555.5
32028 刘依菁 99.0 84.0 110.0 53.0 67.0 70.0 293.0 190.0 483.0
32029 刘悦韵 105.0 82.0 120.5 71.0 78.0 77.0 307.5 226.0 533.5
32030 马洪量 110.0 100.0 119.5 77.0 77.0 75.0 329.5 229.0 558.5
32031 马茵茵 91.0 65.0 103.0 48.0 52.0 51.0 259.0 151.0 410.0
32032 潘莹涵 95.0 85.0 100.0 55.0 59.0 51.0 280.0 165.0 445.0
32033 沈敏勇 100.0 105.0 108.5 79.0 75.0 84.0 313.5 238.0 551.5
32034 沈晓燕 105.0 108.0 106.5 62.0 68.0 73.0 319.5 203.0 522.5
32035 苏诚章 104.0 108.0 106.0 81.0 81.0 74.0 318.0 236.0 554.0
32036 唐梦洋 89.0 100.0 87.5 45.0 40.0 47.0 276.5 132.0 408.5
32037 王灿杜 94.0 116.0 117.5 67.0 80.0 68.0 327.5 215.0 542.5
32038 王鸿吉 92.0 66.0 78.0 42.0 53.0 45.0 236.0 140.0 376.0
32039 王杰鑫 106.0 118.0 111.0 80.0 73.0 76.0 335.0 229.0 564.0
32040 王泽锴 95.0 61.0 90.5 32.0 47.0 59.0 246.5 138.0 384.5
32041 王子铟 113.0 108.0 124.0 76.0 76.0 70.0 345.0 222.0 567.0
32042 吴斯彤 105.0 94.0 112.0 83.0 61.0 72.0 311.0 216.0 527.0
32043 吴泽锐 121.0 132.0 134.5 84.0 87.0 83.0 387.5 254.0 641.5
32044 谢锦珊 115.0 109.0 116.5 58.0 71.0 72.0 340.5 201.0 541.5
32045 谢铠羽 108.0 76.0 99.5 63.0 61.0 62.0 283.5 186.0 469.5
32046 谢婉婷 105.0 84.0 46.0 39.0 55.0 50.0 235.0 144.0 379.0
32047 谢懿锐 111.0 93.0 104.5 55.0 68.0 72.0 308.5 195.0 503.5
32048 徐英芸 107.0 89.0 110.0 62.0 56.0 54.0 306.0 172.0 478.0
32049 许晓刚 117.0 85.0 116.5 65.0 79.0 65.0 318.5 209.0 527.5
32050 许永泓 108.0 137.0 121.5 78.0 84.0 78.0 366.5 240.0 606.5
32051 颜莞尔 96.0 52.0 100.5 33.0 57.0 70.0 248.5 160.0 408.5
32052 姚树耿 92.0 121.0 119.0 76.0 80.0 84.0 332.0 240.0 572.0
32053 姚悦扬 93.0 92.0 113.0 69.0 74.0 47.0 298.0 190.0 488.0
32054 余钊 97.0 57.0 88.0 69.0 63.0 67.0 242.0 199.0 441.0
32055 詹金伟 93.0 80.0 83.0 54.0 75.0 44.0 256.0 173.0 429.0
32056 张皓洵 100.0 90.0 106.5 68.0 65.0 70.0 296.5 203.0 499.5
32057 张扬 92.0 49.0 105.5 68.0 75.0 80.0 246.5 223.0 469.5
32058 张奕欣 93.0 47.0 108.0 41.0 53.0 50.0 248.0 144.0 392.0
32059 郑铠 72.0 103.0 90.0 76.0 80.0 66.0 265.0 222.0 487.0
32060 郑哲然 90.0 113.0 122.0 78.0 86.0 69.0 325.0 233.0 558.0
32061 周泽妍 98.0 89.0 96.0 66.0 67.0 72.0 283.0 205.0 488.0
