30401 陈柏林 105.0 71.0 116.0 57.0 90.0 73.0 292.0 220.0 512.0
30402 陈东晓 101.0 110.0 110.0 55.0 49.0 71.0 321.0 175.0 496.0
30403 陈冬仪 111.0 94.0 98.0 45.0 81.0 62.0 303.0 188.0 491.0
30404 陈金洲 103.0 108.0 119.0 69.0 78.0 79.0 330.0 226.0 556.0
30405 陈淑妍 117.0 109.0 130.0 79.0 82.0 78.0 356.0 239.0 595.0
30406 胡楷宇 103.0 102.0 106.0 62.0 71.0 73.0 311.0 206.0 517.0
30407 胡昱 113.0 93.0 121.0 75.0 80.0 75.0 327.0 230.0 557.0
30408 黄艾琪 110.0 112.0 119.0 71.0 89.0 75.0 341.0 235.0 576.0
30409 黄狄林 117.0 107.0 121.0 64.0 82.0 66.0 345.0 212.0 557.0
30410 黄琳婷 107.0 100.0 122.0 59.0 61.0 62.0 329.0 182.0 511.0
30411 黄云进 94.0 103.0 121.0 73.0 67.0 73.0 318.0 213.0 531.0
30412 纪慧煊 108.0 108.0 115.0 61.0 77.0 67.0 331.0 205.0 536.0
30413 蓝玉奇 105.0 77.0 105.0 61.0 71.0 73.0 287.0 205.0 492.0
30414 李宏森 95.0 78.0 93.0 50.0 57.0 53.0 266.0 160.0 426.0
30415 李艺晴 112.0 104.0 129.0 74.0 93.0 79.0 345.0 246.0 591.0
30416 李兆捷 117.0 109.0 114.0 80.0 97.0 70.0 340.0 247.0 587.0
30417 林达 101.0 94.0 118.0 66.0 70.0 74.0 313.0 210.0 523.0
30418 林镜辉 108.0 86.0 94.0 73.0 76.0 67.0 288.0 216.0 504.0
30419 林永佳 88.0 77.0 98.0 52.0 71.0 63.0 263.0 186.0 449.0
30420 林昱霖 100.0 130.0 99.0 81.0 87.0 71.0 329.0 239.0 568.0
30421 林泽楷 90.0 104.0 102.0 64.0 91.0 74.0 296.0 229.0 525.0
30422 刘琳菲 98.0 98.0 115.0 56.0 70.0 69.0 311.0 195.0 506.0
30424 卢涵 100.0 94.0 122.0 80.0 89.0 76.0 316.0 245.0 561.0
30425 卢昕玥 109.0 88.0 119.0 68.0 72.0 67.0 316.0 207.0 523.0
30426 卢彦宇 95.0 76.0 101.0 48.0 80.0 63.0 272.0 191.0 463.0
30427 罗亦宋 119.0 97.0 112.0 70.0 73.0 70.0 328.0 213.0 541.0
30428 麦扬 107.0 87.0 93.0 47.0 75.0 72.0 287.0 194.0 481.0
30429 邵彦程 98.0 60.0 89.0 44.0 50.0 49.0 247.0 143.0 390.0
30430 沈丹琼 114.0 112.0 134.0 80.0 89.0 73.0 360.0 242.0 602.0
30431 王磊 101.0 106.0 127.0 72.0 85.0 73.0 334.0 230.0 564.0
30432 王震霆 101.0 102.0 93.0 55.0 55.0 56.0 296.0 166.0 462.0
30433 韦昕澄 122.0 113.0 124.0 79.0 83.0 82.0 359.0 244.0 603.0
30434 魏桐曦 96.0 93.0 125.0 74.0 76.0 80.0 314.0 230.0 544.0
30435 翁铭捷 108.0 97.0 107.0 63.0 67.0 57.0 312.0 187.0 499.0
30436 吴洁兰 91.0 62.0 97.0 45.0 61.0 69.0 250.0 175.0 425.0
30437 吴婕洵 113.0 116.0 108.0 69.0 80.0 69.0 337.0 218.0 555.0
30438 吴郁楠 96.0 93.0 110.0 65.0 76.0 72.0 299.0 213.0 512.0
30439 吴泽峰 114.0 103.0 115.0 74.0 85.0 71.0 332.0 230.0 562.0
30440 吴植慧 91.0 85.0 102.0 33.0 46.0 57.0 278.0 136.0 414.0
30441 谢庆欣 104.0 90.0 112.0 62.0 66.0 64.0 306.0 192.0 498.0
30442 辛孜玫 111.0 101.0 96.0 42.0 73.0 59.0 308.0 174.0 482.0
30443 徐浩锴 107.0 86.0 107.0 47.0 82.0 63.0 300.0 192.0 492.0
30444 许可淳 106.0 118.0 131.0 84.0 95.0 87.0 355.0 266.0 621.0
30445 许林菁 104.0 102.0 118.0 73.0 82.0 73.0 324.0 228.0 552.0
30446 许统辉 104.0 94.0 92.0 56.0 75.0 61.0 290.0 192.0 482.0
30447 许旭东 114.0 97.0 124.0 71.0 82.0 81.0 335.0 234.0 569.0
30448 杨博锐 94.0 87.0 98.0 39.0 63.0 63.0 279.0 165.0 444.0
30449 杨乔 101.0 79.0 100.0 44.0 62.0 63.0 280.0 169.0 449.0
30450 杨宇镔 103.0 68.0 110.0 48.0 78.0 66.0 281.0 192.0 473.0
30451 杨芷涵 112.0 117.0 136.0 83.0 91.0 79.0 365.0 253.0 618.0
30452 姚楷炫 118.0 107.0 119.0 61.0 85.0 78.0 344.0 224.0 568.0
30453 张若涵 111.0 110.0 119.0 70.0 78.0 77.0 340.0 225.0 565.0
30454 张雪妍 93.0 80.0 120.0 56.0 74.0 62.0 293.0 192.0 485.0
30455 赵明明 110.0 69.0 117.0 66.0 70.0 73.0 296.0 209.0 505.0
30456 赵晓明 105.0 71.0 116.0 57.0 68.0 68.0 292.0 193.0 485.0
30457 郑沐林 116.0 106.0 132.0 88.0 95.0 82.0 354.0 265.0 619.0
30459 钟献彪 114.0 108.0 125.0 56.0 89.0 75.0 347.0 220.0 567.0
30460 周梓勃 92.0 98.0 122.0 72.0 79.0 76.0 312.0 227.0 539.0
30461 朱丹琪 110.0 98.0 120.0 62.0 72.0 75.0 328.0 209.0 537.0
30462 庄漪婷 103.0 80.0 103.0 59.0 69.0 58.0 286.0 186.0 472.0
30501 蔡苑虹 104.0 120.0 125.0 80.0 84.0 78.0 349.0 242.0 591.0
30502 陈福溢 97.0 96.0 128.0 56.0 65.0 67.0 321.0 188.0 509.0
30503 陈泓 96.0 85.0 112.0 50.0 51.0 68.0 293.0 169.0 462.0
30504 陈佳泓 107.0 106.0 115.0 76.0 87.0 75.0 328.0 238.0 566.0
30505 陈嘉胜 94.0 88.0 106.0 52.0 56.0 69.0 288.0 177.0 465.0
30506 陈丽娜 110.0 115.0 112.0 67.0 80.0 65.0 337.0 212.0 549.0
30507 陈沛震 97.0 83.0 99.0 68.0 74.0 64.0 279.0 206.0 485.0
30508 陈乔林 95.0 85.0 101.0 81.0 74.0 63.0 281.0 218.0 499.0
30509 陈疏桐 119.0 119.0 132.0 82.0 90.0 86.0 370.0 258.0 628.0
30510 陈欣洋 106.0 57.0 107.0 45.0 30.0 49.0 270.0 124.0 394.0
30511 陈雅琪 110.0 95.0 112.0 61.0 76.0 66.0 317.0 203.0 520.0
30512 陈一凡 102.0 125.0 102.0 94.0 88.0 79.0 329.0 261.0 590.0
30514 陈煜琳 105.0 101.0 126.0 65.0 83.0 75.0 332.0 223.0 555.0
30515 陈梓瀚 105.0 78.0 113.0 82.0 77.0 82.0 296.0 241.0 537.0
30516 陈梓霓 107.0 100.0 108.0 72.0 66.0 63.0 315.0 201.0 516.0
30517 陈梓宇 102.0 98.0 105.0 84.0 88.0 76.0 305.0 248.0 553.0
30518 方灿鸿 95.0 109.0 100.0 79.0 80.0 64.0 304.0 223.0 527.0
30519 郭梓淇 105.0 77.0 106.0 50.0 58.0 55.0 288.0 163.0 451.0
30520 黄泓鉴 111.0 120.0 127.0 94.0 86.0 85.0 358.0 265.0 623.0
30521 黄金涛 101.0 92.0 105.0 67.0 69.0 54.0 298.0 190.0 488.0
30522 黄式铨 103.0 109.0 115.0 80.0 80.0 79.0 327.0 239.0 566.0
30523 黄孜睿 97.0 65.0 128.0 82.0 87.0 67.0 290.0 236.0 526.0
30524 江卓聪 83.0 103.0 130.0 80.0 84.0 67.0 316.0 231.0 547.0
30525 李依璘 107.0 71.0 123.0 61.0 64.0 66.0 301.0 191.0 492.0
30526 李子聪 109.0 114.0 117.0 82.0 86.0 75.0 340.0 243.0 583.0
30527 林钡钡 104.0 118.0 100.0 92.0 82.0 74.0 322.0 248.0 570.0
30528 林洁萍 113.0 104.0 119.0 75.0 84.0 75.0 336.0 234.0 570.0
30529 林煜涛 97.0 111.0 93.0 79.0 89.0 67.0 301.0 235.0 536.0
30530 林泽滢 94.0 86.0 103.0 67.0 80.0 76.0 283.0 223.0 506.0
30531 刘榕飒 99.0 75.0 110.0 56.0 62.0 67.0 284.0 185.0 469.0
30532 陆凡冰 117.0 126.0 123.0 91.0 88.0 78.0 366.0 257.0 623.0
30534 马伟涛 112.0 97.0 116.0 87.0 91.0 70.0 325.0 248.0 573.0
30535 潘俞霏 111.0 98.0 126.0 66.0 83.0 68.0 335.0 217.0 552.0
30536 沈哲沛 95.0 64.0 95.0 65.0 75.0 57.0 254.0 197.0 451.0
30537 孙玮 100.0 100.0 102.0 76.0 68.0 68.0 302.0 212.0 514.0
30538 王楠 100.0 78.0 121.0 48.0 52.0 58.0 299.0 158.0 457.0
30539 王天乐 101.0 79.0 104.0 68.0 67.0 67.0 284.0 202.0 486.0
30540 吴博 116.0 114.0 120.0 85.0 85.0 78.0 350.0 248.0 598.0
30541 吴佳芸 105.0 92.0 121.0 70.0 70.0 56.0 318.0 196.0 514.0
30542 吴淇升 106.0 98.0 111.0 61.0 75.0 66.0 315.0 202.0 517.0
30543 吴易达 105.0 111.0 106.0 63.0 78.0 68.0 322.0 209.0 531.0
30544 肖泽楷 118.0 77.0 111.0 69.0 78.0 72.0 306.0 219.0 525.0
30545 谢函瀚 102.0 93.0 116.0 56.0 61.0 73.0 311.0 190.0 501.0
30547 谢思婷 106.0 99.0 129.0 53.0 80.0 68.0 334.0 201.0 535.0
30548 谢育锋 112.0 93.0 90.0 75.0 87.0 68.0 295.0 230.0 525.0
30549 徐芷欣 113.0 97.0 133.0 50.0 80.0 68.0 343.0 198.0 541.0
30550 杨昕 116.0 93.0 127.0 59.0 81.0 80.0 336.0 220.0 556.0
30551 姚雪萍 103.0 84.0 99.0 56.0 68.0 62.0 286.0 186.0 472.0
30552 姚逸峰 99.0 124.0 117.0 53.0 59.0 70.0 340.0 182.0 522.0
30553 余泓涛 95.0 91.0 95.0 57.0 68.0 74.0 281.0 199.0 480.0
30554 余珮镕 117.0 98.0 120.0 64.0 76.0 68.0 335.0 208.0 543.0
30555 曾烁 101.0 87.0 86.0 58.0 60.0 55.0 274.0 173.0 447.0
30556 张基烨 105.0 97.0 109.0 76.0 74.0 79.0 311.0 229.0 540.0
30557 张锦河 109.0 107.0 101.0 79.0 89.0 72.0 317.0 240.0 557.0
30558 张子斌 100.0 114.0 111.0 83.0 93.0 74.0 325.0 250.0 575.0
30559 张宗泽 107.0 114.0 112.0 85.0 93.0 82.0 333.0 260.0 593.0
30560 郑涵 123.0 116.0 126.0 95.0 95.0 82.0 365.0 272.0 637.0
30561 郑主加 96.0 84.0 96.0 41.0 64.0 72.0 276.0 177.0 453.0
30562 钟婉灵 106.0 96.0 113.0 55.0 72.0 62.0 315.0 189.0 504.0
30563 周哲 83.0 99.0 107.0 72.0 62.0 63.0 289.0 197.0 486.0
30601 蔡楚怡 95.0 81.0 118.0 66.0 69.0 63.0 294.0 198.0 492.0
30602 蔡瀚锋 110.0 74.0 114.0 58.0 78.0 65.0 298.0 201.0 499.0
30603 蔡弋炀 107.0 97.0 111.0 80.0 91.0 73.0 315.0 244.0 559.0
30604 陈金涛 101.0 104.0 110.0 70.0 74.0 67.0 315.0 211.0 526.0
30605 陈谨 105.0 77.0 116.0 53.0 72.0 63.0 298.0 188.0 486.0
30606 陈庆 85.0 106.0 94.0 52.0 65.0 62.0 285.0 179.0 464.0
30607 陈帅琦 111.0 101.0 107.0 76.0 76.0 62.0 319.0 214.0 533.0
30608 陈锶涛 84.0 73.0 92.0 38.0 67.0 43.0 249.0 148.0 397.0
30609 陈雅文 112.0 98.0 135.0 63.0 85.0 68.0 345.0 216.0 561.0
30610 陈妍 102.0 94.0 115.0 59.0 75.0 62.0 311.0 196.0 507.0
30611 陈振霖 114.0 88.0 94.0 55.0 55.0 47.0 296.0 157.0 453.0
30612 陈震寅 84.0 111.0 84.0 83.0 81.0 76.0 279.0 240.0 519.0
30613 陈梓泓 91.0 86.0 97.0 72.0 73.0 59.0 274.0 204.0 478.0
30614 陈梓演 108.0 94.0 117.0 62.0 68.0 58.0 319.0 188.0 507.0
30615 戴德燊 102.0 114.0 101.0 81.0 73.0 68.0 317.0 222.0 539.0
30616 方家浩 106.0 102.0 95.0 76.0 74.0 72.0 303.0 222.0 525.0
30617 方玮绚 103.0 88.0 92.0 65.0 64.0 63.0 283.0 192.0 475.0
30618 方小涵 94.0 79.0 116.0 50.0 67.0 55.0 289.0 172.0 461.0
30619 方梓昊 88.0 75.0 93.0 69.0 78.0 65.0 256.0 212.0 468.0
30620 郭悦宁 111.0 67.0 111.0 29.0 51.0 62.0 289.0 142.0 431.0
30621 郭滋涵 76.0 31.0 59.0 28.0 34.0 30.0 166.0 92.0 258.0
30622 洪斯沛 96.0 64.0 125.0 73.0 72.0 60.0 285.0 205.0 490.0
30623 黄蔓蔓 106.0 97.0 93.0 54.0 74.0 56.0 296.0 184.0 480.0
30624 黄树炫 111.0 87.0 119.0 78.0 67.0 73.0 317.0 218.0 535.0
30625 黄晚至 85.0 64.0 125.0 49.0 76.0 68.0 274.0 193.0 467.0
30626 黄粤奇 101.0 0 110.0 0 0 74.0 0 0 0
30627 李传璞 107.0 51.0 115.0 69.0 87.0 69.0 273.0 225.0 498.0
30628 李科谋 115.0 103.0 111.0 85.0 63.0 60.0 329.0 208.0 537.0
30629 李婉宜 111.0 101.0 105.0 83.0 91.0 84.0 317.0 258.0 575.0
30630 李心彤 104.0 79.0 102.0 38.0 66.0 59.0 285.0 163.0 448.0
30631 梁婧 102.0 75.0 100.0 64.0 69.0 51.0 277.0 184.0 461.0
30632 林琦 117.0 121.0 118.0 71.0 86.0 77.0 356.0 234.0 590.0
30633 林润峰 102.0 70.0 99.0 35.0 59.0 57.0 271.0 151.0 422.0
30634 林烁 107.0 92.0 111.0 77.0 75.0 69.0 310.0 221.0 531.0
30635 林钰祺 0 101.0 110.0 65.0 74.0 69.0 0 208.0 0
30636 林泽聪 110.0 113.0 110.0 73.0 87.0 76.0 333.0 236.0 569.0
30637 林泽娜 111.0 72.0 121.0 54.0 61.0 60.0 304.0 175.0 479.0
30638 刘学智 110.0 95.0 110.0 75.0 85.0 78.0 315.0 238.0 553.0
30639 马思奇 112.0 78.0 109.0 65.0 72.0 67.0 299.0 204.0 503.0
30640 佘卓键 92.0 99.0 99.0 58.0 85.0 70.0 290.0 213.0 503.0
30641 沈畅泳 121.0 120.0 121.0 86.0 98.0 71.0 362.0 255.0 617.0
30642 汤庆琳 97.0 48.0 119.0 43.0 61.0 51.0 264.0 155.0 419.0
30643 王嘉如 116.0 80.0 115.0 70.0 89.0 70.0 311.0 229.0 540.0
30644 王琳 104.0 86.0 118.0 67.0 73.0 71.0 308.0 211.0 519.0
30645 王梓渲 111.0 100.0 105.0 79.0 75.0 75.0 316.0 229.0 545.0
30646 吴文澜 104.0 52.0 94.0 34.0 59.0 53.0 250.0 146.0 396.0
30647 吴妍 109.0 95.0 122.0 76.0 83.0 65.0 326.0 224.0 550.0
30648 许夏帆 106.0 132.0 127.0 79.0 83.0 78.0 365.0 240.0 605.0
30649 许烨琪 104.0 90.0 109.0 58.0 78.0 59.0 303.0 195.0 498.0
30650 杨金满 115.0 107.0 126.0 81.0 93.0 78.0 348.0 252.0 600.0
30651 杨壬 83.0 63.0 75.0 49.0 54.0 48.0 221.0 151.0 372.0
30652 杨依云 103.0 96.0 124.0 66.0 78.0 70.0 323.0 214.0 537.0
30653 蚁维聪 109.0 85.0 99.0 77.0 80.0 68.0 293.0 225.0 518.0
30654 余信荣 108.0 101.0 132.0 86.0 91.0 84.0 341.0 261.0 602.0
30655 喻子韬 105.0 104.0 113.0 74.0 79.0 68.0 322.0 221.0 543.0
30656 詹育东 109.0 105.0 86.0 65.0 90.0 70.0 300.0 225.0 525.0
30657 张棣炫 107.0 90.0 115.0 67.0 91.0 70.0 312.0 228.0 540.0
30658 张欣悦 104.0 101.0 120.0 68.0 83.0 66.0 325.0 217.0 542.0
30659 郑东能 111.0 118.0 97.0 87.0 97.0 76.0 326.0 260.0 586.0
30660 郑凯元 101.0 99.0 118.0 81.0 81.0 65.0 318.0 227.0 545.0
30661 郑泽楠 110.0 100.0 117.0 73.0 77.0 75.0 327.0 225.0 552.0
30662 钟贝琪 107.0 100.0 113.0 67.0 51.0 60.0 320.0 178.0 498.0
30663 周盈贝 98.0 76.0 110.0 48.0 73.0 75.0 284.0 196.0 480.0
30701 蔡博涵 100.0 72.0 99.0 63.0 88.0 64.0 271.0 215.0 486.0
30702 蔡琪 93.0 75.0 80.0 49.0 70.0 46.0 248.0 165.0 413.0
30703 蔡淑熙 95.0 99.0 119.0 60.0 70.0 68.0 313.0 198.0 511.0
30704 蔡晓仪 114.0 72.0 115.0 77.0 78.0 72.0 301.0 227.0 528.0
30705 蔡泽莹 101.0 98.0 111.0 62.0 57.0 72.0 310.0 191.0 501.0
30706 蔡之雅 99.0 99.0 118.0 56.0 79.0 63.0 316.0 198.0 514.0
30707 蔡至钿 104.0 74.0 111.0 41.0 82.0 70.0 289.0 193.0 482.0
30708 陈畅 92.0 75.0 107.0 50.0 68.0 63.0 274.0 181.0 455.0
30709 陈铎仑 120.0 104.0 123.0 88.0 86.0 74.0 347.0 248.0 595.0
30710 陈俊成 108.0 119.0 119.0 78.0 94.0 85.0 346.0 257.0 603.0
30711 陈思冰 84.0 74.0 109.0 80.0 56.0 49.0 267.0 185.0 452.0
30712 陈思桦 115.0 70.0 85.0 67.0 66.0 55.0 270.0 188.0 458.0
30713 陈武杰 94.0 84.0 95.0 74.0 67.0 59.0 273.0 200.0 473.0
30714 陈晓雯 120.0 95.0 130.0 84.0 87.0 81.0 345.0 252.0 597.0
30715 陈奕纯 107.0 98.0 119.0 69.0 72.0 70.0 324.0 211.0 535.0
30716 陈钟之 104.0 92.0 117.0 65.0 81.0 74.0 313.0 220.0 533.0
30717 陈梓博 97.0 92.0 105.0 56.0 71.0 71.0 294.0 198.0 492.0
30719 丁烜 95.0 85.0 82.0 56.0 59.0 59.0 262.0 174.0 436.0
30720 杜昕 118.0 92.0 120.0 67.0 77.0 85.0 330.0 229.0 559.0
30721 杜展 100.0 108.0 115.0 73.0 87.0 77.0 323.0 237.0 560.0
30722 郭枫阳 124.0 94.0 128.0 72.0 79.0 79.0 346.0 230.0 576.0
30723 洪欣苑 88.0 96.0 94.0 56.0 63.0 50.0 278.0 169.0 447.0
30724 洪梓昂 106.0 90.0 129.0 69.0 79.0 66.0 325.0 214.0 539.0
30725 黄心婷 103.0 113.0 124.0 76.0 88.0 80.0 340.0 244.0 584.0
30726 黄芷琳 105.0 67.0 121.0 47.0 79.0 66.0 293.0 192.0 485.0
30727 李博恩 108.0 112.0 114.0 61.0 79.0 79.0 334.0 219.0 553.0
30728 李恺寰 105.0 116.0 114.0 72.0 85.0 70.0 335.0 227.0 562.0
30729 李沛熙 97.0 130.0 110.0 94.0 84.0 65.0 337.0 243.0 580.0
30730 李翊亨 104.0 82.0 110.0 55.0 64.0 66.0 296.0 185.0 481.0
30731 林宏杰 107.0 92.0 104.0 76.0 75.0 63.0 303.0 214.0 517.0
30732 林熙 118.0 79.0 108.0 53.0 78.0 57.0 305.0 188.0 493.0
30733 林映含 97.0 96.0 124.0 77.0 84.0 66.0 317.0 227.0 544.0
30734 林芸 94.0 94.0 112.0 65.0 71.0 65.0 300.0 201.0 501.0
30735 刘乐欣 113.0 86.0 112.0 77.0 73.0 66.0 311.0 216.0 527.0
30736 刘依雯 96.0 55.0 118.0 42.0 38.0 48.0 269.0 128.0 397.0
30737 刘雨奇 105.0 102.0 123.0 78.0 78.0 78.0 330.0 234.0 564.0
30738 刘子烁 102.0 80.0 89.0 46.0 70.0 64.0 271.0 180.0 451.0
30739 陆伟坤 99.0 98.0 94.0 75.0 74.0 69.0 291.0 218.0 509.0
30740 马学宽 108.0 104.0 119.0 67.0 72.0 60.0 331.0 199.0 530.0
30741 彭博澄 117.0 104.0 116.0 88.0 75.0 78.0 337.0 241.0 578.0
30742 邱可盈 115.0 78.0 105.0 66.0 81.0 63.0 298.0 210.0 508.0
30743 佘晓仪 96.0 69.0 98.0 42.0 53.0 55.0 263.0 150.0 413.0
30745 苏烁航 104.0 103.0 107.0 67.0 80.0 46.0 314.0 193.0 507.0
30746 苏斯楠 104.0 72.0 89.0 61.0 78.0 59.0 265.0 198.0 463.0
30747 孙润楷 110.0 76.0 95.0 76.0 83.0 69.0 281.0 228.0 509.0
30748 吴佳生 107.0 104.0 127.0 86.0 87.0 79.0 338.0 252.0 590.0
30749 吴昕 96.0 92.0 120.0 55.0 69.0 65.0 308.0 189.0 497.0
30750 谢伟坤 105.0 91.0 105.0 66.0 71.0 70.0 301.0 207.0 508.0
30751 谢宗泰 88.0 63.0 84.0 52.0 71.0 62.0 235.0 185.0 420.0
30752 徐子媛 103.0 88.0 121.0 52.0 70.0 72.0 312.0 194.0 506.0
30753 许楷扬 95.0 83.0 110.0 56.0 62.0 62.0 288.0 180.0 468.0
30754 许艺瀛 116.0 110.0 116.0 66.0 82.0 69.0 342.0 217.0 559.0
30755 杨深林 115.0 116.0 81.0 88.0 83.0 78.0 312.0 249.0 561.0
30756 杨烨爽 97.0 122.0 105.0 74.0 80.0 64.0 324.0 218.0 542.0
30757 叶乐萱 118.0 106.0 144.0 79.0 96.0 84.0 368.0 259.0 627.0
30758 张睿 87.0 102.0 105.0 85.0 73.0 65.0 294.0 223.0 517.0
30759 张少伟 85.0 101.0 97.0 61.0 73.0 58.0 283.0 192.0 475.0
30760 张煜坚 99.0 69.0 122.0 50.0 45.0 57.0 290.0 152.0 442.0
30761 郑逸晖 111.0 90.0 131.0 72.0 79.0 81.0 332.0 232.0 564.0
30762 钟耿钦 82.0 112.0 87.0 61.0 67.0 64.0 281.0 192.0 473.0
30801 蔡筱蕊 105.0 97.0 116.0 51.0 77.0 63.0 318.0 191.0 509.0
30802 蔡奕桐 96.0 75.0 102.0 61.0 77.0 60.0 273.0 198.0 471.0
30803 蔡泽泓 114.0 89.0 111.0 73.0 85.0 69.0 314.0 227.0 541.0
30804 陈达可 111.0 126.0 119.0 80.0 82.0 77.0 356.0 239.0 595.0
30805 陈丹仪 107.0 108.0 124.0 80.0 89.0 76.0 339.0 245.0 584.0
30806 陈锴榆 113.0 68.0 99.0 38.0 63.0 54.0 280.0 155.0 435.0
30807 陈润慷 99.0 114.0 106.0 84.0 78.0 58.0 319.0 220.0 539.0
30808 陈淑芳 101.0 86.0 103.0 55.0 53.0 59.0 290.0 167.0 457.0
30809 陈彦宇 95.0 85.0 123.0 58.0 73.0 66.0 303.0 197.0 500.0
30810 陈钰琦 96.0 54.0 115.0 43.0 48.0 54.0 265.0 145.0 410.0
30811 陈志航 83.0 67.0 89.0 45.0 46.0 51.0 239.0 142.0 381.0
30812 单浩铭 113.0 81.0 110.0 42.0 71.0 64.0 304.0 177.0 481.0
30813 董煜然 90.0 109.0 87.0 74.0 81.0 68.0 286.0 223.0 509.0
30814 杜庚育 110.0 107.0 120.0 77.0 85.0 79.0 337.0 241.0 578.0
30816 方殷锴 105.0 92.0 129.0 73.0 82.0 74.0 326.0 229.0 555.0
30817 葛颖 100.0 81.0 110.0 67.0 62.0 68.0 291.0 197.0 488.0
30818 郭粉红 110.0 83.0 101.0 52.0 67.0 66.0 294.0 185.0 479.0
30819 郭景瀚 103.0 86.0 119.0 57.0 63.0 66.0 308.0 186.0 494.0
30820 洪立强 112.0 92.0 109.0 55.0 63.0 47.0 313.0 165.0 478.0
30821 洪少锐 100.0 94.0 100.0 72.0 86.0 66.0 294.0 224.0 518.0
30822 黄端 109.0 103.0 117.0 88.0 89.0 70.0 329.0 247.0 576.0
30823 黄丰 101.0 97.0 111.0 65.0 70.0 68.0 309.0 203.0 512.0
30824 黄俊斐 98.0 103.0 98.0 72.0 85.0 81.0 299.0 238.0 537.0
30825 黄可欣 103.0 112.0 135.0 84.0 86.0 67.0 350.0 237.0 587.0
30826 金泽薰 116.0 84.0 116.0 89.0 79.0 69.0 316.0 237.0 553.0
30827 蓝旸 105.0 88.0 116.0 60.0 72.0 74.0 309.0 206.0 515.0
30828 林炳丽 117.0 134.0 130.0 94.0 94.0 81.0 381.0 269.0 650.0
30829 林栾荀 102.0 91.0 116.0 59.0 80.0 69.0 309.0 208.0 517.0
30830 林若彤 110.0 108.0 126.0 80.0 77.0 68.0 344.0 225.0 569.0
30831 林晓纯 117.0 121.0 123.0 71.0 79.0 73.0 361.0 223.0 584.0
30832 林钇 105.0 123.0 117.0 77.0 73.0 74.0 345.0 224.0 569.0
30833 林毓莹 102.0 84.0 121.0 57.0 59.0 58.0 307.0 174.0 481.0
30834 林泽凯 97.0 86.0 85.0 69.0 67.0 58.0 268.0 194.0 462.0
30835 刘尔嘉 98.0 105.0 130.0 74.0 87.0 73.0 333.0 234.0 567.0
30836 马旭宁 108.0 101.0 0 73.0 82.0 53.0 0 208.0 0
30837 彭诗妍 93.0 67.0 100.0 43.0 68.0 66.0 260.0 177.0 437.0
30838 宋洁榕 105.0 78.0 110.0 56.0 71.0 74.0 293.0 201.0 494.0
30839 王绿蔚 106.0 94.0 123.0 74.0 66.0 78.0 323.0 218.0 541.0
30840 王维佳 103.0 93.0 90.0 49.0 55.0 56.0 286.0 160.0 446.0
30841 王知往 104.0 88.0 117.0 68.0 71.0 63.0 309.0 202.0 511.0
30842 王志扬 92.0 104.0 116.0 74.0 73.0 74.0 312.0 221.0 533.0
30843 温一海 104.0 76.0 122.0 48.0 51.0 54.0 302.0 153.0 455.0
30844 吴丹妮 95.0 63.0 111.0 46.0 52.0 53.0 269.0 151.0 420.0
30845 吴赋 109.0 85.0 113.0 81.0 94.0 80.0 307.0 255.0 562.0
30846 吴润铭 103.0 88.0 99.0 71.0 58.0 64.0 290.0 193.0 483.0
30847 吴夏韵 104.0 109.0 93.0 63.0 74.0 57.0 306.0 194.0 500.0
30848 辛铄浩 105.0 99.0 122.0 80.0 85.0 63.0 326.0 228.0 554.0
30849 杨婷婷 101.0 85.0 100.0 51.0 56.0 64.0 286.0 171.0 457.0
30850 曾宇丹 114.0 135.0 133.0 84.0 89.0 80.0 382.0 253.0 635.0
30851 曾宇煌 91.0 99.0 119.0 45.0 64.0 67.0 309.0 176.0 485.0
30852 张晓斐 108.0 56.0 121.0 75.0 79.0 65.0 285.0 219.0 504.0
30853 张梓涵 91.0 107.0 129.0 75.0 79.0 64.0 327.0 218.0 545.0
30854 郑聪 100.0 77.0 121.0 73.0 79.0 76.0 298.0 228.0 526.0
30855 郑岱锋 102.0 65.0 90.0 48.0 56.0 67.0 257.0 171.0 428.0
30856 郑楷融 102.0 86.0 105.0 57.0 60.0 63.0 293.0 180.0 473.0
30857 郑欣琳 100.0 87.0 110.0 44.0 54.0 68.0 297.0 166.0 463.0
30858 郑宇平 107.0 109.0 107.0 67.0 69.0 37.0 323.0 173.0 496.0
30859 周弋钿 114.0 118.0 136.0 80.0 91.0 84.0 368.0 255.0 623.0
30860 朱宇寅 104.0 78.0 115.0 33.0 54.0 53.0 297.0 140.0 437.0
30861 庄先正 102.0 53.0 100.0 49.0 63.0 48.0 255.0 160.0 415.0
30862 邹彤彤 99.0 88.0 96.0 56.0 78.0 65.0 283.0 199.0 482.0
30901 蔡仰涵 111.0 108.0 116.0 79.0 79.0 77.0 335.0 235.0 570.0
30902 陈玳翊 99.0 46.0 82.0 69.0 70.0 68.0 227.0 207.0 434.0
30903 陈方梓淳 100.0 86.0 122.0 49.0 61.0 59.0 308.0 169.0 477.0
30904 陈俊锴 98.0 74.0 118.0 62.0 76.0 63.0 290.0 201.0 491.0
30905 陈铿 87.0 77.0 107.0 60.0 76.0 61.0 271.0 197.0 468.0
30906 陈琳 104.0 96.0 109.0 49.0 60.0 68.0 309.0 177.0 486.0
30907 陈淼泓 116.0 85.0 102.0 60.0 63.0 60.0 303.0 183.0 486.0
30908 陈诺 115.0 119.0 114.0 82.0 81.0 60.0 348.0 223.0 571.0
30909 陈申 114.0 106.0 114.0 68.0 79.0 72.0 334.0 219.0 553.0
30910 陈曦芃 105.0 71.0 116.0 45.0 70.0 68.0 292.0 183.0 475.0
30911 陈逸挺 90.0 58.0 81.0 45.0 40.0 44.0 229.0 129.0 358.0
30912 陈钰媛 86.0 97.0 101.0 54.0 43.0 64.0 284.0 161.0 445.0
30913 陈裕 91.0 69.0 113.0 71.0 75.0 55.0 273.0 201.0 474.0
30914 陈钊燚 103.0 119.0 111.0 68.0 88.0 70.0 333.0 226.0 559.0
30915 丁琪瑄 100.0 88.0 112.0 62.0 71.0 64.0 300.0 197.0 497.0
30916 丁泽晟 107.0 98.0 113.0 65.0 78.0 73.0 318.0 216.0 534.0
30917 董信步 116.0 115.0 105.0 81.0 84.0 66.0 336.0 231.0 567.0
30918 郭婉祺 106.0 115.0 128.0 83.0 85.0 74.0 349.0 242.0 591.0
30919 郭潇凯 98.0 100.0 132.0 55.0 82.0 73.0 330.0 210.0 540.0
30920 洪愿足 103.0 110.0 100.0 72.0 79.0 60.0 313.0 211.0 524.0
30921 黄川 121.0 109.0 113.0 81.0 79.0 70.0 343.0 230.0 573.0
30923 黄晓彤 95.0 26.0 113.0 38.0 25.0 42.0 234.0 105.0 339.0
30924 黄泽钦 102.0 104.0 118.0 69.0 88.0 70.0 324.0 227.0 551.0
30925 黄梓媛 115.0 92.0 108.0 80.0 82.0 77.0 315.0 239.0 554.0
30926 蓝菁 121.0 93.0 115.0 54.0 74.0 67.0 329.0 195.0 524.0
30927 李金洺 109.0 93.0 97.0 46.0 56.0 48.0 299.0 150.0 449.0
30928 李乐浩 100.0 101.0 112.0 68.0 70.0 57.0 313.0 195.0 508.0
30929 李泽銮 106.0 79.0 118.0 65.0 77.0 69.0 303.0 211.0 514.0
30930 林翰 107.0 63.0 107.0 60.0 68.0 56.0 277.0 184.0 461.0
30931 林洁娜 99.0 95.0 118.0 50.0 62.0 56.0 312.0 168.0 480.0
30932 林锦燕 93.0 111.0 120.0 72.0 77.0 76.0 324.0 225.0 549.0
30933 林仕居 94.0 107.0 133.0 74.0 86.0 71.0 334.0 231.0 565.0
30934 林铄浩 114.0 98.0 110.0 60.0 81.0 74.0 322.0 215.0 537.0
30935 林晓琪 105.0 86.0 118.0 71.0 82.0 74.0 309.0 227.0 536.0
30936 林依洁 108.0 94.0 128.0 52.0 68.0 71.0 330.0 191.0 521.0
30937 刘泳钊 105.0 74.0 108.0 67.0 60.0 60.0 287.0 187.0 474.0
30938 罗泽鑫 106.0 109.0 0 70.0 96.0 70.0 0 236.0 0
30939 欧阳苇航 96.0 112.0 95.0 94.0 83.0 73.0 303.0 250.0 553.0
30940 潘沛 108.0 106.0 107.0 76.0 68.0 62.0 321.0 206.0 527.0
30941 邱子涵 112.0 79.0 126.0 73.0 79.0 75.0 317.0 227.0 544.0
30942 芮滢 0 108.0 0 76.0 82.0 0 0 0 0
30943 沈子钦 96.0 78.0 117.0 66.0 72.0 63.0 291.0 201.0 492.0
30944 王逸楠 100.0 104.0 110.0 63.0 71.0 53.0 314.0 187.0 501.0
30945 王梓宜 97.0 76.0 95.0 65.0 69.0 64.0 268.0 198.0 466.0
30946 吴佳锡 100.0 108.0 106.0 75.0 91.0 73.0 314.0 239.0 553.0
30947 吴奕艾 105.0 79.0 87.0 79.0 59.0 61.0 271.0 199.0 470.0
30948 吴逸慈 119.0 123.0 135.0 83.0 89.0 81.0 377.0 253.0 630.0
30949 徐仰男 111.0 104.0 117.0 71.0 84.0 71.0 332.0 226.0 558.0
30950 杨亦茜 111.0 89.0 116.0 71.0 81.0 74.0 316.0 226.0 542.0
30951 姚炜琳 95.0 70.0 81.0 46.0 47.0 48.0 246.0 141.0 387.0
30952 余烁 106.0 106.0 128.0 73.0 85.0 70.0 340.0 228.0 568.0
30953 袁一欣 98.0 94.0 125.0 65.0 82.0 54.0 317.0 201.0 518.0
30954 曾慧宾 100.0 96.0 106.0 60.0 67.0 73.0 302.0 200.0 502.0
30955 张涵 116.0 134.0 126.0 89.0 88.0 80.0 376.0 257.0 633.0
30956 张禾 109.0 104.0 110.0 57.0 68.0 78.0 323.0 203.0 526.0
30957 郑瑞锐 104.0 125.0 130.0 90.0 93.0 67.0 359.0 250.0 609.0
30958 郑闻铎 91.0 115.0 88.0 68.0 91.0 64.0 294.0 223.0 517.0
30959 郑勋 108.0 60.0 124.0 58.0 73.0 64.0 292.0 195.0 487.0
30960 郑哲 87.0 66.0 99.0 35.0 56.0 45.0 252.0 136.0 388.0
30961 朱海平 112.0 89.0 117.0 67.0 71.0 70.0 318.0 208.0 526.0
30962 庄瑞临 95.0 90.0 113.0 71.0 77.0 67.0 298.0 215.0 513.0
31001 蔡凡 112.0 85.0 110.0 78.0 84.0 73.0 307.0 235.0 542.0
31002 蔡若珂 103.0 105.0 118.0 82.0 58.0 78.0 326.0 218.0 544.0
31004 蔡周峰 102.0 88.0 114.0 56.0 75.0 74.0 304.0 205.0 509.0
31005 陈蓓蓓 102.0 0 91.0 0 0 57.0 0 0 0
31006 陈钧哲 118.0 130.0 110.0 57.0 79.0 73.0 358.0 209.0 567.0
31007 陈树煜 97.0 94.0 90.0 77.0 75.0 70.0 281.0 222.0 503.0
31008 陈泰霖 96.0 81.0 111.0 74.0 83.0 63.0 288.0 220.0 508.0
31009 陈童菲 108.0 107.0 120.0 77.0 91.0 77.0 335.0 245.0 580.0
31010 陈泽锋 89.0 111.0 97.0 52.0 76.0 61.0 297.0 189.0 486.0
31011 陈泽锐 93.0 78.0 98.0 64.0 68.0 62.0 269.0 194.0 463.0
31012 池逸和 110.0 106.0 133.0 76.0 71.0 73.0 349.0 220.0 569.0
31013 杜鑫 112.0 117.0 124.0 73.0 70.0 70.0 353.0 213.0 566.0
31014 范冬倪 104.0 90.0 92.0 44.0 68.0 60.0 286.0 172.0 458.0
31015 房瑜仪 109.0 127.0 114.0 81.0 81.0 80.0 350.0 242.0 592.0
31016 高帅博 101.0 106.0 129.0 79.0 84.0 71.0 336.0 234.0 570.0
31017 黄钿津 83.0 105.0 81.0 30.0 22.0 33.0 269.0 85.0 354.0
31018 黄兰馨 113.0 99.0 120.0 54.0 73.0 74.0 332.0 201.0 533.0
31019 黄立涵 99.0 115.0 115.0 71.0 84.0 60.0 329.0 215.0 544.0
31020 黄泽瀚 103.0 115.0 119.0 76.0 85.0 69.0 337.0 230.0 567.0
31021 纪南帆 98.0 79.0 79.0 54.0 70.0 62.0 256.0 186.0 442.0
31022 纪欣格 101.0 111.0 108.0 63.0 69.0 70.0 320.0 202.0 522.0
31023 金敏桦 119.0 94.0 126.0 80.0 84.0 83.0 339.0 247.0 586.0
31024 李嘉桦 99.0 84.0 111.0 61.0 82.0 62.0 294.0 205.0 499.0
31025 李芷佳 111.0 86.0 113.0 56.0 65.0 68.0 310.0 189.0 499.0
31026 林翠环 102.0 103.0 122.0 81.0 86.0 71.0 327.0 238.0 565.0
31027 林丹娜 114.0 94.0 116.0 75.0 84.0 70.0 324.0 229.0 553.0
31028 林婷婷 100.0 108.0 116.0 67.0 85.0 69.0 324.0 221.0 545.0
31029 林钰 106.0 77.0 134.0 57.0 66.0 66.0 317.0 189.0 506.0
31030 林展锋 109.0 84.0 116.0 74.0 79.0 75.0 309.0 228.0 537.0
31031 林子潼 111.0 120.0 119.0 84.0 91.0 70.0 350.0 245.0 595.0
31032 刘派佳 113.0 69.0 100.0 65.0 71.0 60.0 282.0 196.0 478.0
31033 陆天宇 90.0 101.0 101.0 47.0 72.0 71.0 292.0 190.0 482.0
31034 马殊 105.0 97.0 123.0 57.0 66.0 77.0 325.0 200.0 525.0
31035 邱驰 102.0 99.0 124.0 66.0 81.0 65.0 325.0 212.0 537.0
31036 邱煜群 95.0 92.0 111.0 82.0 79.0 73.0 298.0 234.0 532.0
31037 王昊东 106.0 108.0 94.0 80.0 86.0 71.0 308.0 237.0 545.0
31038 王新荣 104.0 113.0 123.0 97.0 90.0 67.0 340.0 254.0 594.0
31039 王岳 92.0 74.0 104.0 55.0 70.0 67.0 270.0 192.0 462.0
31040 王芸 87.0 77.0 90.0 60.0 67.0 59.0 254.0 186.0 440.0
31041 翁培锴 103.0 106.0 128.0 58.0 79.0 70.0 337.0 207.0 544.0
31042 吴铭洵 105.0 73.0 95.0 48.0 60.0 62.0 273.0 170.0 443.0
31043 吴楠 98.0 95.0 104.0 62.0 81.0 69.0 297.0 212.0 509.0
31044 吴新仪 120.0 78.0 116.0 50.0 72.0 61.0 314.0 183.0 497.0
31045 夏立嘉 113.0 112.0 121.0 69.0 86.0 82.0 346.0 237.0 583.0
31046 辛焜媛 109.0 122.0 108.0 76.0 75.0 61.0 339.0 212.0 551.0
31047 辛源锋 90.0 95.0 121.0 72.0 57.0 49.0 306.0 178.0 484.0
31048 许思琪 97.0 79.0 114.0 63.0 69.0 67.0 290.0 199.0 489.0
31049 羊雪琪 111.0 116.0 120.0 78.0 79.0 84.0 347.0 241.0 588.0
31050 杨基石 101.0 106.0 109.0 72.0 63.0 59.0 316.0 194.0 510.0
31051 杨璐羽 93.0 96.0 106.0 65.0 62.0 67.0 295.0 194.0 489.0
31052 曾炀铃 106.0 108.0 115.0 52.0 67.0 64.0 329.0 183.0 512.0
31053 曾钰辉 106.0 108.0 105.0 77.0 78.0 65.0 319.0 220.0 539.0
31054 张森烔 104.0 97.0 103.0 54.0 72.0 75.0 304.0 201.0 505.0
31055 赵博瑄 99.0 63.0 100.0 39.0 43.0 52.0 262.0 134.0 396.0
31056 郑乐镔 87.0 107.0 111.0 63.0 85.0 71.0 305.0 219.0 524.0
31057 郑若晗 109.0 109.0 113.0 57.0 56.0 75.0 331.0 188.0 519.0
31058 郑少铭 120.0 104.0 135.0 81.0 76.0 72.0 359.0 229.0 588.0
31059 郑伟纯 106.0 109.0 132.0 87.0 92.0 87.0 347.0 266.0 613.0
31060 周宇程 101.0 105.0 116.0 99.0 70.0 68.0 322.0 237.0 559.0
31061 周之祺 108.0 92.0 116.0 82.0 67.0 67.0 316.0 216.0 532.0
31062 庄杰涛 115.0 99.0 127.0 72.0 94.0 73.0 341.0 239.0 580.0
31101 蔡滨 108.0 108.0 126.0 74.0 91.0 73.0 342.0 238.0 580.0
31102 曹耿槟 104.0 75.0 105.0 43.0 72.0 69.0 284.0 184.0 468.0
31103 陈浩钦 111.0 111.0 117.0 73.0 72.0 75.0 339.0 220.0 559.0
31104 陈洪昱 104.0 129.0 91.0 82.0 66.0 66.0 324.0 214.0 538.0
31105 陈令烨 102.0 96.0 127.0 58.0 78.0 73.0 325.0 209.0 534.0
31106 陈斯昂 113.0 142.0 137.0 97.0 92.0 80.0 392.0 269.0 661.0
31107 陈逸南 102.0 115.0 112.0 80.0 92.0 74.0 329.0 246.0 575.0
31108 陈逸天 90.0 101.0 111.0 85.0 81.0 63.0 302.0 229.0 531.0
31109 陈詠萩 112.0 87.0 115.0 76.0 76.0 85.0 314.0 237.0 551.0
31110 代桂敏 107.0 79.0 104.0 52.0 57.0 70.0 290.0 179.0 469.0
31111 方江鑫 113.0 102.0 111.0 75.0 95.0 81.0 326.0 251.0 577.0
31112 方武智 94.0 71.0 91.0 53.0 61.0 54.0 256.0 168.0 424.0
31113 高亦婷 103.0 89.0 116.0 52.0 59.0 71.0 308.0 182.0 490.0
31114 郭林凯 100.0 95.0 109.0 63.0 62.0 66.0 304.0 191.0 495.0
31115 黄航 102.0 108.0 105.0 85.0 91.0 84.0 315.0 260.0 575.0
31116 黄腾 99.0 79.0 105.0 70.0 52.0 61.0 283.0 183.0 466.0
31117 黄钰涵 114.0 76.0 104.0 51.0 47.0 59.0 294.0 157.0 451.0
31118 黄仲铖 102.0 75.0 100.0 55.0 68.0 61.0 277.0 184.0 461.0
31119 蓝欣悦 115.0 65.0 112.0 53.0 66.0 61.0 292.0 180.0 472.0
31120 李琳纯 108.0 72.0 105.0 43.0 61.0 61.0 285.0 165.0 450.0
31121 李世濠 85.0 91.0 115.0 59.0 81.0 74.0 291.0 214.0 505.0
31122 李晓琳 115.0 97.0 115.0 62.0 67.0 59.0 327.0 188.0 515.0
31123 李旭纯 110.0 96.0 131.0 54.0 81.0 77.0 337.0 212.0 549.0
31124 林德明 104.0 117.0 101.0 76.0 83.0 71.0 322.0 230.0 552.0
31125 林介山 104.0 113.0 91.0 76.0 63.0 69.0 308.0 208.0 516.0
31126 林琳 101.0 90.0 104.0 60.0 70.0 59.0 295.0 189.0 484.0
31127 林南裕 107.0 115.0 123.0 71.0 90.0 74.0 345.0 235.0 580.0
31128 林烁 105.0 110.0 98.0 59.0 78.0 62.0 313.0 199.0 512.0
31129 林媛 108.0 89.0 92.0 62.0 72.0 59.0 289.0 193.0 482.0
31130 林泽豪 112.0 116.0 118.0 68.0 83.0 75.0 346.0 226.0 572.0
31131 林曾越 95.0 95.0 121.0 90.0 88.0 73.0 311.0 251.0 562.0
31132 卢楠 89.0 82.0 105.0 44.0 57.0 51.0 276.0 152.0 428.0
31133 罗世跃 94.0 77.0 102.0 56.0 68.0 61.0 273.0 185.0 458.0
31134 佘晓洁 107.0 79.0 113.0 46.0 48.0 67.0 299.0 161.0 460.0
31135 宋畅 106.0 94.0 109.0 68.0 72.0 61.0 309.0 201.0 510.0
31136 苏梓禄 86.0 27.0 82.0 33.0 55.0 64.0 195.0 152.0 347.0
31137 孙可欣 113.0 112.0 121.0 72.0 87.0 75.0 346.0 234.0 580.0
31138 王冬梅 99.0 102.0 117.0 75.0 88.0 80.0 318.0 243.0 561.0
31139 王睿琪 97.0 112.0 111.0 56.0 67.0 70.0 320.0 193.0 513.0
31140 王松波 104.0 111.0 122.0 88.0 93.0 80.0 337.0 261.0 598.0
31141 王宇涵 107.0 95.0 129.0 73.0 81.0 70.0 331.0 224.0 555.0
31142 翁锐鹏 95.0 63.0 78.0 56.0 58.0 43.0 236.0 157.0 393.0
31143 翁慎喆 111.0 92.0 104.0 57.0 72.0 70.0 307.0 199.0 506.0
31144 吴吉莉 100.0 69.0 121.0 61.0 80.0 70.0 290.0 211.0 501.0
31145 吴锦涛 92.0 59.0 71.0 49.0 36.0 43.0 222.0 128.0 350.0
31146 吴泽钟 103.0 79.0 110.0 64.0 76.0 71.0 292.0 211.0 503.0
31147 肖涵 95.0 76.0 112.0 70.0 70.0 57.0 283.0 197.0 480.0
31148 肖芷雅 116.0 98.0 119.0 74.0 68.0 65.0 333.0 207.0 540.0
31149 谢冬纯 106.0 91.0 125.0 86.0 88.0 77.0 322.0 251.0 573.0
31150 谢晴 110.0 103.0 116.0 61.0 72.0 74.0 329.0 207.0 536.0
31151 徐子东 105.0 114.0 118.0 79.0 83.0 80.0 337.0 242.0 579.0
31152 杨薇 115.0 109.0 120.0 72.0 84.0 73.0 344.0 229.0 573.0
31153 杨艺霞 119.0 105.0 130.0 85.0 75.0 83.0 354.0 243.0 597.0
31154 姚曙凯 100.0 116.0 93.0 49.0 83.0 63.0 309.0 195.0 504.0
31155 曾扬航 109.0 91.0 115.0 59.0 62.0 65.0 315.0 186.0 501.0
31156 张新阳 102.0 90.0 108.0 71.0 91.0 72.0 300.0 234.0 534.0
31157 郑长河 85.0 71.0 111.0 57.0 60.0 59.0 267.0 176.0 443.0
31158 郑力中 108.0 106.0 116.0 68.0 82.0 70.0 330.0 220.0 550.0
31159 郑润华 111.0 95.0 119.0 62.0 74.0 72.0 325.0 208.0 533.0
31160 郑逸锋 109.0 116.0 103.0 88.0 92.0 78.0 328.0 258.0 586.0
31161 周锦煜 91.0 85.0 106.0 69.0 47.0 64.0 282.0 180.0 462.0
31201 陈健颖 101.0 109.0 107.0 82.0 89.0 79.0 317.0 250.0 567.0
31202 陈楠弘 76.0 82.0 107.0 55.0 61.0 66.0 265.0 182.0 447.0
31203 陈祈丹 101.0 90.0 94.0 66.0 58.0 60.0 285.0 184.0 469.0
31204 陈舒颖 114.0 111.0 117.0 80.0 93.0 78.0 342.0 251.0 593.0
31205 陈晓婷 106.0 82.0 118.0 59.0 77.0 55.0 306.0 191.0 497.0
31206 陈雅昕 99.0 111.0 123.0 67.0 93.0 81.0 333.0 241.0 574.0
31207 陈逸泓 104.0 76.0 96.0 72.0 88.0 74.0 276.0 234.0 510.0
31208 陈裕渊 114.0 114.0 123.0 82.0 87.0 80.0 351.0 249.0 600.0
31209 程梓 94.0 64.0 102.0 40.0 46.0 46.0 260.0 132.0 392.0
31210 池霖锋 103.0 101.0 96.0 76.0 69.0 69.0 300.0 214.0 514.0
31211 高丹敏 105.0 76.0 125.0 72.0 69.0 73.0 306.0 214.0 520.0
31212 洪耿鑫 101.0 94.0 94.0 69.0 71.0 64.0 289.0 204.0 493.0
31213 洪泳琪 103.0 107.0 121.0 73.0 90.0 71.0 331.0 234.0 565.0
31214 黄骏涵 106.0 91.0 87.0 49.0 61.0 62.0 284.0 172.0 456.0
31215 黄丽楠 99.0 92.0 93.0 51.0 60.0 51.0 284.0 162.0 446.0
31216 黄绵煌 97.0 87.0 112.0 69.0 72.0 52.0 296.0 193.0 489.0
31217 黄曦宇 107.0 79.0 97.0 38.0 71.0 63.0 283.0 172.0 455.0
31218 李洁淳 109.0 95.0 99.0 65.0 58.0 68.0 303.0 191.0 494.0
31219 李晓波 92.0 92.0 87.0 57.0 93.0 59.0 271.0 209.0 480.0
31220 李育纯 94.0 98.0 106.0 66.0 76.0 78.0 298.0 220.0 518.0
31221 李云山 103.0 123.0 121.0 77.0 82.0 63.0 347.0 222.0 569.0
31222 林翰韬 102.0 80.0 125.0 69.0 85.0 74.0 307.0 228.0 535.0
31223 林靖 122.0 105.0 129.0 90.0 92.0 82.0 356.0 264.0 620.0
31224 林敏英 107.0 93.0 114.0 73.0 80.0 78.0 314.0 231.0 545.0
31225 林汪灏 102.0 89.0 107.0 51.0 52.0 63.0 298.0 166.0 464.0
31226 林晓仰 102.0 99.0 123.0 60.0 79.0 72.0 324.0 211.0 535.0
31227 刘陈婷 108.0 114.0 130.0 82.0 82.0 78.0 352.0 242.0 594.0
31228 刘淇文 82.0 77.0 105.0 51.0 74.0 56.0 264.0 181.0 445.0
31229 刘逸璋 109.0 93.0 125.0 64.0 74.0 71.0 327.0 209.0 536.0
31230 罗立扬 105.0 116.0 120.0 82.0 84.0 67.0 341.0 233.0 574.0
31231 马尚霖 105.0 68.0 110.0 57.0 61.0 53.0 283.0 171.0 454.0
31232 沈楠 94.0 71.0 106.0 66.0 66.0 58.0 271.0 190.0 461.0
31233 孙奇 123.0 119.0 130.0 92.0 92.0 80.0 372.0 264.0 636.0
31234 孙泽鑫 93.0 107.0 81.0 35.0 71.0 52.0 281.0 158.0 439.0
31235 王锴 105.0 98.0 110.0 58.0 91.0 82.0 313.0 231.0 544.0
31236 王婉仪 114.0 60.0 108.0 40.0 68.0 48.0 282.0 156.0 438.0
31237 王炜 106.0 126.0 117.0 83.0 90.0 72.0 349.0 245.0 594.0
31238 王志鹏 103.0 92.0 118.0 60.0 77.0 72.0 313.0 209.0 522.0
31239 王梓菁 108.0 95.0 114.0 68.0 89.0 72.0 317.0 229.0 546.0
31240 翁子腾 93.0 90.0 109.0 70.0 80.0 53.0 292.0 203.0 495.0
31241 吴宏振 101.0 90.0 105.0 59.0 61.0 65.0 296.0 185.0 481.0
31242 吴捷健 120.0 112.0 133.0 88.0 96.0 82.0 365.0 266.0 631.0
31243 吴晓杰 96.0 96.0 116.0 88.0 87.0 70.0 308.0 245.0 553.0
31244 肖扬秀 112.0 88.0 120.0 76.0 81.0 72.0 320.0 229.0 549.0
31245 谢艾津 113.0 73.0 114.0 55.0 82.0 59.0 300.0 196.0 496.0
31246 谢泽杰 119.0 87.0 109.0 67.0 80.0 82.0 315.0 229.0 544.0
31247 许涵英 92.0 83.0 117.0 68.0 74.0 66.0 292.0 208.0 500.0
31248 许佳森 95.0 84.0 56.0 31.0 54.0 62.0 235.0 147.0 382.0
31249 许桐辉 106.0 73.0 100.0 55.0 69.0 62.0 279.0 186.0 465.0
31250 杨时骅 100.0 40.0 99.0 23.0 39.0 46.0 239.0 108.0 347.0
31251 杨时颖 106.0 87.0 110.0 83.0 77.0 64.0 303.0 224.0 527.0
31252 余洢彤 111.0 87.0 107.0 46.0 59.0 48.0 305.0 153.0 458.0
31253 曾婵娟 116.0 114.0 131.0 73.0 93.0 76.0 361.0 242.0 603.0
31254 张漫卿 112.0 60.0 102.0 39.0 54.0 63.0 274.0 156.0 430.0
31255 张睿莹 112.0 85.0 118.0 57.0 79.0 67.0 315.0 203.0 518.0
31256 张艺涵 100.0 100.0 94.0 76.0 86.0 75.0 294.0 237.0 531.0
31257 郑思思 103.0 63.0 83.0 58.0 74.0 56.0 249.0 188.0 437.0
31258 郑希彦 107.0 83.0 106.0 63.0 78.0 66.0 296.0 207.0 503.0
31259 郑以豪 97.0 107.0 86.0 63.0 87.0 72.0 290.0 222.0 512.0
31260 周名弦 111.0 129.0 125.0 83.0 83.0 77.0 365.0 243.0 608.0
31261 朱源腾 92.0 112.0 102.0 69.0 83.0 71.0 306.0 223.0 529.0
31262 朱越 116.0 100.0 120.0 84.0 86.0 75.0 336.0 245.0 581.0
31301 蔡祎晖 101.0 99.0 91.0 61.0 81.0 63.0 291.0 205.0 496.0
31302 蔡永杰 101.0 78.0 105.0 64.0 68.0 68.0 284.0 200.0 484.0
31303 蔡泽莎 110.0 84.0 124.0 77.0 89.0 71.0 318.0 237.0 555.0
31304 蔡芝恬 112.0 89.0 120.0 61.0 86.0 74.0 321.0 221.0 542.0
31305 陈璐 109.0 100.0 128.0 57.0 72.0 73.0 337.0 202.0 539.0
31306 陈冉 98.0 105.0 139.0 60.0 80.0 69.0 342.0 209.0 551.0
31307 陈文博 108.0 129.0 123.0 96.0 91.0 79.0 360.0 266.0 626.0
31308 陈宇铭 101.0 112.0 128.0 79.0 92.0 73.0 341.0 244.0 585.0
31309 陈岳彬 106.0 109.0 113.0 62.0 88.0 79.0 328.0 229.0 557.0
31310 郭剑豪 93.0 91.0 115.0 67.0 76.0 65.0 299.0 208.0 507.0
31311 黄凯丽 111.0 102.0 115.0 75.0 75.0 67.0 328.0 217.0 545.0
31312 黄宇阳 112.0 132.0 132.0 93.0 92.0 79.0 376.0 264.0 640.0
31313 黄桢栩 105.0 82.0 120.0 51.0 73.0 69.0 307.0 193.0 500.0
31314 黄柱铭 91.0 72.0 88.0 61.0 65.0 70.0 251.0 196.0 447.0
31315 赖浩锋 115.0 122.0 117.0 86.0 88.0 72.0 354.0 246.0 600.0
31316 李斯涵 99.0 86.0 99.0 62.0 52.0 56.0 284.0 170.0 454.0
31317 林耿烨 99.0 96.0 121.0 57.0 81.0 74.0 316.0 212.0 528.0
31318 林炜钿 87.0 94.0 89.0 55.0 48.0 55.0 270.0 158.0 428.0
31319 林业渺 111.0 107.0 91.0 71.0 87.0 57.0 309.0 215.0 524.0
31320 林子棉 95.0 123.0 95.0 92.0 86.0 76.0 313.0 254.0 567.0
31321 刘佳彤 92.0 94.0 100.0 59.0 73.0 70.0 286.0 202.0 488.0
31322 刘珊 98.0 98.0 127.0 66.0 72.0 65.0 323.0 203.0 526.0
31323 陆齐 92.0 97.0 110.0 57.0 70.0 61.0 299.0 188.0 487.0
31324 马丹泓 92.0 68.0 49.0 63.0 83.0 72.0 209.0 218.0 427.0
31325 马伟根 111.0 107.0 118.0 78.0 95.0 77.0 336.0 250.0 586.0
31326 欧斐斐 100.0 94.0 136.0 75.0 81.0 76.0 330.0 232.0 562.0
31327 宋伊钿 102.0 71.0 115.0 52.0 69.0 67.0 288.0 188.0 476.0
31328 苏昉 110.0 100.0 116.0 63.0 74.0 71.0 326.0 208.0 534.0
31329 孙佳笙 99.0 97.0 122.0 59.0 80.0 69.0 318.0 208.0 526.0
31330 孙隽源 117.0 127.0 122.0 77.0 81.0 72.0 366.0 230.0 596.0
31331 吴国炀 97.0 83.0 112.0 52.0 79.0 53.0 292.0 184.0 476.0
31332 吴铭泓 106.0 106.0 113.0 83.0 96.0 81.0 325.0 260.0 585.0
31333 吴任诚 98.0 102.0 103.0 45.0 57.0 55.0 303.0 157.0 460.0
31334 吴之林 116.0 103.0 102.0 61.0 79.0 73.0 321.0 213.0 534.0
31335 肖林昕 97.0 33.0 91.0 35.0 39.0 63.0 221.0 137.0 358.0
31336 谢键焕 102.0 134.0 116.0 84.0 94.0 78.0 352.0 256.0 608.0
31337 谢向川 93.0 0 72.0 0 0 50.0 0 0 0
31338 徐略 105.0 0 0 0 0 0 0 0 0
31339 徐紫丹 100.0 89.0 110.0 63.0 68.0 64.0 299.0 195.0 494.0
31340 许锦涛 106.0 105.0 116.0 76.0 96.0 72.0 327.0 244.0 571.0
31341 许稚芝 105.0 109.0 116.0 74.0 82.0 66.0 330.0 222.0 552.0
31342 许宗蕾 94.0 83.0 101.0 49.0 58.0 54.0 278.0 161.0 439.0
31343 颜舒洁 110.0 79.0 109.0 40.0 60.0 64.0 298.0 164.0 462.0
31344 羊恩跃 105.0 112.0 86.0 73.0 81.0 65.0 303.0 219.0 522.0
31345 杨璐洁 117.0 100.0 123.0 75.0 74.0 64.0 340.0 213.0 553.0
31346 杨宓 105.0 99.0 119.0 74.0 66.0 69.0 323.0 209.0 532.0
31347 杨晓虹 107.0 93.0 104.0 54.0 66.0 69.0 304.0 189.0 493.0
31348 姚佳宜 107.0 96.0 125.0 81.0 75.0 76.0 328.0 232.0 560.0
31349 姚星宇 100.0 95.0 108.0 57.0 74.0 60.0 303.0 191.0 494.0
31350 姚映苗 102.0 84.0 126.0 56.0 87.0 73.0 312.0 216.0 528.0
31351 余嘉梓 118.0 113.0 99.0 57.0 66.0 62.0 330.0 185.0 515.0
31352 曾博宇 107.0 99.0 126.0 73.0 78.0 77.0 332.0 228.0 560.0
31354 曾坚锐 100.0 102.0 108.0 70.0 81.0 67.0 310.0 218.0 528.0
31355 曾妍 107.0 103.0 107.0 49.0 67.0 76.0 317.0 192.0 509.0
31356 詹海鹏 103.0 136.0 99.0 85.0 86.0 71.0 338.0 242.0 580.0
31357 詹絮素 97.0 61.0 101.0 52.0 64.0 55.0 259.0 171.0 430.0
31358 张泽恩 91.0 105.0 96.0 51.0 66.0 53.0 292.0 170.0 462.0
31359 章智秋 85.0 108.0 124.0 93.0 91.0 85.0 317.0 269.0 586.0
31360 郑少锐 100.0 85.0 81.0 43.0 61.0 75.0 266.0 179.0 445.0
31361 郑泽明 115.0 108.0 112.0 71.0 88.0 78.0 335.0 237.0 572.0
31362 庄鸿鑫 119.0 116.0 123.0 84.0 95.0 77.0 358.0 256.0 614.0
31401 陈岱芃 114.0 88.0 141.0 72.0 67.0 76.0 343.0 215.0 558.0
31402 陈端华 115.0 73.0 115.0 52.0 71.0 69.0 303.0 192.0 495.0
31403 陈挥遒 100.0 83.0 102.0 39.0 68.0 63.0 285.0 170.0 455.0
31404 陈建诚 102.0 101.0 138.0 65.0 79.0 74.0 341.0 218.0 559.0
31405 陈沛峰 99.0 65.0 86.0 46.0 60.0 61.0 250.0 167.0 417.0
31406 陈芃 106.0 93.0 110.0 72.0 75.0 71.0 309.0 218.0 527.0
31407 陈铄霓 115.0 83.0 103.0 50.0 65.0 54.0 301.0 169.0 470.0
31408 陈奕希 97.0 93.0 115.0 56.0 58.0 73.0 305.0 187.0 492.0
31409 陈泽伟 101.0 110.0 114.0 71.0 79.0 70.0 325.0 220.0 545.0
31410 陈喆慧 106.0 98.0 104.0 71.0 78.0 76.0 308.0 225.0 533.0
31411 陈至渲 95.0 111.0 134.0 76.0 83.0 80.0 340.0 239.0 579.0
31412 陈佐治 114.0 101.0 137.0 88.0 87.0 77.0 352.0 252.0 604.0
31413 邓昱聪 110.0 106.0 103.0 67.0 59.0 72.0 319.0 198.0 517.0
31414 邓泽淳 93.0 83.0 107.0 52.0 70.0 63.0 283.0 185.0 468.0
31415 冯嘉俊 102.0 100.0 97.0 72.0 75.0 72.0 299.0 219.0 518.0
31416 龚泽颖 117.0 74.0 123.0 68.0 74.0 77.0 314.0 219.0 533.0
31417 郭冰桦 124.0 94.0 131.0 68.0 78.0 72.0 349.0 218.0 567.0
31418 黄恩童 110.0 95.0 117.0 69.0 83.0 66.0 322.0 218.0 540.0
31419 黄桂凤 87.0 100.0 97.0 63.0 74.0 54.0 284.0 191.0 475.0
31420 江锦虹 97.0 89.0 129.0 79.0 92.0 83.0 315.0 254.0 569.0
31421 李佳晟 111.0 108.0 126.0 67.0 71.0 69.0 345.0 207.0 552.0
31422 李楠 111.0 109.0 110.0 79.0 80.0 74.0 330.0 233.0 563.0
31423 李舒婷 106.0 94.0 117.0 68.0 88.0 67.0 317.0 223.0 540.0
31424 李易熹 101.0 92.0 124.0 82.0 89.0 72.0 317.0 243.0 560.0
31425 林泓 84.0 116.0 108.0 60.0 74.0 56.0 308.0 190.0 498.0
31426 林可依 114.0 107.0 113.0 63.0 77.0 65.0 334.0 205.0 539.0
31427 林珮汝 91.0 108.0 107.0 50.0 69.0 64.0 306.0 183.0 489.0
31428 林心玥 102.0 70.0 116.0 41.0 55.0 58.0 288.0 154.0 442.0
31429 刘硕霓 105.0 112.0 117.0 75.0 92.0 80.0 334.0 247.0 581.0
31430 刘易恺 120.0 142.0 119.0 73.0 96.0 71.0 381.0 240.0 621.0
31431 卢琳绵 103.0 97.0 116.0 67.0 70.0 74.0 316.0 211.0 527.0
31432 吕远东 96.0 115.0 110.0 65.0 80.0 63.0 321.0 208.0 529.0
31433 马旭民 100.0 105.0 102.0 72.0 95.0 73.0 307.0 240.0 547.0
31434 麦泽涵 111.0 90.0 113.0 82.0 83.0 75.0 314.0 240.0 554.0
31435 邱鸿鑫 103.0 105.0 124.0 74.0 82.0 68.0 332.0 224.0 556.0
31436 邱诗钿 93.0 67.0 85.0 35.0 57.0 40.0 245.0 132.0 377.0
31437 邱梓妍 111.0 105.0 121.0 67.0 57.0 74.0 337.0 198.0 535.0
31438 谭妍真 98.0 99.0 107.0 61.0 86.0 71.0 304.0 218.0 522.0
31439 王毓佳 106.0 82.0 84.0 46.0 72.0 67.0 272.0 185.0 457.0
31440 吴昊 101.0 61.0 124.0 26.0 43.0 58.0 286.0 127.0 413.0
31441 吴浩瀚 110.0 97.0 100.0 82.0 92.0 79.0 307.0 253.0 560.0
31442 吴彤君 87.0 77.0 122.0 67.0 75.0 63.0 286.0 205.0 491.0
31443 肖培亮 119.0 100.0 123.0 91.0 86.0 78.0 342.0 255.0 597.0
31444 谢碧瑶 115.0 93.0 112.0 70.0 82.0 67.0 320.0 219.0 539.0
31445 辛杨淳 101.0 97.0 113.0 39.0 75.0 67.0 311.0 181.0 492.0
31446 徐国玮 98.0 67.0 114.0 58.0 71.0 62.0 279.0 191.0 470.0
31447 徐铤 117.0 113.0 125.0 71.0 97.0 78.0 355.0 246.0 601.0
31448 许凯涵 99.0 110.0 115.0 50.0 73.0 76.0 324.0 199.0 523.0
31449 许正纲 90.0 105.0 76.0 60.0 77.0 62.0 271.0 199.0 470.0
31450 杨琳 108.0 89.0 104.0 44.0 51.0 75.0 301.0 170.0 471.0
31451 杨泽仪 93.0 92.0 117.0 56.0 66.0 56.0 302.0 178.0 480.0
31452 姚广濠 115.0 101.0 132.0 82.0 85.0 78.0 348.0 245.0 593.0
31453 叶济东 90.0 86.0 111.0 51.0 69.0 55.0 287.0 175.0 462.0
31454 叶洋 95.0 110.0 88.0 54.0 68.0 68.0 293.0 190.0 483.0
31455 余旭玮 102.0 75.0 124.0 38.0 45.0 64.0 301.0 147.0 448.0
31456 曾思沛 97.0 104.0 106.0 68.0 71.0 65.0 307.0 204.0 511.0
31457 张睿博 92.0 97.0 109.0 55.0 80.0 72.0 298.0 207.0 505.0
31458 章炫锐 114.0 115.0 114.0 68.0 85.0 68.0 343.0 221.0 564.0
31459 章梓烨 102.0 104.0 111.0 54.0 52.0 61.0 317.0 167.0 484.0
31460 郑康 103.0 96.0 114.0 53.0 77.0 70.0 313.0 200.0 513.0
31461 郑宇婷 105.0 60.0 109.0 35.0 69.0 65.0 274.0 169.0 443.0
31462 庄泽达 82.0 53.0 81.0 35.0 11.0 25.0 216.0 71.0 287.0
31501 蔡嘉煜 97.0 88.0 97.0 63.0 71.0 72.0 282.0 206.0 488.0
31502 陈力 105.0 60.0 107.0 67.0 73.0 66.0 272.0 206.0 478.0
31503 陈梦琪 100.0 101.0 123.0 82.0 85.0 72.0 324.0 239.0 563.0
31504 陈培铭 86.0 74.0 104.0 69.0 76.0 72.0 264.0 217.0 481.0
31505 陈佩恋 101.0 110.0 107.0 75.0 85.0 76.0 318.0 236.0 554.0
31506 陈斯哲 108.0 118.0 98.0 59.0 74.0 65.0 324.0 198.0 522.0
31507 陈文浩 105.0 112.0 112.0 79.0 87.0 69.0 329.0 235.0 564.0
31508 陈漪皓 91.0 78.0 107.0 39.0 62.0 39.0 276.0 140.0 416.0
31509 陈溢煌 88.0 84.0 91.0 80.0 78.0 76.0 263.0 234.0 497.0
31510 陈梓轩 117.0 75.0 85.0 34.0 49.0 57.0 277.0 140.0 417.0
31511 程晓婷 114.0 94.0 129.0 90.0 88.0 81.0 337.0 259.0 596.0
31513 杜佳锴 107.0 129.0 95.0 68.0 77.0 55.0 331.0 200.0 531.0
31514 方宇驰 95.0 88.0 96.0 51.0 80.0 73.0 279.0 204.0 483.0
31515 高越 102.0 114.0 117.0 73.0 81.0 74.0 333.0 228.0 561.0
31516 洪戈 108.0 92.0 115.0 71.0 86.0 74.0 315.0 231.0 546.0
31517 黄向鸿 108.0 111.0 127.0 82.0 95.0 84.0 346.0 261.0 607.0
31518 黄泽山 96.0 68.0 76.0 47.0 44.0 54.0 240.0 145.0 385.0
31519 黄梓彤 107.0 87.0 117.0 63.0 82.0 76.0 311.0 221.0 532.0
31520 柯金宏 100.0 114.0 130.0 78.0 96.0 81.0 344.0 255.0 599.0
31521 赖炜豪 95.0 92.0 114.0 61.0 81.0 72.0 301.0 214.0 515.0
31522 李涵 94.0 90.0 119.0 74.0 80.0 66.0 303.0 220.0 523.0
31523 李沐峻 104.0 76.0 103.0 49.0 79.0 68.0 283.0 196.0 479.0
31524 李润熹 89.0 102.0 115.0 76.0 84.0 68.0 306.0 228.0 534.0
31525 李舒婷 103.0 107.0 124.0 74.0 85.0 77.0 334.0 236.0 570.0
31526 李梓煌 92.0 84.0 120.0 55.0 71.0 67.0 296.0 193.0 489.0
31527 林钗 102.0 118.0 93.0 60.0 78.0 66.0 313.0 204.0 517.0
31528 林若欣 120.0 80.0 123.0 75.0 84.0 80.0 323.0 239.0 562.0
31529 林爽 100.0 81.0 123.0 56.0 77.0 71.0 304.0 204.0 508.0
31530 刘粉婷 100.0 103.0 110.0 79.0 94.0 77.0 313.0 250.0 563.0
31531 刘烨桦 95.0 80.0 124.0 47.0 72.0 63.0 299.0 182.0 481.0
31532 彭瀚锟 107.0 81.0 86.0 72.0 90.0 73.0 274.0 235.0 509.0
31533 邱霜晓 114.0 70.0 106.0 42.0 63.0 52.0 290.0 157.0 447.0
31534 沈晓琦 102.0 86.0 118.0 64.0 87.0 68.0 306.0 219.0 525.0
31535 王曙丹 111.0 100.0 107.0 49.0 73.0 64.0 318.0 186.0 504.0
31536 王泽翔 97.0 96.0 88.0 58.0 92.0 72.0 281.0 222.0 503.0
31537 翁梓洪 92.0 78.0 93.0 26.0 41.0 56.0 263.0 123.0 386.0
31538 吴林瀚 97.0 107.0 92.0 69.0 91.0 63.0 296.0 223.0 519.0
31539 夏梓斌 109.0 50.0 88.0 29.0 32.0 52.0 247.0 113.0 360.0
31540 谢梦霞 100.0 84.0 118.0 46.0 75.0 64.0 302.0 185.0 487.0
31541 谢泳凯 104.0 132.0 121.0 100.0 94.0 91.0 357.0 285.0 642.0
31542 谢植煌 102.0 73.0 88.0 69.0 79.0 67.0 263.0 215.0 478.0
31543 徐国瑞 103.0 88.0 118.0 74.0 84.0 72.0 309.0 230.0 539.0
31544 许欢 106.0 82.0 105.0 60.0 68.0 59.0 293.0 187.0 480.0
31545 许越 109.0 98.0 123.0 61.0 76.0 67.0 330.0 204.0 534.0
31546 杨小嬉 110.0 82.0 117.0 63.0 74.0 70.0 309.0 207.0 516.0
31547 杨铮楷 105.0 83.0 111.0 77.0 82.0 69.0 299.0 228.0 527.0
31548 姚喆仪 102.0 93.0 114.0 62.0 77.0 80.0 309.0 219.0 528.0
31549 袁若瑶 108.0 118.0 100.0 71.0 79.0 74.0 326.0 224.0 550.0
31550 曾少擎 106.0 77.0 124.0 59.0 70.0 77.0 307.0 206.0 513.0
31551 曾欣哲 109.0 86.0 125.0 83.0 82.0 82.0 320.0 247.0 567.0
31552 张志鹏 104.0 120.0 113.0 87.0 96.0 82.0 337.0 265.0 602.0
31553 赵晓冰 106.0 75.0 107.0 59.0 66.0 55.0 288.0 180.0 468.0
31554 郑帆 101.0 0 0 0 77.0 0 0 0 0
31555 郑杰 120.0 119.0 122.0 99.0 95.0 81.0 361.0 275.0 636.0
31556 郑婕 114.0 101.0 116.0 59.0 74.0 76.0 331.0 209.0 540.0
31557 郑钧璟 104.0 97.0 124.0 71.0 82.0 76.0 325.0 229.0 554.0
31558 郑丽璇 115.0 95.0 136.0 66.0 88.0 78.0 346.0 232.0 578.0
31559 郑婷芝 89.0 88.0 99.0 61.0 70.0 72.0 276.0 203.0 479.0
31560 郑鑫海 107.0 101.0 114.0 78.0 75.0 72.0 322.0 225.0 547.0
31561 周健驰 84.0 94.0 101.0 68.0 81.0 64.0 279.0 213.0 492.0
31562 邹丹纯 99.0 95.0 125.0 61.0 71.0 63.0 319.0 195.0 514.0
31601 蔡慈瀚 104.0 121.0 131.0 75.0 95.0 69.0 356.0 239.0 595.0
31602 蔡君悦 104.0 78.0 90.0 46.0 61.0 68.0 272.0 175.0 447.0
31603 陈东晗 97.0 113.0 115.0 64.0 66.0 69.0 325.0 199.0 524.0
31604 陈佳伶 110.0 97.0 112.0 63.0 74.0 60.0 319.0 197.0 516.0
31605 陈佳盈 107.0 94.0 100.0 76.0 86.0 66.0 301.0 228.0 529.0
31606 陈力 103.0 109.0 121.0 67.0 85.0 76.0 333.0 228.0 561.0
31607 陈敏儿 109.0 93.0 121.0 68.0 87.0 75.0 323.0 230.0 553.0
31608 陈派捷 89.0 99.0 98.0 70.0 70.0 60.0 286.0 200.0 486.0
31609 陈日 110.0 74.0 113.0 54.0 74.0 72.0 297.0 200.0 497.0
31610 陈逸镕 94.0 83.0 111.0 59.0 75.0 65.0 288.0 199.0 487.0
31611 陈莹 98.0 101.0 109.0 66.0 69.0 60.0 308.0 195.0 503.0
31612 陈滢 108.0 94.0 122.0 70.0 85.0 78.0 324.0 233.0 557.0
31613 陈梓鑫 112.0 86.0 98.0 54.0 70.0 62.0 296.0 186.0 482.0
31614 方浩锴 106.0 104.0 120.0 53.0 74.0 70.0 330.0 197.0 527.0
31615 黄谷 93.0 103.0 118.0 66.0 81.0 72.0 314.0 219.0 533.0
31616 黄浩扬 109.0 121.0 134.0 88.0 89.0 75.0 364.0 252.0 616.0
31617 黄锐敏 106.0 114.0 122.0 76.0 86.0 69.0 342.0 231.0 573.0
31618 黄少邑 92.0 89.0 102.0 53.0 57.0 62.0 283.0 172.0 455.0
31619 黄舒乐 102.0 69.0 110.0 38.0 68.0 56.0 281.0 162.0 443.0
31620 江佳仪 115.0 104.0 121.0 86.0 83.0 71.0 340.0 240.0 580.0
31621 李嘉鑫 108.0 118.0 98.0 51.0 71.0 61.0 324.0 183.0 507.0
31622 李琳丹 119.0 109.0 118.0 62.0 77.0 74.0 346.0 213.0 559.0
31623 李暄婷 91.0 93.0 118.0 47.0 68.0 67.0 302.0 182.0 484.0
31624 李奕 101.0 66.0 109.0 54.0 62.0 61.0 276.0 177.0 453.0
31625 廖骊涵 105.0 107.0 118.0 46.0 65.0 63.0 330.0 174.0 504.0
31626 廖澍镔 102.0 92.0 116.0 85.0 90.0 76.0 310.0 251.0 561.0
31627 林灿荣 102.0 92.0 118.0 62.0 79.0 52.0 312.0 193.0 505.0
31628 林冠之 103.0 117.0 109.0 72.0 82.0 73.0 329.0 227.0 556.0
31629 林楠 108.0 94.0 91.0 74.0 75.0 66.0 293.0 215.0 508.0
31630 林树红 115.0 99.0 114.0 62.0 67.0 74.0 328.0 203.0 531.0
31631 林仪 91.0 64.0 109.0 44.0 61.0 67.0 264.0 172.0 436.0
31632 林意 106.0 88.0 108.0 55.0 70.0 73.0 302.0 198.0 500.0
31633 刘思煌 99.0 119.0 116.0 79.0 92.0 82.0 334.0 253.0 587.0
31634 刘奕 98.0 101.0 104.0 59.0 75.0 68.0 303.0 202.0 505.0
31635 刘泽 102.0 78.0 81.0 49.0 77.0 56.0 261.0 182.0 443.0
31636 柳婷 113.0 113.0 125.0 92.0 95.0 79.0 351.0 266.0 617.0
31637 卢开书 91.0 108.0 111.0 78.0 81.0 64.0 310.0 223.0 533.0
31638 马润青 101.0 108.0 131.0 80.0 83.0 68.0 340.0 231.0 571.0
31639 彭灏 99.0 86.0 115.0 64.0 67.0 64.0 300.0 195.0 495.0
31640 孙熹珣 98.0 88.0 110.0 69.0 64.0 65.0 296.0 198.0 494.0
31641 孙烨 104.0 105.0 125.0 58.0 63.0 75.0 334.0 196.0 530.0
31642 王海槟 93.0 96.0 110.0 80.0 85.0 73.0 299.0 238.0 537.0
31643 王晓钟 105.0 112.0 111.0 88.0 84.0 69.0 328.0 241.0 569.0
31644 王雨青 109.0 102.0 105.0 75.0 88.0 66.0 316.0 229.0 545.0
31645 吴毅聪 99.0 104.0 109.0 59.0 63.0 52.0 312.0 174.0 486.0
31646 吴梓帆 105.0 118.0 130.0 81.0 92.0 84.0 353.0 257.0 610.0
31647 谢尘沐 111.0 75.0 113.0 59.0 0 79.0 299.0 0 0
31648 谢锦珮 109.0 76.0 119.0 41.0 50.0 55.0 304.0 146.0 450.0
31649 谢小雪 122.0 111.0 115.0 64.0 86.0 80.0 348.0 230.0 578.0
31650 谢奕纯 104.0 67.0 0 33.0 54.0 39.0 0 126.0 0
31651 杨涵 107.0 94.0 103.0 42.0 78.0 70.0 304.0 190.0 494.0
31652 姚采妮 95.0 80.0 98.0 42.0 47.0 53.0 273.0 142.0 415.0
31653 余泽泰 105.0 103.0 117.0 87.0 90.0 77.0 325.0 254.0 579.0
31654 张泽琳 114.0 116.0 132.0 86.0 87.0 77.0 362.0 250.0 612.0
31655 张泽宇 117.0 120.0 124.0 59.0 86.0 81.0 361.0 226.0 587.0
31656 章婉仪 108.0 102.0 128.0 81.0 76.0 65.0 338.0 222.0 560.0
31657 赵先铎 105.0 111.0 113.0 55.0 76.0 67.0 329.0 198.0 527.0
31658 郑涵禧 100.0 97.0 114.0 41.0 65.0 64.0 311.0 170.0 481.0
31659 郑林楷 113.0 119.0 91.0 77.0 90.0 66.0 323.0 233.0 556.0
31660 郑镇灏 104.0 94.0 98.0 50.0 61.0 51.0 296.0 162.0 458.0
31661 郑重 91.0 117.0 91.0 43.0 68.0 54.0 299.0 165.0 464.0
31662 朱俊宇 94.0 76.0 67.0 30.0 49.0 54.0 237.0 133.0 370.0
31663 庄声锐 91.0 73.0 94.0 56.0 58.0 64.0 258.0 178.0 436.0
31701 蔡金沛 90.0 90.0 98.0 63.0 77.0 62.0 278.0 202.0 480.0
31702 蔡俊峰 101.0 96.0 119.0 79.0 88.0 76.0 316.0 243.0 559.0
31703 曹宇韬 101.0 90.0 112.0 79.0 63.0 60.0 303.0 202.0 505.0
31704 陈大立 83.0 108.0 116.0 88.0 88.0 77.0 307.0 253.0 560.0
31705 陈浩杰 100.0 98.0 102.0 64.0 76.0 70.0 300.0 210.0 510.0
31706 陈沛润 98.0 113.0 105.0 67.0 85.0 74.0 316.0 226.0 542.0
31707 陈锐 104.0 98.0 118.0 84.0 84.0 70.0 320.0 238.0 558.0
31708 陈烁 88.0 99.0 77.0 46.0 76.0 73.0 264.0 195.0 459.0
31709 陈学诚 99.0 114.0 127.0 71.0 76.0 80.0 340.0 227.0 567.0
31710 陈韫颖 104.0 84.0 130.0 53.0 68.0 62.0 318.0 183.0 501.0
31711 陈泽鑫 79.0 68.0 111.0 34.0 44.0 51.0 258.0 129.0 387.0
31712 陈中一 114.0 110.0 112.0 76.0 90.0 58.0 336.0 224.0 560.0
31713 何伊慧 102.0 94.0 124.0 58.0 80.0 73.0 320.0 211.0 531.0
31714 侯思涵 95.0 92.0 132.0 65.0 71.0 68.0 319.0 204.0 523.0
31715 黄彬霆 105.0 77.0 109.0 63.0 79.0 62.0 291.0 204.0 495.0
31716 黄丹 86.0 22.0 81.0 25.0 29.0 0 189.0 0 0
31717 黄光炳 98.0 79.0 79.0 31.0 42.0 49.0 256.0 122.0 378.0
31718 黄慧敏 100.0 96.0 121.0 59.0 90.0 77.0 317.0 226.0 543.0
31719 黄思翰 107.0 111.0 114.0 83.0 86.0 69.0 332.0 238.0 570.0
31720 黄伟纯 117.0 94.0 123.0 71.0 73.0 63.0 334.0 207.0 541.0
31721 黄莹 104.0 98.0 112.0 74.0 81.0 68.0 314.0 223.0 537.0
31722 黄梓芸 98.0 78.0 108.0 30.0 37.0 49.0 284.0 116.0 400.0
31723 江相渝 102.0 79.0 98.0 47.0 69.0 65.0 279.0 181.0 460.0
31724 李洁瀚 104.0 118.0 110.0 73.0 82.0 75.0 332.0 230.0 562.0
31725 林仰 105.0 99.0 122.0 57.0 75.0 73.0 326.0 205.0 531.0
31726 林雍权 115.0 116.0 107.0 68.0 82.0 73.0 338.0 223.0 561.0
31727 刘嘉鑫 93.0 62.0 95.0 44.0 60.0 64.0 250.0 168.0 418.0
31728 卢荣泰 104.0 131.0 126.0 74.0 91.0 74.0 361.0 239.0 600.0
31729 卢仪蕊 111.0 86.0 116.0 74.0 59.0 60.0 313.0 193.0 506.0
31730 马学盈 115.0 103.0 122.0 49.0 74.0 66.0 340.0 189.0 529.0
31731 马直先 105.0 87.0 107.0 80.0 81.0 68.0 299.0 229.0 528.0
31732 麦博 108.0 119.0 126.0 92.0 77.0 79.0 353.0 248.0 601.0
31733 欧阳生 103.0 103.0 113.0 80.0 86.0 76.0 319.0 242.0 561.0
31734 彭琪 89.0 102.0 77.0 63.0 64.0 62.0 268.0 189.0 457.0
31735 佘晓环 95.0 93.0 124.0 49.0 74.0 59.0 312.0 182.0 494.0
31736 王基鸿 100.0 90.0 120.0 81.0 86.0 87.0 310.0 254.0 564.0
31737 王俊澎 108.0 98.0 117.0 63.0 87.0 78.0 323.0 228.0 551.0
31738 王烔毅 102.0 96.0 101.0 68.0 89.0 69.0 299.0 226.0 525.0
31739 王钰 100.0 87.0 113.0 55.0 70.0 63.0 300.0 188.0 488.0
31740 王真子 115.0 89.0 102.0 78.0 76.0 73.0 306.0 227.0 533.0
31741 吴俊翰 115.0 103.0 109.0 75.0 88.0 75.0 327.0 238.0 565.0
31742 吴彤沛 112.0 54.0 111.0 40.0 69.0 60.0 277.0 169.0 446.0
31743 吴伟霞 119.0 83.0 110.0 71.0 81.0 73.0 312.0 225.0 537.0
31744 谢锶琦 105.0 95.0 112.0 67.0 71.0 65.0 312.0 203.0 515.0
31745 许锶妍 112.0 76.0 116.0 42.0 50.0 62.0 304.0 154.0 458.0
31746 许奕烁 105.0 92.0 90.0 46.0 67.0 57.0 287.0 170.0 457.0
31747 许哲浩 108.0 98.0 124.0 62.0 77.0 69.0 330.0 208.0 538.0
31748 杨铠翔 106.0 99.0 94.0 71.0 80.0 63.0 299.0 214.0 513.0
31749 杨腾 95.0 56.0 90.0 34.0 43.0 49.0 241.0 126.0 367.0
31750 姚佳妮 116.0 90.0 106.0 71.0 90.0 81.0 312.0 242.0 554.0
31751 张纯 98.0 70.0 115.0 78.0 83.0 76.0 283.0 237.0 520.0
31752 张锐翰 102.0 64.0 82.0 26.0 47.0 62.0 248.0 135.0 383.0
31754 张奕 98.0 51.0 101.0 68.0 56.0 46.0 250.0 170.0 420.0
31755 张翼 106.0 104.0 115.0 82.0 81.0 75.0 325.0 238.0 563.0
31756 章家竣 108.0 104.0 120.0 80.0 89.0 85.0 332.0 254.0 586.0
31757 郑慈香 106.0 108.0 117.0 69.0 74.0 66.0 331.0 209.0 540.0
31758 郑曼燕 93.0 80.0 114.0 60.0 81.0 66.0 287.0 207.0 494.0
31759 郑铭 107.0 103.0 116.0 54.0 69.0 63.0 326.0 186.0 512.0
31761 周锴捷 103.0 88.0 120.0 67.0 79.0 74.0 311.0 220.0 531.0
31762 庄本熙 88.0 85.0 95.0 54.0 74.0 66.0 268.0 194.0 462.0
31763 黄钰莹 97.0 88.0 111.0 69.0 76.0 64.0 296.0 209.0 505.0
31764 王宏 105.0 82.0 128.0 56.0 74.0 77.0 315.0 207.0 522.0
31801 陈鸿飞 101.0 108.0 111.0 81.0 78.0 72.0 320.0 231.0 551.0
31802 陈家思 86.0 109.0 98.0 63.0 92.0 71.0 293.0 226.0 519.0
31803 陈立芃 100.0 89.0 121.0 47.0 65.0 63.0 310.0 175.0 485.0
31804 陈齐骏 71.0 0 0 0 18.0 14.0 0 0 0
31805 陈润铎 106.0 112.0 112.0 35.0 56.0 54.0 330.0 145.0 475.0
31806 陈润楷 102.0 103.0 114.0 65.0 79.0 68.0 319.0 212.0 531.0
31807 陈鑫冰 116.0 84.0 102.0 34.0 74.0 69.0 302.0 177.0 479.0
31808 陈永佳 107.0 117.0 115.0 70.0 97.0 74.0 339.0 241.0 580.0
31809 陈元嘉 109.0 83.0 104.0 84.0 81.0 70.0 296.0 235.0 531.0
31810 冯钰冰 105.0 79.0 104.0 55.0 64.0 67.0 288.0 186.0 474.0
31811 何畅 99.0 55.0 96.0 29.0 35.0 47.0 250.0 111.0 361.0
31812 黄怀瑶 85.0 98.0 117.0 49.0 51.0 65.0 300.0 165.0 465.0
31813 黄凯鹏 88.0 78.0 102.0 55.0 68.0 55.0 268.0 178.0 446.0
31815 黄泽宇 103.0 68.0 103.0 52.0 81.0 74.0 274.0 207.0 481.0
31816 康思妹 96.0 92.0 113.0 51.0 75.0 72.0 301.0 198.0 499.0
31817 孔雪欣 94.0 88.0 109.0 54.0 81.0 64.0 291.0 199.0 490.0
31818 赖淑凌 97.0 86.0 108.0 56.0 66.0 59.0 291.0 181.0 472.0
31819 李俊 120.0 64.0 122.0 61.0 81.0 70.0 306.0 212.0 518.0
31820 李楠 112.0 95.0 107.0 52.0 88.0 72.0 314.0 212.0 526.0
31821 李蔚东 100.0 135.0 113.0 89.0 96.0 79.0 348.0 264.0 612.0
31822 李昕 99.0 113.0 108.0 76.0 74.0 73.0 320.0 223.0 543.0
31823 连泓杰 110.0 94.0 119.0 60.0 75.0 72.0 323.0 207.0 530.0
31824 林泓 105.0 87.0 111.0 68.0 76.0 59.0 303.0 203.0 506.0
31825 林培润 81.0 68.0 101.0 48.0 53.0 62.0 250.0 163.0 413.0
31826 林绮娜 118.0 85.0 120.0 75.0 82.0 76.0 323.0 233.0 556.0
31827 林昕 112.0 99.0 104.0 64.0 88.0 71.0 315.0 223.0 538.0
31828 林奕敏 103.0 86.0 102.0 60.0 87.0 88.0 291.0 235.0 526.0
31829 林泽辉 97.0 86.0 98.0 62.0 84.0 65.0 281.0 211.0 492.0
31830 林泽炜 108.0 99.0 112.0 90.0 87.0 79.0 319.0 256.0 575.0
31831 林增瑞 87.0 99.0 116.0 46.0 71.0 63.0 302.0 180.0 482.0
31832 刘丁玮 97.0 121.0 106.0 72.0 85.0 72.0 324.0 229.0 553.0
31833 卢呈焕 80.0 92.0 102.0 69.0 70.0 57.0 274.0 196.0 470.0
31834 卢智扬 95.0 50.0 116.0 37.0 57.0 55.0 261.0 149.0 410.0
31835 罗亿权 91.0 55.0 106.0 48.0 54.0 52.0 252.0 154.0 406.0
31836 邱乐思 108.0 94.0 109.0 57.0 88.0 75.0 311.0 220.0 531.0
31837 佘涵 104.0 98.0 118.0 55.0 79.0 68.0 320.0 202.0 522.0
31838 汤钰瑛 114.0 72.0 118.0 44.0 63.0 64.0 304.0 171.0 475.0
31839 王佩佩 105.0 110.0 105.0 63.0 71.0 70.0 320.0 204.0 524.0
31840 王思佳 116.0 96.0 130.0 71.0 78.0 67.0 342.0 216.0 558.0
31841 王晓泽 96.0 73.0 91.0 40.0 73.0 51.0 260.0 164.0 424.0
31842 王振东 89.0 136.0 110.0 94.0 92.0 80.0 335.0 266.0 601.0
31843 王子瑜 88.0 100.0 91.0 54.0 59.0 64.0 279.0 177.0 456.0
31844 吴绍邦 107.0 119.0 122.0 72.0 91.0 60.0 348.0 223.0 571.0
31845 吴水滇 91.0 97.0 109.0 47.0 70.0 57.0 297.0 174.0 471.0
31846 吴晓琪 108.0 70.0 126.0 71.0 86.0 71.0 304.0 228.0 532.0
31847 吴昕 103.0 76.0 123.0 69.0 70.0 70.0 302.0 209.0 511.0
31848 谢昱康 99.0 80.0 103.0 73.0 82.0 66.0 282.0 221.0 503.0
31849 姚少云 97.0 67.0 88.0 55.0 57.0 51.0 252.0 163.0 415.0
31850 余博浩 100.0 92.0 105.0 60.0 80.0 54.0 297.0 194.0 491.0
31851 曾泓燊 88.0 98.0 112.0 79.0 87.0 57.0 298.0 223.0 521.0
31852 曾佳泓 102.0 86.0 108.0 72.0 76.0 65.0 296.0 213.0 509.0
31853 曾琳 101.0 97.0 125.0 64.0 74.0 66.0 323.0 204.0 527.0
31854 曾宪瀚 104.0 53.0 88.0 62.0 68.0 64.0 245.0 194.0 439.0
31855 曾伊琳 94.0 110.0 88.0 55.0 68.0 66.0 292.0 189.0 481.0
31856 张随娜 106.0 82.0 117.0 54.0 78.0 67.0 305.0 199.0 504.0
31857 张育铭 95.0 95.0 112.0 56.0 87.0 68.0 302.0 211.0 513.0
31858 章滢蓥 107.0 107.0 107.0 76.0 87.0 79.0 321.0 242.0 563.0
31859 郑任翔 104.0 87.0 128.0 53.0 59.0 68.0 319.0 180.0 499.0
31860 郑子昂 98.0 87.0 97.0 53.0 66.0 56.0 282.0 175.0 457.0
31861 钟浩川 111.0 110.0 124.0 81.0 87.0 80.0 345.0 248.0 593.0
31862 周苑婷 110.0 99.0 118.0 73.0 86.0 71.0 327.0 230.0 557.0
31863 庄妍 95.0 102.0 139.0 69.0 86.0 71.0 336.0 226.0 562.0
31901 蔡育铮 121.0 123.0 133.0 87.0 84.0 75.0 377.0 246.0 623.0
31902 蔡卓颖 102.0 95.0 114.0 30.0 68.0 56.0 311.0 154.0 465.0
31903 陈功超 97.0 29.0 95.0 22.0 42.0 44.0 221.0 108.0 329.0
31904 陈浩宇 110.0 98.0 96.0 95.0 80.0 76.0 304.0 251.0 555.0
31905 陈红 109.0 106.0 126.0 86.0 81.0 68.0 341.0 235.0 576.0
31906 陈嘉杭 99.0 73.0 114.0 28.0 46.0 60.0 286.0 134.0 420.0
31907 陈锴灏 105.0 0 0 0 0 0 0 0 0
31908 陈孟耀 93.0 66.0 96.0 46.0 57.0 57.0 255.0 160.0 415.0
31910 陈宇霏 95.0 105.0 113.0 64.0 64.0 52.0 313.0 180.0 493.0
31911 陈卓妮 108.0 72.0 113.0 52.0 75.0 44.0 293.0 171.0 464.0
31912 杜振超 101.0 136.0 110.0 67.0 88.0 74.0 347.0 229.0 576.0
31913 方家颖 111.0 90.0 106.0 50.0 77.0 73.0 307.0 200.0 507.0
31914 郭佳鑫 113.0 123.0 121.0 92.0 99.0 86.0 357.0 277.0 634.0
31915 黄超铄 112.0 88.0 112.0 49.0 74.0 77.0 312.0 200.0 512.0
31916 黄海铭 104.0 77.0 67.0 59.0 78.0 61.0 248.0 198.0 446.0
31917 黄融杰 92.0 86.0 112.0 66.0 81.0 77.0 290.0 224.0 514.0
31918 黄晓琦 107.0 79.0 118.0 47.0 61.0 57.0 304.0 165.0 469.0
31920 黄泽锴 0 0 53.0 0 0 0 0 0 0
31921 纪沛桐 110.0 82.0 106.0 64.0 76.0 65.0 298.0 205.0 503.0
31922 李岱谚 114.0 124.0 130.0 98.0 81.0 81.0 368.0 260.0 628.0
31923 李光泽 109.0 108.0 86.0 61.0 62.0 61.0 303.0 184.0 487.0
31924 李鸿 108.0 108.0 108.0 73.0 59.0 70.0 324.0 202.0 526.0
31925 李林昕 117.0 108.0 113.0 61.0 77.0 70.0 338.0 208.0 546.0
31926 李欣然 125.0 77.0 126.0 56.0 73.0 65.0 328.0 194.0 522.0
31927 李鑫 97.0 69.0 86.0 44.0 57.0 56.0 252.0 157.0 409.0
31928 李彦腾 100.0 77.0 102.0 65.0 67.0 70.0 279.0 202.0 481.0
31929 林坚生 104.0 98.0 123.0 69.0 79.0 68.0 325.0 216.0 541.0
31930 林乐贤 122.0 114.0 123.0 80.0 84.0 77.0 359.0 241.0 600.0
31931 林萌子 96.0 110.0 116.0 85.0 87.0 72.0 322.0 244.0 566.0
31932 林银虹 112.0 81.0 122.0 76.0 72.0 70.0 315.0 218.0 533.0
31933 林岳青 109.0 92.0 121.0 63.0 83.0 76.0 322.0 222.0 544.0
31934 卢晓杰 104.0 116.0 115.0 91.0 96.0 81.0 335.0 268.0 603.0
31935 马思昀 112.0 89.0 114.0 46.0 82.0 67.0 315.0 195.0 510.0
31936 彭丽妹 103.0 79.0 101.0 55.0 74.0 71.0 283.0 200.0 483.0
31937 彭扬帆 101.0 90.0 115.0 68.0 90.0 68.0 306.0 226.0 532.0
31938 沈桂菱 93.0 104.0 89.0 74.0 91.0 71.0 286.0 236.0 522.0
31939 沈益聪 95.0 119.0 120.0 45.0 70.0 66.0 334.0 181.0 515.0
31940 苏思澄 103.0 108.0 108.0 81.0 87.0 70.0 319.0 238.0 557.0
31941 苏泽坤 102.0 80.0 74.0 50.0 83.0 57.0 256.0 190.0 446.0
31942 王璐 107.0 109.0 124.0 83.0 90.0 81.0 340.0 254.0 594.0
31943 王梓琦 107.0 91.0 87.0 63.0 87.0 65.0 285.0 215.0 500.0
31944 文渲 103.0 83.0 97.0 43.0 75.0 70.0 283.0 188.0 471.0
31945 翁涵 105.0 90.0 105.0 70.0 77.0 77.0 300.0 224.0 524.0
31946 吴虹燕 110.0 82.0 104.0 62.0 82.0 61.0 296.0 205.0 501.0
31947 吴佳銮 114.0 93.0 130.0 56.0 85.0 64.0 337.0 205.0 542.0
31948 吴怡玫 103.0 85.0 114.0 46.0 81.0 62.0 302.0 189.0 491.0
31949 谢罗瀚 81.0 106.0 69.0 44.0 68.0 53.0 256.0 165.0 421.0
31950 谢泽钊 72.0 96.0 98.0 56.0 78.0 57.0 266.0 191.0 457.0
31951 徐润峰 96.0 81.0 88.0 60.0 86.0 73.0 265.0 219.0 484.0
31952 许滨楠 108.0 101.0 123.0 72.0 83.0 64.0 332.0 219.0 551.0
31953 许玫 108.0 94.0 132.0 49.0 65.0 66.0 334.0 180.0 514.0
31954 许子源 92.0 82.0 82.0 48.0 67.0 57.0 256.0 172.0 428.0
31955 杨利秋 116.0 89.0 120.0 81.0 93.0 75.0 325.0 249.0 574.0
31956 余子涵 100.0 90.0 101.0 46.0 73.0 66.0 291.0 185.0 476.0
31957 曾奕楠 90.0 50.0 99.0 24.0 59.0 68.0 239.0 151.0 390.0
31958 张超逸 94.0 121.0 105.0 55.0 90.0 75.0 320.0 220.0 540.0
31959 张曼琪 101.0 80.0 109.0 64.0 66.0 68.0 290.0 198.0 488.0
31960 赵彦纯 110.0 107.0 115.0 60.0 73.0 76.0 332.0 209.0 541.0
31961 郑钧漾 103.0 74.0 71.0 47.0 80.0 69.0 248.0 196.0 444.0
31962 郑玮涛 109.0 92.0 90.0 87.0 74.0 71.0 291.0 232.0 523.0
31963 郑锨淇 100.0 92.0 120.0 80.0 80.0 72.0 312.0 232.0 544.0
31964 庄开翔 114.0 105.0 110.0 60.0 93.0 75.0 329.0 228.0 557.0
32001 蔡佳琪 110.0 75.0 105.0 48.0 57.0 56.0 290.0 161.0 451.0
32002 蔡淑玲 99.0 98.0 119.0 41.0 89.0 63.0 316.0 193.0 509.0
32003 蔡伟龙 102.0 101.0 91.0 75.0 80.0 62.0 294.0 217.0 511.0
32004 陈博涵 107.0 94.0 98.0 79.0 86.0 71.0 299.0 236.0 535.0
32005 陈畅洪 93.0 90.0 93.0 46.0 73.0 66.0 276.0 185.0 461.0
32006 陈润洋 94.0 96.0 111.0 81.0 87.0 70.0 301.0 238.0 539.0
32007 陈思桦 109.0 84.0 117.0 66.0 71.0 67.0 310.0 204.0 514.0
32008 陈雪仪 108.0 99.0 111.0 70.0 88.0 78.0 318.0 236.0 554.0
32009 洪奕祥 96.0 103.0 117.0 62.0 91.0 74.0 316.0 227.0 543.0
32010 胡期升 102.0 105.0 127.0 74.0 86.0 64.0 334.0 224.0 558.0
32011 黄斌伟 92.0 85.0 112.0 71.0 85.0 68.0 289.0 224.0 513.0
32012 黄洪雯 101.0 52.0 101.0 30.0 58.0 61.0 254.0 149.0 403.0
32013 黄敏华 102.0 102.0 119.0 45.0 78.0 56.0 323.0 179.0 502.0
32014 黄舜娴 95.0 78.0 114.0 71.0 82.0 78.0 287.0 231.0 518.0
32015 黄于峻 95.0 72.0 81.0 42.0 67.0 47.0 248.0 156.0 404.0
32016 纪梓荣 96.0 127.0 89.0 49.0 61.0 52.0 312.0 162.0 474.0
32017 李东烁 112.0 108.0 103.0 61.0 80.0 61.0 323.0 202.0 525.0
32018 李洁 114.0 95.0 128.0 73.0 91.0 77.0 337.0 241.0 578.0
32019 李易霖 92.0 100.0 102.0 37.0 69.0 72.0 294.0 178.0 472.0
32020 李治 103.0 120.0 113.0 73.0 94.0 73.0 336.0 240.0 576.0
32021 李卓明 117.0 123.0 122.0 88.0 86.0 82.0 362.0 256.0 618.0
32022 林佳煌 113.0 112.0 104.0 59.0 88.0 76.0 329.0 223.0 552.0
32023 林钦鸿 98.0 121.0 123.0 55.0 84.0 80.0 342.0 219.0 561.0
32024 林小琪 100.0 76.0 99.0 65.0 76.0 68.0 275.0 209.0 484.0
32025 林烨 114.0 90.0 127.0 61.0 74.0 73.0 331.0 208.0 539.0
32026 刘艾莉 105.0 122.0 126.0 94.0 93.0 73.0 353.0 260.0 613.0
32027 刘旭东 98.0 106.0 114.0 88.0 85.0 72.0 318.0 245.0 563.0
32028 刘依菁 104.0 101.0 115.0 69.0 70.0 72.0 320.0 211.0 531.0
32029 刘悦韵 122.0 93.0 129.0 73.0 74.0 63.0 344.0 210.0 554.0
32030 马洪量 89.0 87.0 86.0 58.0 74.0 54.0 262.0 186.0 448.0
32031 马茵茵 91.0 55.0 94.0 45.0 66.0 46.0 240.0 157.0 397.0
32032 潘莹涵 93.0 87.0 96.0 36.0 45.0 46.0 276.0 127.0 403.0
32033 沈敏勇 110.0 104.0 107.0 81.0 92.0 77.0 321.0 250.0 571.0
32034 沈晓燕 101.0 112.0 118.0 64.0 94.0 70.0 331.0 228.0 559.0
32035 苏诚章 97.0 107.0 113.0 87.0 86.0 80.0 317.0 253.0 570.0
32036 唐梦洋 96.0 65.0 76.0 38.0 47.0 49.0 237.0 134.0 371.0
32037 王灿杜 88.0 115.0 122.0 72.0 89.0 73.0 325.0 234.0 559.0
32038 王鸿吉 102.0 70.0 94.0 49.0 65.0 54.0 266.0 168.0 434.0
32039 王杰鑫 112.0 103.0 122.0 69.0 86.0 72.0 337.0 227.0 564.0
32040 王泽锴 93.0 88.0 91.0 20.0 64.0 45.0 272.0 129.0 401.0
32041 王子铟 121.0 119.0 122.0 65.0 81.0 72.0 362.0 218.0 580.0
32042 吴斯彤 81.0 93.0 117.0 66.0 76.0 62.0 291.0 204.0 495.0
32043 吴泽锐 120.0 134.0 129.0 91.0 94.0 76.0 383.0 261.0 644.0
32044 谢锦珊 107.0 106.0 104.0 66.0 86.0 85.0 317.0 237.0 554.0
32045 谢铠羽 109.0 87.0 116.0 56.0 76.0 55.0 312.0 187.0 499.0
32047 谢懿锐 99.0 116.0 114.0 78.0 82.0 78.0 329.0 238.0 567.0
32048 徐英芸 105.0 90.0 113.0 46.0 79.0 65.0 308.0 190.0 498.0
32049 许晓刚 109.0 113.0 119.0 49.0 87.0 72.0 341.0 208.0 549.0
32050 许永泓 110.0 131.0 123.0 92.0 97.0 71.0 364.0 260.0 624.0
32051 颜莞尔 111.0 78.0 114.0 44.0 72.0 72.0 303.0 188.0 491.0
32052 姚树耿 119.0 103.0 118.0 75.0 83.0 79.0 340.0 237.0 577.0
32053 姚悦扬 107.0 88.0 111.0 54.0 79.0 63.0 306.0 196.0 502.0
32054 余钊 94.0 80.0 95.0 49.0 66.0 65.0 269.0 180.0 449.0
32055 詹金伟 107.0 80.0 88.0 51.0 68.0 41.0 275.0 160.0 435.0
32056 张皓洵 105.0 90.0 118.0 81.0 86.0 67.0 313.0 234.0 547.0
32057 张扬 111.0 104.0 105.0 69.0 89.0 67.0 320.0 225.0 545.0
32058 张奕欣 98.0 61.0 95.0 32.0 45.0 53.0 254.0 130.0 384.0
32059 郑铠 87.0 97.0 80.0 79.0 88.0 72.0 264.0 239.0 503.0
32060 郑哲然 109.0 97.0 124.0 68.0 86.0 65.0 330.0 219.0 549.0
32061 周泽妍 100.0 90.0 111.0 52.0 71.0 70.0 301.0 193.0 494.0
32062 周子毓 99.0 69.0 95.0 23.0 70.0 37.0 263.0 130.0 393.0
