30401 陈柏林 106.0 0 0 0 0 0 0 0 0
30402 陈东晓 116.0 71.0 105.0 92.0 76.0 75.0 292.0 243.0 535.0
30403 陈冬仪 113.0 95.0 95.5 72.0 80.0 64.0 303.5 216.0 519.5
30404 陈金洲 108.0 99.0 116.5 100.0 79.0 82.0 323.5 261.0 584.5
30405 陈淑妍 102.0 81.0 131.5 83.0 92.0 82.0 314.5 257.0 571.5
30406 胡楷宇 97.0 95.0 103.5 78.0 80.0 69.0 295.5 227.0 522.5
30407 胡昱 126.0 81.0 122.5 94.0 83.0 82.0 329.5 259.0 588.5
30408 黄艾琪 108.0 90.0 126.5 91.0 89.0 76.0 324.5 256.0 580.5
30409 黄狄林 120.0 117.0 121.5 93.0 86.0 74.0 358.5 253.0 611.5
30410 黄琳婷 109.0 82.0 114.0 63.0 62.0 75.0 305.0 200.0 505.0
30411 黄云进 114.0 89.0 119.0 84.0 88.0 81.0 322.0 253.0 575.0
30412 纪慧煊 107.0 92.0 108.5 89.0 87.0 73.0 307.5 249.0 556.5
30413 蓝玉奇 108.0 65.0 109.0 66.0 85.0 75.0 282.0 226.0 508.0
30414 李宏森 112.0 76.0 73.0 51.0 59.0 64.0 261.0 174.0 435.0
30415 李艺晴 113.0 103.0 134.0 100.0 86.0 84.0 350.0 270.0 620.0
30416 李兆捷 110.0 93.0 101.5 91.0 96.0 75.0 304.5 262.0 566.5
30417 林达 118.0 94.0 117.0 88.0 83.0 81.0 329.0 252.0 581.0
30418 林镜辉 109.0 102.0 104.5 77.0 87.0 68.0 315.5 232.0 547.5
30419 林永佳 102.0 88.0 103.0 66.0 69.0 69.0 293.0 204.0 497.0
30420 林昱霖 102.0 128.0 97.0 94.0 95.0 80.0 327.0 269.0 596.0
30421 林泽楷 120.0 96.0 87.5 95.0 91.0 81.0 303.5 267.0 570.5
30422 刘琳菲 114.0 87.0 103.5 92.0 82.0 81.0 304.5 255.0 559.5
30424 卢涵 112.0 88.0 116.5 88.0 88.0 78.0 316.5 254.0 570.5
30425 卢昕玥 117.0 89.0 123.0 89.0 72.0 80.0 329.0 241.0 570.0
30426 卢彦宇 91.0 80.0 97.0 80.0 77.0 68.0 268.0 225.0 493.0
30427 罗亦宋 115.0 73.0 117.0 78.0 80.0 74.0 305.0 232.0 537.0
30428 麦扬 96.0 86.0 100.5 63.0 74.0 80.0 282.5 217.0 499.5
30429 邵彦程 97.0 66.0 94.5 66.0 70.0 67.0 257.5 203.0 460.5
30430 沈丹琼 115.0 127.0 122.5 91.0 90.0 84.0 364.5 265.0 629.5
30431 王磊 118.0 90.0 116.5 92.0 86.0 81.0 324.5 259.0 583.5
30432 王震霆 90.0 83.0 80.5 49.0 79.0 61.0 253.5 189.0 442.5
30433 韦昕澄 118.0 120.0 126.5 98.0 94.0 81.0 364.5 273.0 637.5
30434 魏桐曦 110.0 117.0 122.0 90.0 87.0 88.0 349.0 265.0 614.0
30435 翁铭捷 108.0 55.0 97.0 76.0 67.0 70.0 260.0 213.0 473.0
30436 吴洁兰 100.0 60.0 88.0 61.0 75.0 66.0 248.0 202.0 450.0
30437 吴婕洵 113.0 102.0 112.0 88.0 79.0 80.0 327.0 247.0 574.0
30438 吴郁楠 113.0 88.0 116.0 75.0 64.0 76.0 317.0 215.0 532.0
30439 吴泽峰 113.0 89.0 115.0 93.0 84.0 81.0 317.0 258.0 575.0
30440 吴植慧 112.0 60.0 98.0 58.0 64.0 59.0 270.0 181.0 451.0
30441 谢庆欣 107.0 71.0 97.5 74.0 79.0 74.0 275.5 227.0 502.5
30442 辛孜玫 114.0 88.0 102.0 68.0 73.0 67.0 304.0 208.0 512.0
30443 徐浩锴 113.0 97.0 106.0 92.0 79.0 69.0 316.0 240.0 556.0
30444 许可淳 119.0 125.0 126.5 93.0 94.0 84.0 370.5 271.0 641.5
30445 许林菁 120.0 79.0 113.0 86.0 73.0 79.0 312.0 238.0 550.0
30446 许统辉 102.0 75.0 85.0 81.0 78.0 65.0 262.0 224.0 486.0
30447 许旭东 119.0 113.0 125.0 97.0 88.0 79.0 357.0 264.0 621.0
30448 杨博锐 101.0 79.0 94.0 64.0 66.0 74.0 274.0 204.0 478.0
30449 杨乔 120.0 0 100.5 82.0 0 0 0 0 0
30450 杨宇镔 106.0 59.0 106.5 56.0 70.0 74.0 271.5 200.0 471.5
30451 杨芷涵 113.0 97.0 135.0 100.0 92.0 79.0 345.0 271.0 616.0
30452 姚楷炫 114.0 102.0 118.0 91.0 84.0 84.0 334.0 259.0 593.0
30453 张若涵 120.0 87.0 131.0 82.0 82.0 69.0 338.0 233.0 571.0
30454 张雪妍 105.0 81.0 113.0 80.0 68.0 75.0 299.0 223.0 522.0
30455 赵明明 125.0 86.0 124.0 84.0 83.0 72.0 335.0 239.0 574.0
30456 赵晓明 109.0 81.0 113.5 78.0 70.0 76.0 303.5 224.0 527.5
30457 郑沐林 118.0 104.0 133.5 94.0 96.0 82.0 355.5 272.0 627.5
30459 钟献彪 114.0 98.0 108.5 86.0 89.0 75.0 320.5 250.0 570.5
30460 周梓勃 111.0 94.0 118.0 88.0 80.0 74.0 323.0 242.0 565.0
30461 朱丹琪 103.0 111.0 116.0 92.0 79.0 73.0 330.0 244.0 574.0
30462 庄漪婷 97.0 88.0 106.0 82.0 79.0 65.0 291.0 226.0 517.0
30501 蔡苑虹 115.0 113.0 105.5 92.0 86.0 80.0 333.5 258.0 591.5
30502 陈福溢 115.0 73.0 122.0 68.0 74.0 71.0 310.0 213.0 523.0
30503 陈泓 103.0 75.0 118.5 81.0 68.0 65.0 296.5 214.0 510.5
30504 陈佳泓 109.0 104.0 113.5 91.0 79.0 75.0 326.5 245.0 571.5
30505 陈嘉胜 96.0 70.0 99.5 66.0 85.0 71.0 265.5 222.0 487.5
30506 陈丽娜 119.0 106.0 107.0 81.0 82.0 75.0 332.0 238.0 570.0
30507 陈沛震 104.0 97.0 85.5 76.0 70.0 56.0 286.5 202.0 488.5
30508 陈乔林 97.0 80.0 110.5 78.0 76.0 70.0 287.5 224.0 511.5
30509 陈疏桐 115.0 106.0 130.5 98.0 88.0 85.0 351.5 271.0 622.5
30510 陈欣洋 97.0 53.0 95.5 43.0 53.0 67.0 245.5 163.0 408.5
30511 陈雅琪 123.0 88.0 112.0 82.0 87.0 84.0 323.0 253.0 576.0
30512 陈一凡 98.0 109.0 104.5 91.0 93.0 90.0 311.5 274.0 585.5
30514 陈煜琳 114.0 92.0 123.0 91.0 76.0 78.0 329.0 245.0 574.0
30515 陈梓瀚 96.0 76.0 98.0 91.0 79.0 84.0 270.0 254.0 524.0
30516 陈梓霓 106.0 90.0 103.5 76.0 81.0 68.0 299.5 225.0 524.5
30517 陈梓宇 118.0 104.0 105.0 97.0 84.0 73.0 327.0 254.0 581.0
30518 方灿鸿 109.0 87.0 96.5 87.0 86.0 73.0 292.5 246.0 538.5
30519 郭梓淇 108.0 77.0 102.5 72.0 67.0 67.0 287.5 206.0 493.5
30520 黄泓鉴 114.0 105.0 130.0 98.0 91.0 75.0 349.0 264.0 613.0
30521 黄金涛 107.0 81.0 100.0 87.0 67.0 67.0 288.0 221.0 509.0
30522 黄式铨 115.0 103.0 113.5 96.0 85.0 79.0 331.5 260.0 591.5
30523 黄孜睿 94.0 77.0 114.5 89.0 95.0 70.0 285.5 254.0 539.5
30524 江卓聪 119.0 116.0 128.0 98.0 85.0 76.0 363.0 259.0 622.0
30525 李依璘 106.0 75.0 119.5 94.0 80.0 83.0 300.5 257.0 557.5
30526 李子聪 111.0 108.0 109.0 92.0 79.0 77.0 328.0 248.0 576.0
30527 林钡钡 107.0 122.0 100.0 96.0 92.0 84.0 329.0 272.0 601.0
30528 林洁萍 111.0 81.0 112.0 81.0 76.0 72.0 304.0 229.0 533.0
30529 林煜涛 102.0 86.0 80.5 83.0 84.0 80.0 268.5 247.0 515.5
30530 林泽滢 115.0 67.0 115.0 77.0 78.0 78.0 297.0 233.0 530.0
30531 刘榕飒 110.0 54.0 117.5 84.0 80.0 72.0 281.5 236.0 517.5
30532 陆凡冰 110.0 114.0 114.0 96.0 88.0 80.0 338.0 264.0 602.0
30534 马伟涛 118.0 107.0 117.0 97.0 85.0 77.0 342.0 259.0 601.0
30535 潘俞霏 110.0 99.0 122.0 82.0 73.0 75.0 331.0 230.0 561.0
30536 沈哲沛 104.0 75.0 92.5 82.0 72.0 64.0 271.5 218.0 489.5
30537 孙玮 114.0 96.0 115.0 83.0 87.0 81.0 325.0 251.0 576.0
30538 王楠 109.0 38.0 125.0 26.0 38.0 49.0 272.0 113.0 385.0
30539 王天乐 111.0 106.0 98.5 71.0 71.0 59.0 315.5 201.0 516.5
30540 吴博 106.0 105.0 123.5 100.0 80.0 77.0 334.5 257.0 591.5
30541 吴佳芸 113.0 56.0 112.0 85.0 81.0 61.0 281.0 227.0 508.0
30542 吴淇升 110.0 99.0 112.5 83.0 78.0 70.0 321.5 231.0 552.5
30543 吴易达 94.0 102.0 111.0 87.0 87.0 61.0 307.0 235.0 542.0
30544 肖泽楷 120.0 85.0 114.5 81.0 77.0 76.0 319.5 234.0 553.5
30545 谢函瀚 117.0 68.0 103.0 78.0 83.0 75.0 288.0 236.0 524.0
30547 谢思婷 109.0 86.0 124.5 88.0 83.0 79.0 319.5 250.0 569.5
30548 谢育锋 113.0 87.0 112.5 98.0 91.0 79.0 312.5 268.0 580.5
30549 徐芷欣 94.0 93.0 122.5 83.0 80.0 72.0 309.5 235.0 544.5
30550 杨昕 116.0 90.0 122.0 91.0 84.0 84.0 328.0 259.0 587.0
30551 姚雪萍 110.0 86.0 105.5 74.0 70.0 65.0 301.5 209.0 510.5
30552 姚逸峰 105.0 86.0 110.0 96.0 68.0 63.0 301.0 227.0 528.0
30553 余泓涛 92.0 77.0 88.0 84.0 74.0 71.0 257.0 229.0 486.0
30554 余珮镕 115.0 67.0 118.0 67.0 68.0 67.0 300.0 202.0 502.0
30555 曾烁 115.0 68.0 89.0 53.0 73.0 66.0 272.0 192.0 464.0
30556 张基烨 108.0 90.0 118.0 79.0 77.0 74.0 316.0 230.0 546.0
30557 张锦河 108.0 89.0 102.0 93.0 78.0 76.0 299.0 247.0 546.0
30558 张子斌 103.0 114.0 107.5 90.0 95.0 73.0 324.5 258.0 582.5
30559 张宗泽 100.0 88.0 124.5 94.0 94.0 79.0 312.5 267.0 579.5
30560 郑涵 116.0 108.0 128.5 100.0 97.0 87.0 352.5 284.0 636.5
30561 郑主加 101.0 47.0 90.5 85.0 78.0 76.0 238.5 239.0 477.5
30562 钟婉灵 114.0 96.0 100.5 74.0 83.0 80.0 310.5 237.0 547.5
30563 周哲 104.0 105.0 100.0 86.0 76.0 63.0 309.0 225.0 534.0
30601 蔡楚怡 97.0 69.0 110.0 75.0 90.0 61.0 276.0 226.0 502.0
30602 蔡瀚锋 110.0 78.0 104.5 93.0 85.0 71.0 292.5 249.0 541.5
30603 蔡弋炀 117.0 98.0 115.5 100.0 95.0 73.0 330.5 268.0 598.5
30604 陈金涛 111.0 83.0 109.5 83.0 92.0 67.0 303.5 242.0 545.5
30605 陈谨 104.0 66.0 112.5 52.0 71.0 71.0 282.5 194.0 476.5
30606 陈庆 101.0 73.0 88.5 89.0 83.0 73.0 262.5 245.0 507.5
30607 陈帅琦 102.0 92.0 103.5 77.0 75.0 72.0 297.5 224.0 521.5
30608 陈锶涛 100.0 54.0 76.5 46.0 40.0 54.0 230.5 140.0 370.5
30609 陈雅文 106.0 92.0 125.0 74.0 84.0 81.0 323.0 239.0 562.0
30610 陈妍 106.0 70.0 130.0 69.0 68.0 63.0 306.0 200.0 506.0
30611 陈振霖 110.0 74.0 87.0 84.0 71.0 72.0 271.0 227.0 498.0
30612 陈震寅 105.0 105.0 83.0 99.0 88.0 69.0 293.0 256.0 549.0
30613 陈梓泓 115.0 116.0 109.0 100.0 98.0 81.0 340.0 279.0 619.0
30614 陈梓演 109.0 86.0 109.5 74.0 81.0 64.0 304.5 219.0 523.5
30615 戴德燊 107.0 102.0 92.5 78.0 83.0 71.0 301.5 232.0 533.5
30616 方家浩 109.0 83.0 96.0 86.0 82.0 76.0 288.0 244.0 532.0
30618 方小涵 111.0 50.0 102.5 70.0 66.0 55.0 263.5 191.0 454.5
30619 方梓昊 105.0 68.0 98.0 84.0 71.0 69.0 271.0 224.0 495.0
30620 郭悦宁 110.0 69.0 100.5 72.0 73.0 62.0 279.5 207.0 486.5
30621 郭滋涵 86.0 35.0 61.5 31.0 36.0 33.0 182.5 100.0 282.5
30622 洪斯沛 112.0 95.0 130.5 80.0 76.0 75.0 337.5 231.0 568.5
30623 黄蔓蔓 105.0 75.0 104.5 85.0 77.0 63.0 284.5 225.0 509.5
30624 黄树炫 114.0 89.0 123.5 90.0 91.0 77.0 326.5 258.0 584.5
30625 黄晚至 111.0 66.0 119.0 81.0 77.0 80.0 296.0 238.0 534.0
30626 黄粤奇 105.0 77.0 103.0 80.0 75.0 76.0 285.0 231.0 516.0
30627 李传璞 117.0 87.0 123.0 88.0 82.0 83.0 327.0 253.0 580.0
30628 李科谋 117.0 93.0 120.0 96.0 83.0 78.0 330.0 257.0 587.0
30629 李婉宜 109.0 91.0 111.5 92.0 95.0 78.0 311.5 265.0 576.5
30630 李心彤 101.0 59.0 97.0 58.0 68.0 67.0 257.0 193.0 450.0
30631 梁婧 113.0 89.0 105.5 71.0 80.0 79.0 307.5 230.0 537.5
30632 林琦 94.0 102.0 112.0 79.0 89.0 77.0 308.0 245.0 553.0
30633 林润峰 96.0 48.0 104.0 69.0 74.0 61.0 248.0 204.0 452.0
30634 林烁 116.0 91.0 110.0 86.0 80.0 74.0 317.0 240.0 557.0
30635 林钰祺 113.0 91.0 107.0 76.0 72.0 72.0 311.0 220.0 531.0
30636 林泽聪 108.0 80.0 111.0 94.0 84.0 78.0 299.0 256.0 555.0
30637 林泽娜 116.0 81.0 112.0 77.0 65.0 73.0 309.0 215.0 524.0
30638 刘学智 108.0 86.0 110.5 88.0 75.0 64.0 304.5 227.0 531.5
30639 马思奇 102.0 73.0 111.0 78.0 71.0 72.0 286.0 221.0 507.0
30640 佘卓键 108.0 99.0 89.0 88.0 85.0 73.0 296.0 246.0 542.0
30641 沈畅泳 114.0 80.0 122.0 94.0 96.0 77.0 316.0 267.0 583.0
30642 汤庆琳 109.0 43.0 127.0 55.0 67.0 59.0 279.0 181.0 460.0
30643 王嘉如 116.0 74.0 114.0 83.0 86.0 77.0 304.0 246.0 550.0
30644 王琳 121.0 69.0 113.0 71.0 94.0 71.0 303.0 236.0 539.0
30645 王梓渲 123.0 101.0 108.0 81.0 89.0 79.0 332.0 249.0 581.0
30646 吴文澜 103.0 53.0 101.5 71.0 66.0 64.0 257.5 201.0 458.5
30647 吴妍 115.0 106.0 117.0 93.0 92.0 69.0 338.0 254.0 592.0
30648 许夏帆 122.0 119.0 129.0 96.0 87.0 73.0 370.0 256.0 626.0
30650 杨金满 117.0 116.0 129.0 96.0 93.0 86.0 362.0 275.0 637.0
30651 杨壬 99.0 28.0 92.5 59.0 48.0 65.0 219.5 172.0 391.5
30652 杨依云 105.0 82.0 123.0 75.0 62.0 75.0 310.0 212.0 522.0
30653 蚁维聪 107.0 103.0 106.5 87.0 89.0 68.0 316.5 244.0 560.5
30654 余信荣 123.0 103.0 128.0 82.0 93.0 78.0 354.0 253.0 607.0
30655 喻子韬 98.0 78.0 115.0 82.0 83.0 75.0 291.0 240.0 531.0
30656 詹育东 112.0 96.0 82.0 93.0 85.0 71.0 290.0 249.0 539.0
30657 张棣炫 113.0 65.0 111.0 76.0 87.0 81.0 289.0 244.0 533.0
30658 张欣悦 117.0 82.0 117.5 85.0 89.0 79.0 316.5 253.0 569.5
30659 郑东能 118.0 122.0 96.0 90.0 91.0 85.0 336.0 266.0 602.0
30660 郑凯元 94.0 98.0 119.5 92.0 72.0 70.0 311.5 234.0 545.5
30661 郑泽楠 110.0 87.0 113.5 83.0 85.0 75.0 310.5 243.0 553.5
30662 钟贝琪 105.0 101.0 111.5 63.0 75.0 69.0 317.5 207.0 524.5
30663 周盈贝 109.0 70.0 108.0 86.0 83.0 73.0 287.0 242.0 529.0
30701 蔡博涵 98.0 77.0 94.0 92.0 83.0 63.0 269.0 238.0 507.0
30702 蔡琪 95.0 71.0 86.0 79.0 69.0 62.0 252.0 210.0 462.0
30703 蔡淑熙 110.0 82.0 112.0 85.0 88.0 82.0 304.0 255.0 559.0
30704 蔡晓仪 111.0 85.0 117.0 84.0 87.0 71.0 313.0 242.0 555.0
30705 蔡泽莹 95.0 92.0 115.0 81.0 80.0 69.0 302.0 230.0 532.0
30706 蔡之雅 107.0 79.0 114.5 73.0 70.0 74.0 300.5 217.0 517.5
30707 蔡至钿 106.0 93.0 112.0 68.0 67.0 74.0 311.0 209.0 520.0
30708 陈畅 106.0 69.0 102.5 89.0 82.0 72.0 277.5 243.0 520.5
30709 陈铎仑 123.0 98.0 119.0 85.0 89.0 76.0 340.0 250.0 590.0
30710 陈俊成 118.0 123.0 120.0 92.0 94.0 77.0 361.0 263.0 624.0
30711 陈思冰 107.0 71.0 98.5 66.0 79.0 60.0 276.5 205.0 481.5
30712 陈思桦 93.0 79.0 90.0 75.0 62.0 65.0 262.0 202.0 464.0
30713 陈武杰 104.0 77.0 100.0 84.0 78.0 74.0 281.0 236.0 517.0
30714 陈晓雯 109.0 115.0 126.0 92.0 97.0 82.0 350.0 271.0 621.0
30715 陈奕纯 111.0 101.0 115.0 82.0 91.0 73.0 327.0 246.0 573.0
30716 陈钟之 104.0 94.0 108.0 81.0 89.0 65.0 306.0 235.0 541.0
30717 陈梓博 118.0 89.0 106.5 81.0 78.0 73.0 313.5 232.0 545.5
30719 丁烜 102.0 75.0 89.5 72.0 83.0 68.0 266.5 223.0 489.5
30720 杜昕 111.0 91.0 121.0 94.0 84.0 82.0 323.0 260.0 583.0
30721 杜展 111.0 89.0 108.0 93.0 88.0 86.0 308.0 267.0 575.0
30722 郭枫阳 119.0 109.0 133.0 96.0 86.0 80.0 361.0 262.0 623.0
30723 洪欣苑 99.0 83.0 108.0 84.0 81.0 62.0 290.0 227.0 517.0
30724 洪梓昂 115.0 81.0 120.0 84.0 82.0 76.0 316.0 242.0 558.0
30725 黄心婷 105.0 113.0 117.5 95.0 81.0 69.0 335.5 245.0 580.5
30726 黄芷琳 120.0 81.0 130.5 71.0 74.0 73.0 331.5 218.0 549.5
30727 李博恩 104.0 63.0 120.0 89.0 87.0 79.0 287.0 255.0 542.0
30728 李恺寰 111.0 65.0 106.5 93.0 89.0 88.0 282.5 270.0 552.5
30729 李沛熙 104.0 115.0 107.0 92.0 96.0 77.0 326.0 265.0 591.0
30731 林宏杰 102.0 77.0 95.0 88.0 73.0 70.0 274.0 231.0 505.0
30732 林熙 114.0 59.0 114.0 60.0 67.0 70.0 287.0 197.0 484.0
30733 林映含 112.0 98.0 124.5 94.0 72.0 68.0 334.5 234.0 568.5
30734 林芸 115.0 91.0 111.5 94.0 92.0 80.0 317.5 266.0 583.5
30735 刘乐欣 120.0 79.0 113.0 86.0 92.0 75.0 312.0 253.0 565.0
30736 刘依雯 104.0 56.0 110.5 66.0 43.0 70.0 270.5 179.0 449.5
30737 刘雨奇 118.0 111.0 111.5 90.0 89.0 82.0 340.5 261.0 601.5
30738 刘子烁 119.0 65.0 104.0 90.0 76.0 73.0 288.0 239.0 527.0
30739 陆伟坤 109.0 82.0 95.0 92.0 86.0 68.0 286.0 246.0 532.0
30740 马学宽 104.0 66.0 103.5 89.0 85.0 76.0 273.5 250.0 523.5
30741 彭博澄 117.0 105.0 120.0 95.0 87.0 71.0 342.0 253.0 595.0
30742 邱可盈 92.0 108.0 108.0 95.0 66.0 63.0 308.0 224.0 532.0
30743 佘晓仪 103.0 60.0 94.0 46.0 51.0 59.0 257.0 156.0 413.0
30745 苏烁航 99.0 89.0 114.0 79.0 84.0 76.0 302.0 239.0 541.0
30746 苏斯楠 101.0 94.0 84.0 97.0 76.0 73.0 279.0 246.0 525.0
30747 孙润楷 107.0 88.0 107.0 94.0 92.0 78.0 302.0 264.0 566.0
30748 吴佳生 115.0 96.0 124.5 86.0 88.0 80.0 335.5 254.0 589.5
30749 吴昕 111.0 81.0 103.5 67.0 60.0 61.0 295.5 188.0 483.5
30750 谢伟坤 114.0 85.0 100.5 86.0 72.0 83.0 299.5 241.0 540.5
30751 谢宗泰 104.0 80.0 94.5 87.0 88.0 73.0 278.5 248.0 526.5
30752 徐子媛 120.0 78.0 122.0 67.0 77.0 73.0 320.0 217.0 537.0
30753 许楷扬 100.0 79.0 114.5 71.0 89.0 76.0 293.5 236.0 529.5
30754 许艺瀛 104.0 79.0 124.5 92.0 84.0 75.0 307.5 251.0 558.5
30755 杨深林 103.0 94.0 116.0 84.0 95.0 76.0 313.0 255.0 568.0
30756 杨烨爽 105.0 98.0 0 76.0 88.0 76.0 0 240.0 0
30757 叶乐萱 122.0 84.0 133.0 100.0 93.0 86.0 339.0 279.0 618.0
30758 张睿 104.0 77.0 109.0 80.0 80.0 75.0 290.0 235.0 525.0
30759 张少伟 99.0 93.0 94.0 75.0 83.0 66.0 286.0 224.0 510.0
30760 张煜坚 100.0 80.0 115.5 77.0 49.0 73.0 295.5 199.0 494.5
30761 郑逸晖 102.0 102.0 122.0 100.0 87.0 80.0 326.0 267.0 593.0
30762 钟耿钦 103.0 98.0 98.5 77.0 80.0 72.0 299.5 229.0 528.5
30801 蔡筱蕊 112.0 94.0 112.5 71.0 75.0 71.0 318.5 217.0 535.5
30802 蔡奕桐 103.0 88.0 104.0 78.0 75.0 69.0 295.0 222.0 517.0
30803 蔡泽泓 103.0 92.0 115.0 96.0 85.0 77.0 310.0 258.0 568.0
30804 陈达可 107.0 107.0 121.0 100.0 91.0 64.0 335.0 255.0 590.0
30805 陈丹仪 115.0 108.0 117.5 89.0 90.0 85.0 340.5 264.0 604.5
30806 陈锴榆 103.0 92.0 104.5 78.0 78.0 68.0 299.5 224.0 523.5
30807 陈润慷 100.0 103.0 91.0 100.0 82.0 77.0 294.0 259.0 553.0
30808 陈淑芳 104.0 102.0 103.5 73.0 61.0 64.0 309.5 198.0 507.5
30809 陈彦宇 107.0 85.0 105.0 82.0 76.0 66.0 297.0 224.0 521.0
30810 陈钰琦 103.0 72.0 110.5 56.0 52.0 73.0 285.5 181.0 466.5
30811 陈志航 107.0 75.0 81.0 72.0 55.0 67.0 263.0 194.0 457.0
30813 董煜然 107.0 104.0 91.0 71.0 85.0 66.0 302.0 222.0 524.0
30814 杜庚育 111.0 108.0 113.0 91.0 97.0 85.0 332.0 273.0 605.0
30815 方淑钰 0 0 0 63.0 51.0 69.0 0 183.0 0
30816 方殷锴 112.0 99.0 129.0 96.0 83.0 73.0 340.0 252.0 592.0
30817 葛颖 102.0 87.0 101.5 85.0 85.0 68.0 290.5 238.0 528.5
30818 郭粉红 110.0 87.0 101.0 87.0 68.0 64.0 298.0 219.0 517.0
30819 郭景瀚 116.0 78.0 102.5 96.0 74.0 69.0 296.5 239.0 535.5
30820 洪立强 114.0 96.0 113.0 77.0 71.0 71.0 323.0 219.0 542.0
30821 洪少锐 104.0 100.0 103.0 98.0 94.0 80.0 307.0 272.0 579.0
30822 黄端 102.0 124.0 113.5 86.0 93.0 74.0 339.5 253.0 592.5
30823 黄丰 113.0 91.0 111.0 82.0 89.0 78.0 315.0 249.0 564.0
30824 黄俊斐 81.0 114.0 108.0 88.0 90.0 79.0 303.0 257.0 560.0
30825 黄可欣 103.0 107.0 138.0 94.0 92.0 71.0 348.0 257.0 605.0
30826 金泽薰 121.0 97.0 110.0 95.0 91.0 81.0 328.0 267.0 595.0
30827 蓝旸 110.0 70.0 115.0 79.0 68.0 73.0 295.0 220.0 515.0
30828 林炳丽 112.0 103.0 133.0 93.0 94.0 72.0 348.0 259.0 607.0
30829 林栾荀 107.0 89.0 104.5 89.0 90.0 74.0 300.5 253.0 553.5
30830 林若彤 113.0 80.0 127.0 94.0 87.0 70.0 320.0 251.0 571.0
30831 林晓纯 119.0 94.0 130.5 96.0 91.0 79.0 343.5 266.0 609.5
30832 林钇 109.0 92.0 108.5 98.0 83.0 71.0 309.5 252.0 561.5
30833 林毓莹 118.0 67.0 123.5 80.0 82.0 72.0 308.5 234.0 542.5
30834 林泽凯 98.0 98.0 84.5 86.0 80.0 60.0 280.5 226.0 506.5
30835 刘尔嘉 115.0 108.0 126.5 89.0 88.0 60.0 349.5 237.0 586.5
30836 马旭宁 114.0 100.0 85.5 81.0 88.0 76.0 299.5 245.0 544.5
30837 彭诗妍 116.0 61.0 109.0 66.0 90.0 73.0 286.0 229.0 515.0
30838 宋洁榕 119.0 62.0 115.0 62.0 67.0 69.0 296.0 198.0 494.0
30839 王绿蔚 101.0 84.0 119.5 76.0 91.0 82.0 304.5 249.0 553.5
30840 王维佳 99.0 66.0 80.5 55.0 66.0 68.0 245.5 189.0 434.5
30842 王志扬 103.0 100.0 109.5 96.0 96.0 72.0 312.5 264.0 576.5
30843 温一海 102.0 84.0 122.0 68.0 76.0 71.0 308.0 215.0 523.0
30844 吴丹妮 102.0 72.0 101.5 73.0 67.0 62.0 275.5 202.0 477.5
30845 吴赋 110.0 100.0 112.0 95.0 94.0 75.0 322.0 264.0 586.0
30846 吴润铭 103.0 97.0 0 83.0 80.0 69.0 0 232.0 0
30847 吴夏韵 112.0 112.0 94.0 86.0 76.0 64.0 318.0 226.0 544.0
30848 辛铄浩 110.0 110.0 108.0 88.0 84.0 68.0 328.0 240.0 568.0
30849 杨婷婷 114.0 83.0 117.5 68.0 71.0 67.0 314.5 206.0 520.5
30850 曾宇丹 119.0 127.0 124.5 99.0 83.0 77.0 370.5 259.0 629.5
30851 曾宇煌 95.0 79.0 110.5 93.0 69.0 58.0 284.5 220.0 504.5
30852 张晓斐 103.0 80.0 121.0 81.0 85.0 71.0 304.0 237.0 541.0
30853 张梓涵 116.0 79.0 123.5 88.0 82.0 74.0 318.5 244.0 562.5
30854 郑聪 98.0 79.0 124.5 85.0 77.0 70.0 301.5 232.0 533.5
30855 郑岱锋 107.0 83.0 92.0 74.0 47.0 60.0 282.0 181.0 463.0
30856 郑楷融 122.0 76.0 112.0 90.0 71.0 70.0 310.0 231.0 541.0
30857 郑欣琳 110.0 60.0 110.0 87.0 68.0 79.0 280.0 234.0 514.0
30858 郑宇平 112.0 103.0 104.0 79.0 88.0 65.0 319.0 232.0 551.0
30859 周弋钿 118.0 108.0 131.5 92.0 93.0 76.0 357.5 261.0 618.5
30860 朱宇寅 120.0 43.0 99.0 32.0 25.0 56.0 262.0 113.0 375.0
30861 庄先正 100.0 49.0 0 52.0 79.0 73.0 0 204.0 0
30862 邹彤彤 115.0 80.0 109.5 66.0 75.0 75.0 304.5 216.0 520.5
30901 蔡仰涵 107.0 85.0 118.0 89.0 91.0 75.0 310.0 255.0 565.0
30902 陈玳翊 98.0 65.0 87.5 87.0 83.0 69.0 250.5 239.0 489.5
30903 陈方梓淳 110.0 76.0 115.0 81.0 75.0 75.0 301.0 231.0 532.0
30904 陈俊锴 125.0 96.0 116.5 91.0 81.0 72.0 337.5 244.0 581.5
30905 陈铿 101.0 81.0 103.5 79.0 71.0 72.0 285.5 222.0 507.5
30906 陈琳 110.0 114.0 115.5 82.0 79.0 73.0 339.5 234.0 573.5
30907 陈淼泓 110.0 67.0 103.0 80.0 84.0 66.0 280.0 230.0 510.0
30908 陈诺 115.0 100.0 120.5 81.0 83.0 69.0 335.5 233.0 568.5
30909 陈申 118.0 91.0 120.0 79.0 95.0 70.0 329.0 244.0 573.0
30910 陈曦芃 94.0 57.0 100.5 76.0 75.0 76.0 251.5 227.0 478.5
30911 陈逸挺 96.0 49.0 87.5 81.0 50.0 56.0 232.5 187.0 419.5
30913 陈裕 108.0 71.0 106.0 51.0 81.0 64.0 285.0 196.0 481.0
30914 陈钊燚 115.0 101.0 108.5 96.0 87.0 80.0 324.5 263.0 587.5
30915 丁琪瑄 103.0 97.0 107.0 70.0 74.0 70.0 307.0 214.0 521.0
30916 丁泽晟 117.0 131.0 105.0 96.0 87.0 74.0 353.0 257.0 610.0
30917 董信步 108.0 78.0 98.0 83.0 86.0 68.0 284.0 237.0 521.0
30918 郭婉祺 101.0 96.0 130.0 90.0 85.0 73.0 327.0 248.0 575.0
30919 郭潇凯 113.0 101.0 122.0 95.0 90.0 71.0 336.0 256.0 592.0
30920 洪愿足 99.0 119.0 99.5 96.0 86.0 73.0 317.5 255.0 572.5
30921 黄川 115.0 114.0 113.5 97.0 80.0 78.0 342.5 255.0 597.5
30923 黄晓彤 113.0 40.0 107.0 50.0 55.0 67.0 260.0 172.0 432.0
30924 黄泽钦 93.0 107.0 111.5 90.0 89.0 70.0 311.5 249.0 560.5
30925 黄梓媛 116.0 90.0 117.5 88.0 86.0 75.0 323.5 249.0 572.5
30926 蓝菁 0 93.0 113.0 71.0 73.0 66.0 0 210.0 0
30927 李金洺 108.0 66.0 81.5 30.0 66.0 53.0 255.5 149.0 404.5
30928 李乐浩 116.0 58.0 105.0 85.0 73.0 68.0 279.0 226.0 505.0
30929 李泽銮 113.0 84.0 122.5 94.0 69.0 72.0 319.5 235.0 554.5
30930 林翰 109.0 91.0 98.0 63.0 67.0 64.0 298.0 194.0 492.0
30931 林洁娜 106.0 82.0 110.5 65.0 74.0 72.0 298.5 211.0 509.5
30932 林锦燕 112.0 105.0 113.0 96.0 78.0 74.0 330.0 248.0 578.0
30933 林仕居 112.0 78.0 117.0 92.0 73.0 72.0 307.0 237.0 544.0
30934 林铄浩 117.0 76.0 112.5 89.0 90.0 78.0 305.5 257.0 562.5
30935 林晓琪 108.0 80.0 121.5 77.0 82.0 75.0 309.5 234.0 543.5
30936 林依洁 109.0 81.0 115.0 71.0 78.0 73.0 305.0 222.0 527.0
30937 刘泳钊 109.0 0 108.5 84.0 72.0 63.0 0 219.0 0
30938 罗泽鑫 116.0 97.0 97.5 96.0 84.0 71.0 310.5 251.0 561.5
30939 欧阳苇航 105.0 121.0 106.0 99.0 90.0 75.0 332.0 264.0 596.0
30940 潘沛 117.0 89.0 107.0 84.0 80.0 73.0 313.0 237.0 550.0
30941 邱子涵 111.0 88.0 122.5 91.0 87.0 74.0 321.5 252.0 573.5
30942 芮滢 112.0 105.0 118.5 96.0 87.0 77.0 335.5 260.0 595.5
30943 沈子钦 106.0 80.0 117.5 86.0 69.0 75.0 303.5 230.0 533.5
30944 王逸楠 111.0 74.0 105.0 84.0 81.0 73.0 290.0 238.0 528.0
30945 王梓宜 99.0 86.0 95.0 91.0 90.0 70.0 280.0 251.0 531.0
30946 吴佳锡 109.0 104.0 101.5 93.0 90.0 84.0 314.5 267.0 581.5
30947 吴奕艾 93.0 74.0 99.0 91.0 49.0 71.0 266.0 211.0 477.0
30948 吴逸慈 123.0 130.0 138.0 86.0 100.0 93.0 391.0 279.0 670.0
30949 徐仰男 106.0 81.0 114.0 97.0 86.0 71.0 301.0 254.0 555.0
30950 杨亦茜 118.0 88.0 123.5 81.0 87.0 82.0 329.5 250.0 579.5
30951 姚炜琳 108.0 68.0 91.0 67.0 64.0 63.0 267.0 194.0 461.0
30952 余烁 101.0 89.0 113.0 93.0 83.0 77.0 303.0 253.0 556.0
30953 袁一欣 111.0 93.0 122.5 83.0 81.0 66.0 326.5 230.0 556.5
30954 曾慧宾 112.0 83.0 103.0 94.0 87.0 74.0 298.0 255.0 553.0
30955 张涵 120.0 122.0 120.5 93.0 91.0 86.0 362.5 270.0 632.5
30956 张禾 105.0 85.0 116.0 86.0 79.0 78.0 306.0 243.0 549.0
30957 郑瑞锐 106.0 132.0 123.5 100.0 89.0 78.0 361.5 267.0 628.5
30958 郑闻铎 79.0 87.0 100.5 100.0 81.0 75.0 266.5 256.0 522.5
30959 郑勋 98.0 70.0 110.0 72.0 73.0 71.0 278.0 216.0 494.0
30960 郑哲 96.0 52.0 106.0 34.0 71.0 61.0 254.0 166.0 420.0
30961 朱海平 98.0 31.0 94.5 39.0 73.0 56.0 223.5 168.0 391.5
30962 庄瑞临 115.0 83.0 110.5 91.0 70.0 68.0 308.5 229.0 537.5
31001 蔡凡 100.0 89.0 123.5 93.0 78.0 69.0 312.5 240.0 552.5
31002 蔡若珂 102.0 86.0 113.0 85.0 79.0 79.0 301.0 243.0 544.0
31004 蔡周峰 109.0 76.0 101.0 90.0 81.0 77.0 286.0 248.0 534.0
31005 陈蓓蓓 102.0 92.0 96.5 66.0 80.0 72.0 290.5 218.0 508.5
31006 陈钧哲 109.0 119.0 91.5 97.0 82.0 74.0 319.5 253.0 572.5
31007 陈树煜 111.0 92.0 88.0 96.0 80.0 77.0 291.0 253.0 544.0
31008 陈泰霖 113.0 88.0 110.0 82.0 81.0 69.0 311.0 232.0 543.0
31009 陈童菲 109.0 110.0 116.0 89.0 91.0 82.0 335.0 262.0 597.0
31010 陈泽锋 95.0 115.0 104.5 59.0 76.0 65.0 314.5 200.0 514.5
31011 陈泽锐 98.0 94.0 81.5 83.0 85.0 62.0 273.5 230.0 503.5
31012 池逸和 108.0 58.0 133.0 90.0 90.0 73.0 299.0 253.0 552.0
31013 杜鑫 113.0 89.0 123.5 95.0 86.0 76.0 325.5 257.0 582.5
31014 范冬倪 102.0 91.0 110.0 76.0 88.0 64.0 303.0 228.0 531.0
31015 房瑜仪 97.0 107.0 104.5 94.0 83.0 70.0 308.5 247.0 555.5
31016 高帅博 101.0 96.0 121.0 89.0 86.0 65.0 318.0 240.0 558.0
31017 黄钿津 111.0 90.0 88.0 37.0 69.0 44.0 289.0 150.0 439.0
31018 黄兰馨 99.0 85.0 118.5 90.0 67.0 68.0 302.5 225.0 527.5
31019 黄立涵 106.0 111.0 95.5 99.0 80.0 73.0 312.5 252.0 564.5
31020 黄泽瀚 102.0 74.0 122.0 92.0 87.0 69.0 298.0 248.0 546.0
31021 纪南帆 107.0 84.0 73.5 68.0 74.0 64.0 264.5 206.0 470.5
31022 纪欣格 115.0 97.0 113.0 92.0 87.0 71.0 325.0 250.0 575.0
31023 金敏桦 110.0 116.0 117.5 94.0 87.0 77.0 343.5 258.0 601.5
31024 李嘉桦 114.0 81.0 111.0 94.0 77.0 56.0 306.0 227.0 533.0
31025 李芷佳 106.0 91.0 121.5 72.0 61.0 66.0 318.5 199.0 517.5
31026 林翠环 111.0 101.0 124.5 94.0 80.0 74.0 336.5 248.0 584.5
31027 林丹娜 108.0 85.0 109.5 86.0 90.0 75.0 302.5 251.0 553.5
31028 林婷婷 105.0 105.0 108.0 86.0 82.0 72.0 318.0 240.0 558.0
31029 林钰 119.0 69.0 132.0 80.0 70.0 65.0 320.0 215.0 535.0
31030 林展锋 114.0 66.0 119.0 85.0 83.0 72.0 299.0 240.0 539.0
31031 林子潼 108.0 106.0 119.5 91.0 83.0 78.0 333.5 252.0 585.5
31032 刘派佳 115.0 59.0 90.0 78.0 77.0 59.0 264.0 214.0 478.0
31033 陆天宇 102.0 92.0 110.0 81.0 69.0 80.0 304.0 230.0 534.0
31034 马殊 119.0 95.0 120.0 75.0 73.0 70.0 334.0 218.0 552.0
31035 邱驰 97.0 110.0 129.5 85.0 78.0 57.0 336.5 220.0 556.5
31036 邱煜群 101.0 105.0 108.0 90.0 80.0 67.0 314.0 237.0 551.0
31037 王昊东 106.0 125.0 92.0 85.0 89.0 75.0 323.0 249.0 572.0
31038 王新荣 120.0 127.0 122.0 91.0 97.0 80.0 369.0 268.0 637.0
31039 王岳 112.0 71.0 98.5 59.0 64.0 70.0 281.5 193.0 474.5
31040 王芸 103.0 63.0 0 75.0 61.0 65.0 0 201.0 0
31041 翁培锴 119.0 90.0 125.5 84.0 70.0 72.0 334.5 226.0 560.5
31042 吴铭洵 110.0 77.0 93.5 62.0 77.0 69.0 280.5 208.0 488.5
31043 吴楠 105.0 95.0 116.0 89.0 90.0 72.0 316.0 251.0 567.0
31044 吴新仪 113.0 97.0 119.0 79.0 85.0 69.0 329.0 233.0 562.0
31045 夏立嘉 112.0 99.0 130.0 95.0 88.0 75.0 341.0 258.0 599.0
31046 辛焜媛 109.0 120.0 119.0 94.0 84.0 74.0 348.0 252.0 600.0
31047 辛源锋 113.0 78.0 109.5 53.0 71.0 62.0 300.5 186.0 486.5
31048 许思琪 93.0 76.0 103.0 80.0 77.0 70.0 272.0 227.0 499.0
31049 羊雪琪 117.0 118.0 124.5 94.0 90.0 79.0 359.5 263.0 622.5
31050 杨基石 103.0 81.0 111.5 85.0 77.0 60.0 295.5 222.0 517.5
31051 杨璐羽 110.0 96.0 108.5 74.0 77.0 56.0 314.5 207.0 521.5
31052 曾炀铃 109.0 85.0 100.0 82.0 82.0 65.0 294.0 229.0 523.0
31053 曾钰辉 109.0 87.0 88.0 85.0 83.0 69.0 284.0 237.0 521.0
31054 张森烔 100.0 74.0 106.0 83.0 66.0 64.0 280.0 213.0 493.0
31055 赵博瑄 101.0 39.0 92.5 58.0 65.0 54.0 232.5 177.0 409.5
31056 郑乐镔 96.0 71.0 100.5 67.0 75.0 58.0 267.5 200.0 467.5
31057 郑若晗 108.0 71.0 118.5 65.0 86.0 72.0 297.5 223.0 520.5
31058 郑少铭 110.0 93.0 0 73.0 69.0 67.0 0 209.0 0
31059 郑伟纯 116.0 123.0 126.5 100.0 89.0 73.0 365.5 262.0 627.5
31060 周宇程 100.0 111.0 112.0 81.0 75.0 75.0 323.0 231.0 554.0
31061 周之祺 120.0 126.0 103.0 84.0 81.0 66.0 349.0 231.0 580.0
31062 庄杰涛 116.0 98.0 129.5 83.0 89.0 80.0 343.5 252.0 595.5
31101 蔡滨 118.0 83.0 125.5 84.0 89.0 87.0 326.5 260.0 586.5
31102 曹耿槟 107.0 88.0 101.0 87.0 69.0 59.0 296.0 215.0 511.0
31103 陈浩钦 115.0 85.0 119.5 75.0 87.0 74.0 319.5 236.0 555.5
31104 陈洪昱 103.0 105.0 91.5 77.0 84.0 70.0 299.5 231.0 530.5
31105 陈令烨 113.0 75.0 125.0 81.0 73.0 73.0 313.0 227.0 540.0
31106 陈斯昂 121.0 123.0 135.5 100.0 93.0 89.0 379.5 282.0 661.5
31107 陈逸南 116.0 108.0 113.5 94.0 84.0 76.0 337.5 254.0 591.5
31108 陈逸天 101.0 95.0 105.5 88.0 75.0 79.0 301.5 242.0 543.5
31109 陈詠萩 114.0 103.0 130.5 89.0 91.0 77.0 347.5 257.0 604.5
31110 代桂敏 105.0 56.0 106.5 80.0 72.0 69.0 267.5 221.0 488.5
31111 方江鑫 116.0 114.0 107.5 93.0 86.0 80.0 337.5 259.0 596.5
31112 方武智 103.0 68.0 100.0 78.0 58.0 72.0 271.0 208.0 479.0
31113 高亦婷 108.0 73.0 124.0 66.0 70.0 71.0 305.0 207.0 512.0
31114 郭林凯 107.0 79.0 104.5 76.0 78.0 59.0 290.5 213.0 503.5
31115 黄航 112.0 119.0 117.5 91.0 94.0 82.0 348.5 267.0 615.5
31116 黄腾 115.0 78.0 107.0 83.0 70.0 72.0 300.0 225.0 525.0
31117 黄钰涵 109.0 56.0 102.0 64.0 56.0 74.0 267.0 194.0 461.0
31118 黄仲铖 95.0 81.0 86.5 71.0 80.0 67.0 262.5 218.0 480.5
31119 蓝欣悦 110.0 62.0 103.5 52.0 72.0 60.0 275.5 184.0 459.5
31120 李琳纯 108.0 72.0 113.0 60.0 72.0 64.0 293.0 196.0 489.0
31121 李世濠 113.0 79.0 108.5 88.0 87.0 73.0 300.5 248.0 548.5
31122 李晓琳 115.0 63.0 115.0 50.0 73.0 74.0 293.0 197.0 490.0
31123 李旭纯 103.0 95.0 127.0 92.0 79.0 81.0 325.0 252.0 577.0
31124 林德明 102.0 56.0 92.0 96.0 90.0 83.0 250.0 269.0 519.0
31125 林介山 114.0 111.0 96.0 91.0 84.0 80.0 321.0 255.0 576.0
31126 林琳 100.0 63.0 103.5 71.0 68.0 65.0 266.5 204.0 470.5
31127 林南裕 106.0 83.0 116.0 83.0 84.0 70.0 305.0 237.0 542.0
31128 林烁 105.0 82.0 96.0 81.0 81.0 72.0 283.0 234.0 517.0
31129 林媛 111.0 80.0 93.5 68.0 76.0 75.0 284.5 219.0 503.5
31130 林泽豪 114.0 97.0 122.5 83.0 81.0 76.0 333.5 240.0 573.5
31131 林曾越 110.0 79.0 114.0 77.0 82.0 78.0 303.0 237.0 540.0
31132 卢楠 109.0 72.0 109.0 58.0 74.0 65.0 290.0 197.0 487.0
31133 罗世跃 99.0 81.0 100.0 67.0 61.0 63.0 280.0 191.0 471.0
31134 佘晓洁 101.0 61.0 110.0 46.0 67.0 72.0 272.0 185.0 457.0
31135 宋畅 109.0 67.0 105.5 88.0 82.0 77.0 281.5 247.0 528.5
31136 苏梓禄 97.0 60.0 69.5 54.0 30.0 62.0 226.5 146.0 372.5
31137 孙可欣 113.0 110.0 122.5 92.0 85.0 77.0 345.5 254.0 599.5
31138 王冬梅 112.0 87.0 101.0 94.0 82.0 80.0 300.0 256.0 556.0
31139 王睿琪 113.0 87.0 115.0 72.0 83.0 70.0 315.0 225.0 540.0
31140 王松波 117.0 91.0 0 93.0 86.0 74.0 0 253.0 0
31141 王宇涵 118.0 80.0 127.5 91.0 87.0 78.0 325.5 256.0 581.5
31142 翁锐鹏 104.0 50.0 81.0 80.0 78.0 54.0 235.0 212.0 447.0
31143 翁慎喆 114.0 71.0 112.0 82.0 82.0 61.0 297.0 225.0 522.0
31144 吴吉莉 108.0 57.0 110.5 86.0 72.0 70.0 275.5 228.0 503.5
31145 吴锦涛 107.0 66.0 83.5 66.0 57.0 56.0 256.5 179.0 435.5
31146 吴泽钟 118.0 80.0 105.5 90.0 80.0 72.0 303.5 242.0 545.5
31147 肖涵 89.0 75.0 102.0 80.0 73.0 63.0 266.0 216.0 482.0
31148 肖芷雅 106.0 79.0 114.5 93.0 84.0 70.0 299.5 247.0 546.5
31149 谢冬纯 120.0 117.0 116.5 95.0 91.0 80.0 353.5 266.0 619.5
31150 谢晴 120.0 60.0 127.0 82.0 86.0 69.0 307.0 237.0 544.0
31151 徐子东 101.0 107.0 119.5 93.0 86.0 79.0 327.5 258.0 585.5
31152 杨薇 103.0 91.0 123.5 92.0 91.0 79.0 317.5 262.0 579.5
31153 杨艺霞 121.0 111.0 117.0 87.0 80.0 76.0 349.0 243.0 592.0
31154 姚曙凯 115.0 88.0 102.0 61.0 64.0 70.0 305.0 195.0 500.0
31155 曾扬航 105.0 104.0 110.0 95.0 80.0 69.0 319.0 244.0 563.0
31156 张新阳 110.0 95.0 103.0 87.0 82.0 73.0 308.0 242.0 550.0
31157 郑长河 109.0 83.0 103.5 81.0 71.0 70.0 295.5 222.0 517.5
31158 郑力中 121.0 91.0 118.0 80.0 86.0 76.0 330.0 242.0 572.0
31159 郑润华 102.0 87.0 116.5 95.0 74.0 80.0 305.5 249.0 554.5
31160 郑逸锋 115.0 120.0 103.5 95.0 94.0 75.0 338.5 264.0 602.5
31161 周锦煜 112.0 47.0 102.0 66.0 64.0 74.0 261.0 204.0 465.0
31201 陈健颖 95.0 86.0 90.5 79.0 86.0 78.0 271.5 243.0 514.5
31202 陈楠弘 90.0 78.0 97.0 71.0 70.0 71.0 265.0 212.0 477.0
31203 陈祈丹 111.0 64.0 91.5 37.0 65.0 46.0 266.5 148.0 414.5
31204 陈舒颖 110.0 120.0 105.5 95.0 89.0 86.0 335.5 270.0 605.5
31205 陈晓婷 105.0 66.0 123.0 72.0 79.0 63.0 294.0 214.0 508.0
31206 陈雅昕 115.0 79.0 110.0 92.0 85.0 83.0 304.0 260.0 564.0
31207 陈逸泓 107.0 66.0 110.0 88.0 74.0 76.0 283.0 238.0 521.0
31208 陈裕渊 103.0 100.0 113.5 90.0 96.0 80.0 316.5 266.0 582.5
31209 程梓 103.0 52.0 108.0 79.0 65.0 56.0 263.0 200.0 463.0
31210 池霖锋 102.0 94.0 104.0 88.0 89.0 76.0 300.0 253.0 553.0
31211 高丹敏 112.0 91.0 119.0 77.0 93.0 70.0 322.0 240.0 562.0
31212 洪耿鑫 119.0 78.0 91.5 77.0 84.0 72.0 288.5 233.0 521.5
31213 洪泳琪 109.0 102.0 124.0 93.0 92.0 82.0 335.0 267.0 602.0
31214 黄骏涵 109.0 95.0 98.5 72.0 92.0 85.0 302.5 249.0 551.5
31215 黄丽楠 108.0 96.0 90.0 69.0 67.0 69.0 294.0 205.0 499.0
31216 黄绵煌 116.0 79.0 102.5 63.0 70.0 70.0 297.5 203.0 500.5
31217 黄曦宇 104.0 87.0 94.5 80.0 76.0 63.0 285.5 219.0 504.5
31218 李洁淳 102.0 98.0 97.5 59.0 73.0 64.0 297.5 196.0 493.5
31219 李晓波 103.0 87.0 83.5 76.0 72.0 67.0 273.5 215.0 488.5
31220 李育纯 113.0 80.0 109.5 89.0 87.0 75.0 302.5 251.0 553.5
31221 李云山 108.0 111.0 100.5 85.0 87.0 81.0 319.5 253.0 572.5
31222 林翰韬 108.0 74.0 122.0 85.0 84.0 78.0 304.0 247.0 551.0
31223 林靖 117.0 115.0 127.5 82.0 86.0 77.0 359.5 245.0 604.5
31224 林敏英 105.0 88.0 117.5 94.0 91.0 76.0 310.5 261.0 571.5
31225 林汪灏 105.0 44.0 101.5 67.0 43.0 74.0 250.5 184.0 434.5
31227 刘陈婷 119.0 107.0 117.5 100.0 84.0 86.0 343.5 270.0 613.5
31228 刘淇文 107.0 75.0 100.5 74.0 70.0 67.0 282.5 211.0 493.5
31229 刘逸璋 106.0 80.0 120.0 84.0 70.0 68.0 306.0 222.0 528.0
31230 罗立扬 112.0 94.0 110.5 98.0 95.0 77.0 316.5 270.0 586.5
31231 马尚霖 96.0 71.0 104.0 66.0 55.0 53.0 271.0 174.0 445.0
31232 沈楠 117.0 84.0 97.5 85.0 74.0 63.0 298.5 222.0 520.5
31233 孙奇 110.0 124.0 123.0 93.0 95.0 81.0 357.0 269.0 626.0
31234 孙泽鑫 106.0 0 0 0 0 63.0 0 0 0
31235 王锴 124.0 97.0 110.5 87.0 93.0 81.0 331.5 261.0 592.5
31236 王婉仪 106.0 43.0 112.5 47.0 66.0 70.0 261.5 183.0 444.5
31237 王炜 98.0 104.0 125.0 96.0 85.0 78.0 327.0 259.0 586.0
31238 王志鹏 112.0 87.0 123.0 93.0 82.0 72.0 322.0 247.0 569.0
31239 王梓菁 109.0 97.0 111.0 91.0 76.0 75.0 317.0 242.0 559.0
31240 翁子腾 98.0 93.0 112.0 70.0 80.0 75.0 303.0 225.0 528.0
31241 吴宏振 117.0 55.0 106.5 61.0 55.0 69.0 278.5 185.0 463.5
31242 吴捷健 127.0 125.0 133.5 96.0 97.0 85.0 385.5 278.0 663.5
31243 吴晓杰 108.0 75.0 113.5 100.0 90.0 79.0 296.5 269.0 565.5
31244 肖扬秀 111.0 106.0 118.5 77.0 74.0 77.0 335.5 228.0 563.5
31245 谢艾津 103.0 88.0 117.0 82.0 74.0 64.0 308.0 220.0 528.0
31246 谢泽杰 125.0 103.0 115.5 94.0 88.0 81.0 343.5 263.0 606.5
31247 许涵英 99.0 94.0 110.5 87.0 86.0 72.0 303.5 245.0 548.5
31248 许佳森 107.0 0 0 0 0 0 0 0 0
31249 许桐辉 110.0 70.0 96.5 88.0 83.0 76.0 276.5 247.0 523.5
31250 杨时骅 108.0 31.0 92.0 34.0 56.0 59.0 231.0 149.0 380.0
31251 杨时颖 109.0 75.0 105.5 86.0 91.0 76.0 289.5 253.0 542.5
31252 余洢彤 110.0 70.0 108.0 74.0 63.0 56.0 288.0 193.0 481.0
31253 曾婵娟 106.0 109.0 125.5 91.0 89.0 82.0 340.5 262.0 602.5
31254 张漫卿 107.0 44.0 79.5 55.0 44.0 65.0 230.5 164.0 394.5
31255 张睿莹 108.0 94.0 115.0 83.0 90.0 73.0 317.0 246.0 563.0
31256 张艺涵 105.0 77.0 115.5 87.0 87.0 78.0 297.5 252.0 549.5
31257 郑思思 108.0 68.0 83.0 71.0 68.0 68.0 259.0 207.0 466.0
31258 郑希彦 111.0 0 0 85.0 0 73.0 0 0 0
31259 郑以豪 109.0 89.0 85.0 96.0 85.0 79.0 283.0 260.0 543.0
31260 周名弦 109.0 134.0 125.5 97.0 87.0 81.0 368.5 265.0 633.5
31261 朱源腾 115.0 89.0 94.5 88.0 82.0 69.0 298.5 239.0 537.5
31262 朱越 119.0 116.0 113.5 96.0 93.0 80.0 348.5 269.0 617.5
31301 蔡祎晖 110.0 95.0 94.5 86.0 84.0 70.0 299.5 240.0 539.5
31302 蔡永杰 104.0 60.0 86.5 64.0 83.0 74.0 250.5 221.0 471.5
31303 蔡泽莎 104.0 93.0 114.5 74.0 89.0 75.0 311.5 238.0 549.5
31304 蔡芝恬 96.0 75.0 118.5 63.0 73.0 77.0 289.5 213.0 502.5
31305 陈璐 102.0 63.0 119.0 82.0 76.0 69.0 284.0 227.0 511.0
31306 陈冉 116.0 90.0 128.0 98.0 87.0 77.0 334.0 262.0 596.0
31307 陈文博 109.0 123.0 113.5 92.0 93.0 79.0 345.5 264.0 609.5
31308 陈宇铭 110.0 103.0 119.5 99.0 82.0 79.0 332.5 260.0 592.5
31309 陈岳彬 119.0 78.0 110.5 93.0 70.0 70.0 307.5 233.0 540.5
31310 郭剑豪 116.0 123.0 113.5 88.0 74.0 78.0 352.5 240.0 592.5
31311 黄凯丽 119.0 97.0 99.0 81.0 84.0 83.0 315.0 248.0 563.0
31312 黄宇阳 129.0 95.0 131.5 96.0 94.0 81.0 355.5 271.0 626.5
31313 黄桢栩 101.0 86.0 118.0 80.0 80.0 75.0 305.0 235.0 540.0
31314 黄柱铭 102.0 79.0 85.0 88.0 79.0 76.0 266.0 243.0 509.0
31315 赖浩锋 121.0 109.0 117.0 92.0 91.0 77.0 347.0 260.0 607.0
31316 李斯涵 118.0 81.0 111.5 86.0 71.0 67.0 310.5 224.0 534.5
31317 林耿烨 107.0 82.0 115.5 78.0 83.0 76.0 304.5 237.0 541.5
31318 林炜钿 110.0 87.0 93.5 47.0 68.0 63.0 290.5 178.0 468.5
31319 林业渺 102.0 72.0 95.0 85.0 83.0 73.0 269.0 241.0 510.0
31320 林子棉 116.0 109.0 108.0 95.0 87.0 75.0 333.0 257.0 590.0
31321 刘佳彤 110.0 94.0 105.0 80.0 74.0 78.0 309.0 232.0 541.0
31322 刘珊 110.0 102.0 130.0 72.0 86.0 81.0 342.0 239.0 581.0
31323 陆齐 111.0 95.0 122.5 79.0 79.0 75.0 328.5 233.0 561.5
31324 马丹泓 105.0 76.0 75.0 88.0 83.0 77.0 256.0 248.0 504.0
31325 马伟根 107.0 115.0 116.0 90.0 93.0 81.0 338.0 264.0 602.0
31326 欧斐斐 113.0 88.0 132.5 79.0 91.0 82.0 333.5 252.0 585.5
31327 宋伊钿 107.0 84.0 99.5 72.0 76.0 73.0 290.5 221.0 511.5
31328 苏昉 93.0 69.0 113.5 81.0 79.0 74.0 275.5 234.0 509.5
31329 孙佳笙 108.0 98.0 108.0 48.0 80.0 78.0 314.0 206.0 520.0
31330 孙隽源 122.0 107.0 127.0 95.0 85.0 80.0 356.0 260.0 616.0
31331 吴国炀 107.0 76.0 100.0 76.0 81.0 65.0 283.0 222.0 505.0
31332 吴铭泓 107.0 91.0 105.0 90.0 83.0 76.0 303.0 249.0 552.0
31333 吴任诚 102.0 46.0 84.5 64.0 70.0 64.0 232.5 198.0 430.5
31334 吴之林 111.0 77.0 114.5 71.0 82.0 84.0 302.5 237.0 539.5
31335 肖林昕 112.0 32.0 96.5 42.0 64.0 68.0 240.5 174.0 414.5
31336 谢键焕 112.0 107.0 0 86.0 96.0 78.0 0 260.0 0
31337 谢向川 102.0 17.0 62.0 36.0 29.0 47.0 181.0 112.0 293.0
31338 徐略 102.0 45.0 92.5 54.0 44.0 59.0 239.5 157.0 396.5
31339 徐紫丹 117.0 78.0 98.5 71.0 72.0 71.0 293.5 214.0 507.5
31340 许锦涛 121.0 82.0 102.5 90.0 93.0 75.0 305.5 258.0 563.5
31341 许稚芝 119.0 90.0 122.0 68.0 87.0 72.0 331.0 227.0 558.0
31342 许宗蕾 87.0 57.0 86.0 53.0 63.0 46.0 230.0 162.0 392.0
31343 颜舒洁 105.0 43.0 112.5 77.0 60.0 70.0 260.5 207.0 467.5
31344 羊恩跃 107.0 91.0 87.5 88.0 88.0 78.0 285.5 254.0 539.5
31345 杨璐洁 113.0 85.0 130.5 81.0 80.0 66.0 328.5 227.0 555.5
31346 杨宓 121.0 85.0 117.0 70.0 71.0 69.0 323.0 210.0 533.0
31347 杨晓虹 113.0 79.0 105.0 86.0 73.0 71.0 297.0 230.0 527.0
31348 姚佳宜 115.0 97.0 109.5 64.0 85.0 80.0 321.5 229.0 550.5
31349 姚星宇 105.0 91.0 100.5 82.0 63.0 71.0 296.5 216.0 512.5
31350 姚映苗 107.0 106.0 122.5 80.0 77.0 70.0 335.5 227.0 562.5
31351 余嘉梓 111.0 81.0 104.0 79.0 87.0 77.0 296.0 243.0 539.0
31352 曾博宇 122.0 115.0 131.0 91.0 94.0 91.0 368.0 276.0 644.0
31354 曾坚锐 116.0 123.0 113.0 80.0 84.0 74.0 352.0 238.0 590.0
31355 曾妍 100.0 96.0 93.0 74.0 69.0 80.0 289.0 223.0 512.0
31356 詹海鹏 117.0 131.0 111.0 91.0 84.0 74.0 359.0 249.0 608.0
31357 詹絮素 111.0 74.0 93.5 77.0 71.0 65.0 278.5 213.0 491.5
31358 张泽恩 111.0 71.0 88.0 45.0 71.0 70.0 270.0 186.0 456.0
31359 章智秋 104.0 103.0 95.0 96.0 96.0 78.0 302.0 270.0 572.0
31360 郑少锐 114.0 83.0 68.5 91.0 80.0 73.0 265.5 244.0 509.5
31361 郑泽明 118.0 113.0 118.5 94.0 90.0 74.0 349.5 258.0 607.5
31362 庄鸿鑫 114.0 121.0 121.0 91.0 86.0 77.0 356.0 254.0 610.0
31401 陈岱芃 113.0 69.0 142.5 100.0 86.0 77.0 324.5 263.0 587.5
31402 陈端华 117.0 95.0 108.0 79.0 78.0 67.0 320.0 224.0 544.0
31403 陈挥遒 105.0 56.0 98.5 66.0 67.0 61.0 259.5 194.0 453.5
31404 陈建诚 107.0 87.0 129.5 92.0 88.0 77.0 323.5 257.0 580.5
31405 陈沛峰 114.0 87.0 81.5 70.0 75.0 59.0 282.5 204.0 486.5
31406 陈芃 116.0 103.0 113.5 94.0 80.0 78.0 332.5 252.0 584.5
31407 陈铄霓 106.0 89.0 102.0 67.0 82.0 74.0 297.0 223.0 520.0
31408 陈奕希 106.0 87.0 116.5 82.0 70.0 73.0 309.5 225.0 534.5
31409 陈泽伟 107.0 98.0 104.5 81.0 95.0 79.0 309.5 255.0 564.5
31410 陈喆慧 108.0 113.0 108.5 90.0 74.0 77.0 329.5 241.0 570.5
31411 陈至渲 110.0 115.0 131.5 84.0 91.0 81.0 356.5 256.0 612.5
31412 陈佐治 117.0 113.0 139.0 100.0 92.0 74.0 369.0 266.0 635.0
31413 邓昱聪 115.0 63.0 110.0 85.0 82.0 78.0 288.0 245.0 533.0
31414 邓泽淳 111.0 82.0 95.5 70.0 79.0 78.0 288.5 227.0 515.5
31415 冯嘉俊 111.0 65.0 99.0 93.0 89.0 81.0 275.0 263.0 538.0
31416 龚泽颖 114.0 94.0 124.5 90.0 80.0 74.0 332.5 244.0 576.5
31417 郭冰桦 105.0 78.0 122.0 88.0 90.0 82.0 305.0 260.0 565.0
31418 黄恩童 109.0 80.0 116.5 88.0 91.0 79.0 305.5 258.0 563.5
31419 黄桂凤 112.0 96.0 96.5 68.0 64.0 66.0 304.5 198.0 502.5
31420 江锦虹 107.0 96.0 117.0 82.0 96.0 79.0 320.0 257.0 577.0
31421 李佳晟 112.0 92.0 133.0 88.0 85.0 71.0 337.0 244.0 581.0
31422 李楠 109.0 108.0 105.5 92.0 85.0 74.0 322.5 251.0 573.5
31423 李舒婷 112.0 75.0 116.0 83.0 79.0 70.0 303.0 232.0 535.0
31424 李易熹 126.0 104.0 122.5 98.0 83.0 70.0 352.5 251.0 603.5
31425 林泓 94.0 105.0 97.5 82.0 82.0 59.0 296.5 223.0 519.5
31426 林可依 112.0 107.0 105.5 72.0 73.0 70.0 324.5 215.0 539.5
31427 林珮汝 104.0 86.0 115.5 76.0 81.0 58.0 305.5 215.0 520.5
31428 林心玥 113.0 62.0 107.5 45.0 51.0 57.0 282.5 153.0 435.5
31429 刘硕霓 109.0 106.0 115.5 85.0 88.0 75.0 330.5 248.0 578.5
31430 刘易恺 124.0 119.0 113.0 100.0 96.0 70.0 356.0 266.0 622.0
31431 卢琳绵 109.0 108.0 111.5 78.0 81.0 79.0 328.5 238.0 566.5
31432 吕远东 102.0 79.0 106.5 95.0 84.0 77.0 287.5 256.0 543.5
31433 马旭民 105.0 104.0 98.0 90.0 88.0 78.0 307.0 256.0 563.0
31434 麦泽涵 124.0 92.0 114.5 93.0 83.0 77.0 330.5 253.0 583.5
31435 邱鸿鑫 116.0 104.0 102.5 91.0 80.0 77.0 322.5 248.0 570.5
31436 邱诗钿 92.0 77.0 90.5 59.0 48.0 63.0 259.5 170.0 429.5
31437 邱梓妍 110.0 81.0 120.5 84.0 85.0 74.0 311.5 243.0 554.5
31438 谭妍真 106.0 81.0 105.0 86.0 82.0 74.0 292.0 242.0 534.0
31439 王毓佳 108.0 81.0 90.5 70.0 87.0 73.0 279.5 230.0 509.5
31440 吴昊 102.0 44.0 114.5 36.0 61.0 74.0 260.5 171.0 431.5
31441 吴浩瀚 108.0 89.0 97.0 80.0 86.0 83.0 294.0 249.0 543.0
31442 吴彤君 97.0 93.0 117.0 83.0 80.0 64.0 307.0 227.0 534.0
31443 肖培亮 119.0 82.0 125.5 99.0 93.0 84.0 326.5 276.0 602.5
31444 谢碧瑶 111.0 92.0 113.0 91.0 85.0 77.0 316.0 253.0 569.0
31445 辛杨淳 74.0 91.0 123.0 83.0 88.0 76.0 288.0 247.0 535.0
31446 徐国玮 112.0 74.0 109.5 87.0 81.0 81.0 295.5 249.0 544.5
31447 徐铤 118.0 112.0 123.5 87.0 91.0 82.0 353.5 260.0 613.5
31448 许凯涵 108.0 93.0 124.0 92.0 70.0 65.0 325.0 227.0 552.0
31449 许正纲 109.0 78.0 62.0 81.0 83.0 65.0 249.0 229.0 478.0
31450 杨琳 97.0 89.0 105.0 57.0 61.0 71.0 291.0 189.0 480.0
31451 杨泽仪 96.0 99.0 117.0 84.0 81.0 71.0 312.0 236.0 548.0
31453 叶济东 110.0 62.0 111.5 68.0 76.0 70.0 283.5 214.0 497.5
31454 叶洋 104.0 79.0 101.0 86.0 78.0 75.0 284.0 239.0 523.0
31455 余旭玮 110.0 63.0 110.0 56.0 59.0 58.0 283.0 173.0 456.0
31456 曾思沛 110.0 76.0 92.5 80.0 78.0 71.0 278.5 229.0 507.5
31457 张睿博 109.0 73.0 101.0 66.0 82.0 71.0 283.0 219.0 502.0
31458 章炫锐 114.0 75.0 109.5 98.0 82.0 83.0 298.5 263.0 561.5
31459 章梓烨 100.0 82.0 106.0 78.0 58.0 71.0 288.0 207.0 495.0
31460 郑康 107.0 67.0 97.5 87.0 84.0 71.0 271.5 242.0 513.5
31461 郑宇婷 112.0 91.0 124.0 68.0 75.0 68.0 327.0 211.0 538.0
31462 庄泽达 100.0 39.0 81.5 32.0 32.0 36.0 220.5 100.0 320.5
31501 蔡嘉煜 113.0 92.0 102.0 79.0 85.0 71.0 307.0 235.0 542.0
31502 陈力 101.0 73.0 86.0 73.0 82.0 73.0 260.0 228.0 488.0
31503 陈梦琪 112.0 114.0 131.0 94.0 83.0 80.0 357.0 257.0 614.0
31504 陈培铭 110.0 90.0 92.5 95.0 88.0 77.0 292.5 260.0 552.5
31505 陈佩恋 99.0 88.0 100.5 81.0 85.0 77.0 287.5 243.0 530.5
31506 陈斯哲 95.0 102.0 91.5 99.0 97.0 74.0 288.5 270.0 558.5
31507 陈文浩 117.0 102.0 112.5 97.0 94.0 81.0 331.5 272.0 603.5
31508 陈漪皓 0 88.0 112.5 63.0 81.0 52.0 0 196.0 0
31509 陈溢煌 98.0 81.0 85.0 69.0 90.0 83.0 264.0 242.0 506.0
31510 陈梓轩 112.0 79.0 83.5 80.0 81.0 64.0 274.5 225.0 499.5
31511 程晓婷 112.0 111.0 126.0 100.0 93.0 78.0 349.0 271.0 620.0
31512 杜浜弘 98.0 64.0 91.5 57.0 61.0 66.0 253.5 184.0 437.5
31513 杜佳锴 109.0 119.0 98.0 59.0 87.0 70.0 326.0 216.0 542.0
31514 方宇驰 107.0 96.0 76.0 90.0 76.0 68.0 279.0 234.0 513.0
31515 高越 108.0 82.0 121.5 85.0 79.0 74.0 311.5 238.0 549.5
31516 洪戈 103.0 110.0 115.0 85.0 92.0 75.0 328.0 252.0 580.0
31517 黄向鸿 122.0 129.0 129.5 84.0 85.0 79.0 380.5 248.0 628.5
31518 黄泽山 98.0 0 72.5 53.0 0 64.0 0 0 0
31519 黄梓彤 124.0 102.0 115.5 79.0 67.0 84.0 341.5 230.0 571.5
31520 柯金宏 112.0 113.0 121.0 97.0 83.0 75.0 346.0 255.0 601.0
31521 赖炜豪 115.0 97.0 107.0 74.0 93.0 82.0 319.0 249.0 568.0
31522 李涵 119.0 96.0 116.5 68.0 78.0 71.0 331.5 217.0 548.5
31523 李沐峻 101.0 74.0 94.0 77.0 78.0 68.0 269.0 223.0 492.0
31524 李润熹 101.0 82.0 107.5 93.0 82.0 73.0 290.5 248.0 538.5
31525 李舒婷 104.0 105.0 122.0 81.0 80.0 75.0 331.0 236.0 567.0
31526 李梓煌 125.0 70.0 104.0 89.0 77.0 74.0 299.0 240.0 539.0
31527 林钗 100.0 85.0 95.5 85.0 95.0 69.0 280.5 249.0 529.5
31528 林若欣 119.0 94.0 131.0 86.0 86.0 75.0 344.0 247.0 591.0
31529 林爽 112.0 74.0 119.0 92.0 74.0 76.0 305.0 242.0 547.0
31530 刘粉婷 110.0 113.0 123.5 84.0 91.0 81.0 346.5 256.0 602.5
31531 刘烨桦 111.0 70.0 117.0 79.0 61.0 74.0 298.0 214.0 512.0
31532 彭瀚锟 115.0 83.0 115.0 81.0 83.0 74.0 313.0 238.0 551.0
31533 邱霜晓 109.0 77.0 104.5 58.0 77.0 61.0 290.5 196.0 486.5
31534 沈晓琦 117.0 101.0 109.0 96.0 92.0 74.0 327.0 262.0 589.0
31535 王曙丹 109.0 63.0 102.0 67.0 81.0 76.0 274.0 224.0 498.0
31536 王泽翔 108.0 96.0 99.5 96.0 79.0 67.0 303.5 242.0 545.5
31537 翁梓洪 103.0 72.0 95.5 45.0 58.0 69.0 270.5 172.0 442.5
31538 吴林瀚 113.0 102.0 103.0 87.0 82.0 79.0 318.0 248.0 566.0
31539 夏梓斌 104.0 33.0 90.5 32.0 54.0 57.0 227.5 143.0 370.5
31540 谢梦霞 104.0 73.0 112.5 67.0 67.0 75.0 289.5 209.0 498.5
31541 谢泳凯 116.0 113.0 119.5 100.0 97.0 90.0 348.5 287.0 635.5
31542 谢植煌 107.0 83.0 92.0 83.0 76.0 72.0 282.0 231.0 513.0
31543 徐国瑞 99.0 99.0 109.5 87.0 81.0 77.0 307.5 245.0 552.5
31544 许欢 102.0 70.0 108.5 87.0 71.0 76.0 280.5 234.0 514.5
31545 许越 104.0 77.0 108.5 100.0 88.0 77.0 289.5 265.0 554.5
31546 杨小嬉 121.0 118.0 123.0 81.0 82.0 76.0 362.0 239.0 601.0
31547 杨铮楷 102.0 99.0 111.5 94.0 82.0 78.0 312.5 254.0 566.5
31548 姚喆仪 110.0 92.0 108.5 57.0 77.0 69.0 310.5 203.0 513.5
31549 袁若瑶 109.0 101.0 109.5 89.0 69.0 63.0 319.5 221.0 540.5
31550 曾少擎 116.0 75.0 120.0 77.0 87.0 77.0 311.0 241.0 552.0
31551 曾欣哲 112.0 84.0 122.5 72.0 82.0 77.0 318.5 231.0 549.5
31552 张志鹏 103.0 110.0 101.0 88.0 91.0 82.0 314.0 261.0 575.0
31553 赵晓冰 106.0 54.0 100.5 67.0 77.0 66.0 260.5 210.0 470.5
31554 郑帆 107.0 90.0 118.0 83.0 86.0 77.0 315.0 246.0 561.0
31555 郑杰 109.0 115.0 109.5 91.0 93.0 85.0 333.5 269.0 602.5
31556 郑婕 104.0 109.0 103.5 87.0 80.0 70.0 316.5 237.0 553.5
31557 郑钧璟 111.0 92.0 124.5 95.0 77.0 72.0 327.5 244.0 571.5
31558 郑丽璇 103.0 69.0 128.0 63.0 78.0 76.0 300.0 217.0 517.0
31559 郑婷芝 96.0 73.0 89.5 93.0 89.0 76.0 258.5 258.0 516.5
31560 郑鑫海 113.0 90.0 118.0 86.0 83.0 72.0 321.0 241.0 562.0
31561 周健驰 102.0 68.0 108.0 80.0 79.0 67.0 278.0 226.0 504.0
31562 邹丹纯 104.0 83.0 124.0 75.0 83.0 75.0 311.0 233.0 544.0
31601 蔡慈瀚 109.0 114.0 125.0 97.0 94.0 71.0 348.0 262.0 610.0
31602 蔡君悦 104.0 65.0 112.5 77.0 75.0 80.0 281.5 232.0 513.5
31603 陈东晗 103.0 90.0 119.0 100.0 85.0 79.0 312.0 264.0 576.0
31604 陈佳伶 112.0 90.0 94.5 92.0 83.0 73.0 296.5 248.0 544.5
31605 陈佳盈 116.0 96.0 110.5 94.0 94.0 69.0 322.5 257.0 579.5
31606 陈力 110.0 82.0 119.5 82.0 86.0 69.0 311.5 237.0 548.5
31607 陈敏儿 107.0 101.0 104.0 81.0 92.0 78.0 312.0 251.0 563.0
31608 陈派捷 87.0 108.0 103.0 83.0 77.0 61.0 298.0 221.0 519.0
31609 陈日 105.0 54.0 101.5 82.0 76.0 68.0 260.5 226.0 486.5
31610 陈逸镕 101.0 83.0 104.5 93.0 88.0 79.0 288.5 260.0 548.5
31611 陈莹 106.0 103.0 104.0 88.0 83.0 61.0 313.0 232.0 545.0
31612 陈滢 114.0 73.0 121.0 87.0 94.0 84.0 308.0 265.0 573.0
31614 方浩锴 126.0 81.0 120.0 79.0 90.0 83.0 327.0 252.0 579.0
31615 黄谷 102.0 91.0 118.0 80.0 87.0 78.0 311.0 245.0 556.0
31616 黄浩扬 111.0 105.0 122.5 94.0 98.0 80.0 338.5 272.0 610.5
31617 黄锐敏 118.0 117.0 111.5 99.0 83.0 67.0 346.5 249.0 595.5
31618 黄少邑 101.0 85.0 102.5 83.0 87.0 67.0 288.5 237.0 525.5
31619 黄舒乐 114.0 71.0 105.0 64.0 70.0 57.0 290.0 191.0 481.0
31620 江佳仪 114.0 100.0 121.5 95.0 87.0 83.0 335.5 265.0 600.5
31621 李嘉鑫 110.0 80.0 90.0 73.0 88.0 82.0 280.0 243.0 523.0
31622 李琳丹 100.0 91.0 111.5 86.0 77.0 72.0 302.5 235.0 537.5
31623 李暄婷 109.0 109.0 114.5 92.0 71.0 74.0 332.5 237.0 569.5
31624 李奕 109.0 67.0 113.5 61.0 63.0 65.0 289.5 189.0 478.5
31625 廖骊涵 108.0 80.0 121.0 70.0 74.0 73.0 309.0 217.0 526.0
31626 廖澍镔 100.0 90.0 111.0 94.0 87.0 89.0 301.0 270.0 571.0
31627 林灿荣 104.0 101.0 126.0 75.0 80.0 69.0 331.0 224.0 555.0
31628 林冠之 115.0 63.0 108.5 84.0 92.0 74.0 286.5 250.0 536.5
31629 林楠 91.0 89.0 93.0 89.0 89.0 73.0 273.0 251.0 524.0
31630 林树红 116.0 88.0 121.5 79.0 84.0 75.0 325.5 238.0 563.5
31631 林仪 99.0 77.0 116.0 78.0 81.0 53.0 292.0 212.0 504.0
31632 林意 112.0 82.0 100.0 65.0 76.0 76.0 294.0 217.0 511.0
31633 刘思煌 111.0 98.0 100.0 89.0 93.0 87.0 309.0 269.0 578.0
31634 刘奕 103.0 79.0 110.0 81.0 80.0 78.0 292.0 239.0 531.0
31635 刘泽 106.0 73.0 71.5 86.0 81.0 75.0 250.5 242.0 492.5
31636 柳婷 117.0 92.0 118.5 97.0 94.0 87.0 327.5 278.0 605.5
31637 卢开书 98.0 91.0 112.5 89.0 92.0 77.0 301.5 258.0 559.5
31638 马润青 109.0 89.0 129.0 97.0 81.0 80.0 327.0 258.0 585.0
31639 彭灏 115.0 97.0 114.0 87.0 82.0 78.0 326.0 247.0 573.0
31640 孙熹珣 114.0 110.0 103.5 63.0 67.0 64.0 327.5 194.0 521.5
31641 孙烨 97.0 87.0 131.0 75.0 82.0 60.0 315.0 217.0 532.0
31642 王海槟 112.0 81.0 84.5 76.0 83.0 78.0 277.5 237.0 514.5
31643 王晓钟 110.0 106.0 115.5 90.0 86.0 87.0 331.5 263.0 594.5
31644 王雨青 108.0 118.0 99.5 95.0 95.0 72.0 325.5 262.0 587.5
31645 吴毅聪 96.0 52.0 112.5 75.0 59.0 64.0 260.5 198.0 458.5
31646 吴梓帆 115.0 106.0 121.5 97.0 96.0 81.0 342.5 274.0 616.5
31647 谢尘沐 107.0 61.0 101.5 73.0 80.0 75.0 269.5 228.0 497.5
31648 谢锦珮 107.0 45.0 119.0 42.0 68.0 68.0 271.0 178.0 449.0
31649 谢小雪 117.0 99.0 114.0 94.0 94.0 80.0 330.0 268.0 598.0
31650 谢奕纯 98.0 57.0 108.0 45.0 65.0 59.0 263.0 169.0 432.0
31651 杨涵 100.0 89.0 93.0 72.0 71.0 69.0 282.0 212.0 494.0
31652 姚采妮 103.0 56.0 95.0 56.0 77.0 59.0 254.0 192.0 446.0
31653 余泽泰 115.0 89.0 122.5 83.0 93.0 76.0 326.5 252.0 578.5
31654 张泽琳 109.0 110.0 120.0 89.0 88.0 76.0 339.0 253.0 592.0
31655 张泽宇 110.0 102.0 122.0 85.0 94.0 87.0 334.0 266.0 600.0
31656 章婉仪 101.0 91.0 124.0 84.0 74.0 83.0 316.0 241.0 557.0
31657 赵先铎 112.0 115.0 128.0 92.0 94.0 87.0 355.0 273.0 628.0
31658 郑涵禧 95.0 64.0 101.5 72.0 80.0 63.0 260.5 215.0 475.5
31659 郑林楷 97.0 111.0 96.0 95.0 90.0 71.0 304.0 256.0 560.0
31660 郑镇灏 107.0 88.0 96.5 86.0 79.0 63.0 291.5 228.0 519.5
31661 郑重 102.0 85.0 87.0 65.0 79.0 67.0 274.0 211.0 485.0
31662 朱俊宇 101.0 65.0 72.0 58.0 62.0 70.0 238.0 190.0 428.0
31663 庄声锐 100.0 59.0 88.0 62.0 61.0 70.0 247.0 193.0 440.0
31701 蔡金沛 109.0 72.0 83.0 57.0 82.0 63.0 264.0 202.0 466.0
31702 蔡俊峰 116.0 92.0 119.5 92.0 89.0 83.0 327.5 264.0 591.5
31703 曹宇韬 119.0 93.0 97.5 79.0 85.0 64.0 309.5 228.0 537.5
31704 陈大立 104.0 87.0 109.5 90.0 93.0 69.0 300.5 252.0 552.5
31705 陈浩杰 101.0 69.0 111.0 74.0 94.0 70.0 281.0 238.0 519.0
31706 陈沛润 112.0 93.0 97.0 92.0 83.0 79.0 302.0 254.0 556.0
31707 陈锐 110.0 98.0 117.5 100.0 97.0 76.0 325.5 273.0 598.5
31708 陈烁 104.0 72.0 78.5 58.0 77.0 68.0 254.5 203.0 457.5
31709 陈学诚 104.0 127.0 119.5 92.0 89.0 71.0 350.5 252.0 602.5
31710 陈韫颖 115.0 76.0 118.5 80.0 82.0 68.0 309.5 230.0 539.5
31711 陈泽鑫 98.0 68.0 93.5 57.0 61.0 38.0 259.5 156.0 415.5
31712 陈中一 109.0 100.0 101.5 90.0 87.0 65.0 310.5 242.0 552.5
31713 何伊慧 106.0 91.0 118.0 79.0 82.0 73.0 315.0 234.0 549.0
31714 侯思涵 114.0 74.0 121.0 78.0 88.0 74.0 309.0 240.0 549.0
31715 黄彬霆 117.0 78.0 112.5 88.0 79.0 70.0 307.5 237.0 544.5
31716 黄丹 79.0 19.0 70.0 33.0 21.0 0 168.0 0 0
31717 黄光炳 102.0 76.0 86.0 36.0 70.0 70.0 264.0 176.0 440.0
31718 黄慧敏 106.0 77.0 123.0 69.0 95.0 81.0 306.0 245.0 551.0
31719 黄思翰 108.0 122.0 103.5 93.0 93.0 76.0 333.5 262.0 595.5
31720 黄伟纯 108.0 92.0 117.5 87.0 84.0 73.0 317.5 244.0 561.5
31721 黄莹 116.0 100.0 121.0 93.0 92.0 79.0 337.0 264.0 601.0
31722 黄梓芸 106.0 63.0 104.5 35.0 45.0 63.0 273.5 143.0 416.5
31723 江相渝 102.0 65.0 91.0 65.0 69.0 67.0 258.0 201.0 459.0
31724 李洁瀚 111.0 106.0 115.5 94.0 84.0 62.0 332.5 240.0 572.5
31725 林仰 111.0 89.0 119.0 89.0 82.0 66.0 319.0 237.0 556.0
31726 林雍权 102.0 92.0 103.5 93.0 90.0 69.0 297.5 252.0 549.5
31727 刘嘉鑫 100.0 55.0 90.0 74.0 72.0 67.0 245.0 213.0 458.0
31728 卢荣泰 110.0 127.0 124.5 97.0 95.0 82.0 361.5 274.0 635.5
31730 马学盈 113.0 99.0 105.0 75.0 83.0 73.0 317.0 231.0 548.0
31731 马直先 119.0 95.0 111.0 94.0 90.0 76.0 325.0 260.0 585.0
31732 麦博 115.0 93.0 127.5 86.0 80.0 69.0 335.5 235.0 570.5
31733 欧阳生 112.0 108.0 108.5 98.0 93.0 81.0 328.5 272.0 600.5
31734 彭琪 100.0 79.0 76.0 62.0 67.0 53.0 255.0 182.0 437.0
31735 佘晓环 102.0 95.0 91.0 64.0 78.0 62.0 288.0 204.0 492.0
31736 王基鸿 110.0 84.0 105.5 93.0 89.0 81.0 299.5 263.0 562.5
31737 王俊澎 104.0 92.0 105.5 87.0 88.0 80.0 301.5 255.0 556.5
31738 王烔毅 101.0 95.0 99.0 91.0 81.0 67.0 295.0 239.0 534.0
31739 王钰 112.0 72.0 107.5 66.0 79.0 72.0 291.5 217.0 508.5
31740 王真子 109.0 77.0 119.5 88.0 86.0 75.0 305.5 249.0 554.5
31741 吴俊翰 109.0 99.0 86.5 91.0 91.0 79.0 294.5 261.0 555.5
31742 吴彤沛 108.0 56.0 102.5 41.0 84.0 67.0 266.5 192.0 458.5
31743 吴伟霞 108.0 97.0 114.5 83.0 94.0 78.0 319.5 255.0 574.5
31744 谢锶琦 108.0 97.0 118.5 88.0 84.0 70.0 323.5 242.0 565.5
31745 许锶妍 112.0 77.0 119.0 77.0 79.0 69.0 308.0 225.0 533.0
31746 许奕烁 104.0 82.0 90.0 65.0 47.0 59.0 276.0 171.0 447.0
31747 许哲浩 106.0 91.0 111.5 76.0 87.0 76.0 308.5 239.0 547.5
31748 杨铠翔 113.0 62.0 81.0 85.0 88.0 77.0 256.0 250.0 506.0
31749 杨腾 101.0 57.0 90.5 38.0 53.0 67.0 248.5 158.0 406.5
31750 姚佳妮 113.0 93.0 108.5 79.0 95.0 81.0 314.5 255.0 569.5
31751 张纯 106.0 64.0 104.5 73.0 74.0 76.0 274.5 223.0 497.5
31752 张锐翰 107.0 48.0 90.0 52.0 63.0 64.0 245.0 179.0 424.0
31754 张奕 93.0 55.0 109.5 61.0 52.0 60.0 257.5 173.0 430.5
31755 张翼 107.0 88.0 123.5 77.0 86.0 70.0 318.5 233.0 551.5
31756 章家竣 119.0 107.0 120.5 85.0 88.0 80.0 346.5 253.0 599.5
31757 郑慈香 106.0 85.0 109.5 85.0 85.0 79.0 300.5 249.0 549.5
31758 郑曼燕 0 0 0 67.0 0 0 0 0 0
31759 郑铭 110.0 56.0 111.0 53.0 53.0 57.0 277.0 163.0 440.0
31761 周锴捷 116.0 85.0 118.5 96.0 95.0 75.0 319.5 266.0 585.5
31762 庄本熙 96.0 86.0 73.0 88.0 81.0 67.0 255.0 236.0 491.0
31763 黄钰莹 117.0 88.0 120.0 84.0 78.0 73.0 325.0 235.0 560.0
31764 王宏 120.0 102.0 125.0 87.0 78.0 78.0 347.0 243.0 590.0
31801 陈鸿飞 106.0 79.0 97.5 58.0 81.0 71.0 282.5 210.0 492.5
31802 陈家思 108.0 107.0 92.5 85.0 89.0 76.0 307.5 250.0 557.5
31803 陈立芃 109.0 76.0 113.5 76.0 80.0 71.0 298.5 227.0 525.5
31804 陈齐骏 64.0 43.0 22.5 0 15.0 19.0 129.5 0 0
31805 陈润铎 105.0 61.0 99.0 86.0 75.0 67.0 265.0 228.0 493.0
31806 陈润楷 103.0 89.0 115.0 81.0 85.0 66.0 307.0 232.0 539.0
31807 陈鑫冰 106.0 81.0 101.5 74.0 83.0 73.0 288.5 230.0 518.5
31808 陈永佳 116.0 99.0 113.0 87.0 93.0 79.0 328.0 259.0 587.0
31809 陈元嘉 100.0 86.0 103.5 87.0 76.0 77.0 289.5 240.0 529.5
31810 冯钰冰 109.0 85.0 97.0 65.0 76.0 67.0 291.0 208.0 499.0
31811 何畅 101.0 47.0 94.5 38.0 56.0 62.0 242.5 156.0 398.5
31812 黄怀瑶 103.0 88.0 102.5 63.0 78.0 63.0 293.5 204.0 497.5
31813 黄凯鹏 111.0 67.0 96.5 57.0 64.0 70.0 274.5 191.0 465.5
31814 黄昕仪 125.0 128.0 131.5 90.0 95.0 80.0 384.5 265.0 649.5
31815 黄泽宇 116.0 68.0 102.0 68.0 66.0 71.0 286.0 205.0 491.0
31816 康思妹 110.0 78.0 106.5 64.0 78.0 75.0 294.5 217.0 511.5
31817 孔雪欣 106.0 81.0 107.0 66.0 58.0 78.0 294.0 202.0 496.0
31818 赖淑凌 118.0 81.0 110.5 82.0 76.0 71.0 309.5 229.0 538.5
31819 李俊 120.0 107.0 118.0 69.0 87.0 68.0 345.0 224.0 569.0
31820 李楠 106.0 85.0 109.5 86.0 84.0 76.0 300.5 246.0 546.5
31821 李蔚东 95.0 114.0 106.0 96.0 96.0 79.0 315.0 271.0 586.0
31822 李昕 104.0 81.0 95.5 95.0 94.0 66.0 280.5 255.0 535.5
31823 连泓杰 116.0 91.0 114.5 78.0 68.0 72.0 321.5 218.0 539.5
31824 林泓 118.0 101.0 93.0 74.0 78.0 72.0 312.0 224.0 536.0
31825 林培润 104.0 82.0 83.5 77.0 69.0 70.0 269.5 216.0 485.5
31826 林绮娜 120.0 87.0 119.0 96.0 83.0 77.0 326.0 256.0 582.0
31827 林昕 111.0 108.0 112.0 85.0 82.0 79.0 331.0 246.0 577.0
31828 林奕敏 101.0 85.0 115.5 88.0 94.0 74.0 301.5 256.0 557.5
31829 林泽辉 98.0 77.0 92.5 58.0 75.0 70.0 267.5 203.0 470.5
31830 林泽炜 118.0 114.0 102.5 91.0 92.0 59.0 334.5 242.0 576.5
31831 林增瑞 108.0 83.0 110.0 83.0 80.0 70.0 301.0 233.0 534.0
31832 刘丁玮 116.0 111.0 119.0 93.0 91.0 73.0 346.0 257.0 603.0
31833 卢呈焕 85.0 87.0 94.0 72.0 80.0 0 266.0 0 0
31834 卢智扬 95.0 42.0 109.0 52.0 70.0 69.0 246.0 191.0 437.0
31835 罗亿权 103.0 63.0 93.5 60.0 61.0 62.0 259.5 183.0 442.5
31836 邱乐思 102.0 112.0 107.5 84.0 82.0 74.0 321.5 240.0 561.5
31837 佘涵 110.0 119.0 117.0 76.0 78.0 70.0 346.0 224.0 570.0
31838 汤钰瑛 111.0 72.0 112.5 77.0 71.0 69.0 295.5 217.0 512.5
31839 王佩佩 114.0 87.0 109.0 94.0 87.0 86.0 310.0 267.0 577.0
31840 王思佳 108.0 79.0 108.0 89.0 84.0 73.0 295.0 246.0 541.0
31841 王晓泽 118.0 54.0 100.0 67.0 54.0 65.0 272.0 186.0 458.0
31842 王振东 119.0 125.0 121.0 97.0 92.0 78.0 365.0 267.0 632.0
31843 王子瑜 110.0 82.0 90.5 84.0 87.0 69.0 282.5 240.0 522.5
31844 吴绍邦 116.0 85.0 117.5 92.0 80.0 76.0 318.5 248.0 566.5
31845 吴水滇 107.0 74.0 110.0 56.0 70.0 67.0 291.0 193.0 484.0
31846 吴晓琪 111.0 87.0 120.0 71.0 77.0 63.0 318.0 211.0 529.0
31847 吴昕 105.0 79.0 117.0 68.0 81.0 66.0 301.0 215.0 516.0
31848 谢昱康 109.0 70.0 117.0 83.0 86.0 75.0 296.0 244.0 540.0
31849 姚少云 112.0 54.0 88.5 68.0 59.0 68.0 254.5 195.0 449.5
31850 余博浩 101.0 53.0 84.5 73.0 77.0 66.0 238.5 216.0 454.5
31851 曾泓燊 105.0 104.0 110.0 91.0 91.0 76.0 319.0 258.0 577.0
31852 曾佳泓 102.0 73.0 96.0 72.0 85.0 76.0 271.0 233.0 504.0
31853 曾琳 109.0 85.0 121.0 79.0 71.0 66.0 315.0 216.0 531.0
31854 曾宪瀚 105.0 56.0 71.5 55.0 80.0 66.0 232.5 201.0 433.5
31855 曾伊琳 105.0 73.0 98.0 78.0 83.0 72.0 276.0 233.0 509.0
31856 张随娜 113.0 75.0 116.5 53.0 70.0 72.0 304.5 195.0 499.5
31857 张育铭 113.0 106.0 113.0 91.0 89.0 70.0 332.0 250.0 582.0
31858 章滢蓥 108.0 116.0 110.5 76.0 92.0 82.0 334.5 250.0 584.5
31859 郑任翔 112.0 66.0 122.5 83.0 79.0 71.0 300.5 233.0 533.5
31860 郑子昂 94.0 61.0 97.5 70.0 73.0 65.0 252.5 208.0 460.5
31861 钟浩川 120.0 115.0 114.5 91.0 92.0 77.0 349.5 260.0 609.5
31862 周苑婷 112.0 108.0 128.0 77.0 88.0 71.0 348.0 236.0 584.0
31863 庄妍 115.0 108.0 132.5 84.0 91.0 78.0 355.5 253.0 608.5
31901 蔡育铮 108.0 108.0 129.5 88.0 91.0 80.0 345.5 259.0 604.5
31902 蔡卓颖 106.0 104.0 111.0 92.0 91.0 70.0 321.0 253.0 574.0
31903 陈功超 95.0 23.0 90.0 39.0 41.0 49.0 208.0 129.0 337.0
31904 陈浩宇 111.0 87.0 113.5 90.0 86.0 75.0 311.5 251.0 562.5
31905 陈红 111.0 89.0 115.5 92.0 90.0 79.0 315.5 261.0 576.5
31906 陈嘉杭 108.0 53.0 113.0 58.0 69.0 64.0 274.0 191.0 465.0
31907 陈锴灏 114.0 123.0 105.0 84.0 91.0 68.0 342.0 243.0 585.0
31908 陈孟耀 107.0 56.0 90.0 37.0 36.0 57.0 253.0 130.0 383.0
31909 陈伟杰 112.0 114.0 125.0 83.0 94.0 74.0 351.0 251.0 602.0
31910 陈宇霏 100.0 83.0 102.5 78.0 55.0 60.0 285.5 193.0 478.5
31911 陈卓妮 107.0 68.0 113.5 58.0 70.0 61.0 288.5 189.0 477.5
31912 杜振超 111.0 122.0 108.0 95.0 97.0 81.0 341.0 273.0 614.0
31913 方家颖 103.0 79.0 98.0 77.0 81.0 72.0 280.0 230.0 510.0
31914 郭佳鑫 114.0 120.0 124.0 96.0 97.0 78.0 358.0 271.0 629.0
31916 黄海铭 95.0 84.0 90.0 65.0 63.0 69.0 269.0 197.0 466.0
31917 黄融杰 101.0 107.0 107.5 96.0 90.0 76.0 315.5 262.0 577.5
31918 黄晓琦 114.0 40.0 101.5 70.0 69.0 71.0 255.5 210.0 465.5
31920 黄泽锴 83.0 24.0 60.5 12.0 21.0 41.0 167.5 74.0 241.5
31921 纪沛桐 116.0 108.0 112.0 90.0 78.0 76.0 336.0 244.0 580.0
31922 李岱谚 114.0 110.0 128.5 98.0 99.0 81.0 352.5 278.0 630.5
31923 李光泽 95.0 64.0 100.0 80.0 68.0 65.0 259.0 213.0 472.0
31924 李鸿 109.0 71.0 114.0 81.0 84.0 74.0 294.0 239.0 533.0
31925 李林昕 109.0 98.0 113.0 85.0 83.0 64.0 320.0 232.0 552.0
31926 李欣然 122.0 85.0 116.0 84.0 81.0 68.0 323.0 233.0 556.0
31927 李鑫 112.0 56.0 99.0 57.0 62.0 63.0 267.0 182.0 449.0
31928 李彦腾 97.0 90.0 104.5 82.0 73.0 60.0 291.5 215.0 506.5
31929 林坚生 111.0 95.0 101.5 68.0 89.0 70.0 307.5 227.0 534.5
31930 林乐贤 110.0 104.0 113.5 97.0 85.0 83.0 327.5 265.0 592.5
31931 林萌子 102.0 102.0 111.5 83.0 99.0 73.0 315.5 255.0 570.5
31932 林银虹 109.0 93.0 117.5 91.0 76.0 71.0 319.5 238.0 557.5
31933 林岳青 117.0 76.0 128.5 77.0 76.0 73.0 321.5 226.0 547.5
31934 卢晓杰 117.0 125.0 117.0 98.0 93.0 84.0 359.0 275.0 634.0
31935 马思昀 108.0 106.0 114.5 91.0 88.0 71.0 328.5 250.0 578.5
31936 彭丽妹 111.0 65.0 105.5 74.0 76.0 62.0 281.5 212.0 493.5
31937 彭扬帆 99.0 108.0 101.0 93.0 83.0 74.0 308.0 250.0 558.0
31938 沈桂菱 113.0 95.0 89.5 80.0 91.0 77.0 297.5 248.0 545.5
31939 沈益聪 114.0 122.0 117.0 94.0 82.0 68.0 353.0 244.0 597.0
31940 苏思澄 108.0 99.0 94.0 89.0 89.0 64.0 301.0 242.0 543.0
31941 苏泽坤 95.0 83.0 80.0 56.0 81.0 65.0 258.0 202.0 460.0
31942 王璐 114.0 90.0 116.5 79.0 93.0 74.0 320.5 246.0 566.5
31944 文渲 106.0 84.0 104.5 70.0 80.0 71.0 294.5 221.0 515.5
31945 翁涵 111.0 89.0 99.0 93.0 75.0 75.0 299.0 243.0 542.0
31946 吴虹燕 102.0 89.0 101.0 64.0 74.0 65.0 292.0 203.0 495.0
31947 吴佳銮 117.0 96.0 132.0 89.0 87.0 76.0 345.0 252.0 597.0
31948 吴怡玫 120.0 83.0 99.5 73.0 70.0 64.0 302.5 207.0 509.5
31949 谢罗瀚 92.0 71.0 65.5 88.0 54.0 60.0 228.5 202.0 430.5
31950 谢泽钊 104.0 68.0 79.0 62.0 68.0 68.0 251.0 198.0 449.0
31951 徐润峰 104.0 64.0 73.5 69.0 75.0 74.0 241.5 218.0 459.5
31952 许滨楠 111.0 91.0 116.0 84.0 81.0 69.0 318.0 234.0 552.0
31953 许玫 115.0 82.0 139.0 81.0 87.0 71.0 336.0 239.0 575.0
31954 许子源 108.0 78.0 87.0 51.0 78.0 69.0 273.0 198.0 471.0
31955 杨利秋 115.0 91.0 103.0 96.0 87.0 80.0 309.0 263.0 572.0
31956 余子涵 113.0 86.0 99.5 64.0 75.0 69.0 298.5 208.0 506.5
31957 曾奕楠 92.0 66.0 102.0 58.0 78.0 69.0 260.0 205.0 465.0
31958 张超逸 100.0 95.0 89.0 76.0 82.0 80.0 284.0 238.0 522.0
31959 张曼琪 114.0 89.0 109.0 55.0 72.0 85.0 312.0 212.0 524.0
31960 赵彦纯 109.0 109.0 119.5 82.0 81.0 76.0 337.5 239.0 576.5
31961 郑钧漾 105.0 66.0 90.5 69.0 83.0 71.0 261.5 223.0 484.5
31962 郑玮涛 121.0 101.0 105.0 86.0 84.0 76.0 327.0 246.0 573.0
31963 郑锨淇 105.0 95.0 110.0 91.0 88.0 78.0 310.0 257.0 567.0
31964 庄开翔 109.0 104.0 104.5 80.0 85.0 76.0 317.5 241.0 558.5
32001 蔡佳琪 110.0 67.0 104.5 74.0 62.0 64.0 281.5 200.0 481.5
32003 蔡伟龙 106.0 100.0 106.0 78.0 86.0 68.0 312.0 232.0 544.0
32004 陈博涵 112.0 120.0 114.0 88.0 88.0 70.0 346.0 246.0 592.0
32005 陈畅洪 111.0 75.0 88.0 66.0 70.0 61.0 274.0 197.0 471.0
32007 陈思桦 111.0 93.0 112.0 81.0 86.0 62.0 316.0 229.0 545.0
32008 陈雪仪 118.0 90.0 110.5 79.0 90.0 75.0 318.5 244.0 562.5
32009 洪奕祥 104.0 95.0 113.0 78.0 91.0 80.0 312.0 249.0 561.0
32010 胡期升 105.0 94.0 123.0 91.0 78.0 76.0 322.0 245.0 567.0
32011 黄斌伟 114.0 100.0 100.5 88.0 90.0 78.0 314.5 256.0 570.5
32012 黄洪雯 104.0 43.0 103.5 53.0 63.0 67.0 250.5 183.0 433.5
32013 黄敏华 112.0 83.0 119.0 65.0 81.0 74.0 314.0 220.0 534.0
32014 黄舜娴 107.0 85.0 101.5 79.0 89.0 70.0 293.5 238.0 531.5
32015 黄于峻 98.0 59.0 64.0 83.0 65.0 61.0 221.0 209.0 430.0
32016 纪梓荣 93.0 89.0 85.0 55.0 78.0 75.0 267.0 208.0 475.0
32017 李东烁 104.0 95.0 117.0 86.0 86.0 66.0 316.0 238.0 554.0
32018 李洁 119.0 109.0 125.0 92.0 91.0 80.0 353.0 263.0 616.0
32019 李易霖 97.0 72.0 102.0 77.0 69.0 75.0 271.0 221.0 492.0
32020 李治 115.0 97.0 109.5 95.0 97.0 78.0 321.5 270.0 591.5
32021 李卓明 98.0 94.0 116.0 96.0 90.0 78.0 308.0 264.0 572.0
32022 林佳煌 116.0 117.0 109.5 87.0 91.0 69.0 342.5 247.0 589.5
32023 林钦鸿 110.0 84.0 122.0 78.0 98.0 78.0 316.0 254.0 570.0
32024 林小琪 110.0 96.0 98.5 78.0 88.0 73.0 304.5 239.0 543.5
32025 林烨 110.0 80.0 120.5 88.0 85.0 69.0 310.5 242.0 552.5
32026 刘艾莉 106.0 118.0 123.5 92.0 88.0 85.0 347.5 265.0 612.5
32027 刘旭东 99.0 95.0 102.5 92.0 89.0 64.0 296.5 245.0 541.5
32028 刘依菁 105.0 112.0 117.5 89.0 74.0 75.0 334.5 238.0 572.5
32029 刘悦韵 112.0 77.0 117.0 94.0 76.0 76.0 306.0 246.0 552.0
32030 马洪量 106.0 74.0 94.5 55.0 59.0 75.0 274.5 189.0 463.5
32031 马茵茵 82.0 81.0 86.0 69.0 67.0 51.0 249.0 187.0 436.0
32032 潘莹涵 107.0 104.0 92.0 49.0 72.0 66.0 303.0 187.0 490.0
32033 沈敏勇 119.0 116.0 114.5 91.0 94.0 73.0 349.5 258.0 607.5
32034 沈晓燕 108.0 106.0 105.0 86.0 91.0 74.0 319.0 251.0 570.0
32035 苏诚章 111.0 87.0 125.5 88.0 91.0 76.0 323.5 255.0 578.5
32036 唐梦洋 103.0 41.0 71.5 34.0 58.0 61.0 215.5 153.0 368.5
32037 王灿杜 111.0 83.0 115.0 85.0 77.0 72.0 309.0 234.0 543.0
32038 王鸿吉 112.0 91.0 100.5 64.0 77.0 65.0 303.5 206.0 509.5
32039 王杰鑫 117.0 119.0 115.0 97.0 82.0 72.0 351.0 251.0 602.0
32040 王泽锴 106.0 46.0 79.5 53.0 58.0 56.0 231.5 167.0 398.5
32041 王子铟 115.0 100.0 119.0 90.0 84.0 74.0 334.0 248.0 582.0
32043 吴泽锐 119.0 115.0 129.5 100.0 92.0 79.0 363.5 271.0 634.5
32044 谢锦珊 0 78.0 0 0 0 73.0 0 0 0
32045 谢铠羽 102.0 79.0 113.5 62.0 85.0 59.0 294.5 206.0 500.5
32046 谢婉婷 103.0 83.0 116.0 32.0 75.0 66.0 302.0 173.0 475.0
32047 谢懿锐 115.0 97.0 113.5 89.0 92.0 78.0 325.5 259.0 584.5
32048 徐英芸 104.0 103.0 112.0 61.0 73.0 77.0 319.0 211.0 530.0
32049 许晓刚 121.0 110.0 106.0 81.0 88.0 81.0 337.0 250.0 587.0
32050 许永泓 114.0 129.0 120.0 90.0 99.0 79.0 363.0 268.0 631.0
32051 颜莞尔 102.0 49.0 117.0 62.0 65.0 63.0 268.0 190.0 458.0
32052 姚树耿 112.0 108.0 108.5 91.0 91.0 73.0 328.5 255.0 583.5
32053 姚悦扬 111.0 76.0 115.5 66.0 74.0 60.0 302.5 200.0 502.5
32054 余钊 90.0 52.0 93.0 69.0 74.0 73.0 235.0 216.0 451.0
32055 詹金伟 93.0 60.0 83.0 65.0 71.0 63.0 236.0 199.0 435.0
32056 张皓洵 106.0 83.0 109.0 85.0 91.0 73.0 298.0 249.0 547.0
32057 张扬 113.0 64.0 98.5 68.0 84.0 86.0 275.5 238.0 513.5
32058 张奕欣 100.0 70.0 86.5 47.0 45.0 55.0 256.5 147.0 403.5
32059 郑铠 95.0 84.0 0 87.0 84.0 80.0 0 251.0 0
32060 郑哲然 114.0 108.0 117.0 85.0 90.0 82.0 339.0 257.0 596.0
32061 周泽妍 114.0 102.0 112.5 77.0 72.0 78.0 328.5 227.0 555.5
32062 周子毓 101.0 80.0 106.0 72.0 78.0 74.0 287.0 224.0 511.0
