30401 陈柏林 103.0 70.0 102.0 76.0 71.0 51.0 275.0 198.0 473.0
30402 陈东晓 109.0 83.0 102.5 38.0 52.0 54.0 294.5 144.0 438.5
30403 陈冬仪 120.0 73.0 103.0 48.0 51.0 52.0 296.0 151.0 447.0
30404 陈金洲 118.0 91.0 120.5 84.0 77.0 84.0 329.5 245.0 574.5
30405 陈淑妍 101.0 102.0 131.5 88.0 65.0 64.0 334.5 217.0 551.5
30406 胡楷宇 110.0 83.0 98.0 79.0 58.0 59.0 291.0 196.0 487.0
30407 胡昱 105.0 83.0 122.0 84.0 74.0 73.0 310.0 231.0 541.0
30408 黄艾琪 116.0 111.0 121.0 70.0 74.0 69.0 348.0 213.0 561.0
30409 黄狄林 112.0 0 0 0 0 0 0 0 0
30410 黄琳婷 118.0 90.0 113.0 51.0 54.0 71.0 321.0 176.0 497.0
30411 黄云进 111.0 107.0 116.5 80.0 82.0 61.0 334.5 223.0 557.5
30412 纪慧煊 113.0 113.0 101.5 66.0 73.0 55.0 327.5 194.0 521.5
30413 蓝玉奇 118.0 92.0 119.5 54.0 56.0 65.0 329.5 175.0 504.5
30414 李宏森 105.0 58.0 85.5 26.0 37.0 43.0 248.5 106.0 354.5
30415 李艺晴 102.0 113.0 116.0 94.0 93.0 58.0 331.0 245.0 576.0
30416 李兆捷 106.0 111.0 117.0 95.0 89.0 67.0 334.0 251.0 585.0
30417 林达 113.0 71.0 114.0 82.0 78.0 75.0 298.0 235.0 533.0
30418 林镜辉 114.0 83.0 99.5 56.0 56.0 56.0 296.5 168.0 464.5
30419 林永佳 92.0 74.0 110.0 67.0 62.0 52.0 276.0 181.0 457.0
30420 林昱霖 107.0 110.0 100.0 94.0 89.0 67.0 317.0 250.0 567.0
30421 林泽楷 111.0 77.0 109.0 84.0 75.0 61.0 297.0 220.0 517.0
30422 刘琳菲 117.0 81.0 112.0 65.0 68.0 52.0 310.0 185.0 495.0
30424 卢涵 123.0 76.0 116.5 56.0 71.0 62.0 315.5 189.0 504.5
30425 卢昕玥 113.0 114.0 120.0 42.0 67.0 61.0 347.0 170.0 517.0
30426 卢彦宇 104.0 86.0 93.5 76.0 79.0 53.0 283.5 208.0 491.5
30428 麦扬 106.0 98.0 98.0 29.0 54.0 55.0 302.0 138.0 440.0
30429 邵彦程 95.0 66.0 99.5 28.0 31.0 47.0 260.5 106.0 366.5
30430 沈丹琼 126.0 134.0 116.0 92.0 85.0 69.0 376.0 246.0 622.0
30431 王磊 122.0 96.0 118.5 98.0 85.0 66.0 336.5 249.0 585.5
30432 王震霆 81.0 101.0 90.0 52.0 35.0 31.0 272.0 118.0 390.0
30433 韦昕澄 118.0 106.0 127.5 81.0 88.0 63.0 351.5 232.0 583.5
30434 魏桐曦 108.0 106.0 124.5 90.0 72.0 59.0 338.5 221.0 559.5
30435 翁铭捷 106.0 80.0 114.0 65.0 54.0 50.0 300.0 169.0 469.0
30436 吴洁兰 110.0 64.0 96.5 62.0 41.0 42.0 270.5 145.0 415.5
30437 吴婕洵 109.0 98.0 118.0 83.0 62.0 63.0 325.0 208.0 533.0
30438 吴郁楠 107.0 75.0 113.5 21.0 54.0 62.0 295.5 137.0 432.5
30439 吴泽峰 118.0 84.0 116.5 67.0 85.0 71.0 318.5 223.0 541.5
30440 吴植慧 112.0 41.0 105.5 40.0 39.0 55.0 258.5 134.0 392.5
30441 谢庆欣 111.0 73.0 112.5 45.0 38.0 69.0 296.5 152.0 448.5
30442 辛孜玫 126.0 64.0 102.5 75.0 76.0 54.0 292.5 205.0 497.5
30443 徐浩锴 107.0 89.0 103.5 50.0 71.0 60.0 299.5 181.0 480.5
30444 许可淳 124.0 139.0 127.5 93.0 89.0 84.0 390.5 266.0 656.5
30445 许林菁 110.0 77.0 107.5 64.0 78.0 68.0 294.5 210.0 504.5
30446 许统辉 96.0 74.0 87.5 52.0 51.0 52.0 257.5 155.0 412.5
30447 许旭东 124.0 108.0 128.0 102.0 86.0 69.0 360.0 257.0 617.0
30448 杨博锐 100.0 75.0 105.5 52.0 44.0 65.0 280.5 161.0 441.5
30449 杨乔 104.0 56.0 105.0 52.0 65.0 56.0 265.0 173.0 438.0
30450 杨宇镔 108.0 63.0 103.0 60.0 45.0 65.0 274.0 170.0 444.0
30451 杨芷涵 115.0 98.0 128.0 93.0 74.0 64.0 341.0 231.0 572.0
30452 姚楷炫 122.0 96.0 116.0 80.0 85.0 83.0 334.0 248.0 582.0
30453 张若涵 118.0 101.0 122.0 66.0 44.0 71.0 341.0 181.0 522.0
30454 张雪妍 118.0 87.0 109.5 71.0 62.0 60.0 314.5 193.0 507.5
30455 赵明明 109.0 78.0 124.0 51.0 62.0 61.0 311.0 174.0 485.0
30456 赵晓明 121.0 77.0 113.5 52.0 60.0 61.0 311.5 173.0 484.5
30457 郑沐林 107.0 117.0 126.5 91.0 90.0 72.0 350.5 253.0 603.5
30459 钟献彪 114.0 105.0 114.5 93.0 60.0 68.0 333.5 221.0 554.5
30460 周梓勃 118.0 93.0 108.5 74.0 78.0 69.0 319.5 221.0 540.5
30461 朱丹琪 106.0 97.0 114.0 75.0 66.0 62.0 317.0 203.0 520.0
30462 庄漪婷 107.0 63.0 101.0 78.0 41.0 52.0 271.0 171.0 442.0
30501 蔡苑虹 111.0 107.0 117.5 75.0 79.0 62.0 335.5 216.0 551.5
30502 陈福溢 109.0 83.0 123.5 48.0 74.0 65.0 315.5 187.0 502.5
30503 陈泓 113.0 55.0 109.0 60.0 28.0 51.0 277.0 139.0 416.0
30504 陈佳泓 112.0 119.0 112.5 79.0 58.0 57.0 343.5 194.0 537.5
30505 陈嘉胜 99.0 65.0 97.5 42.0 46.0 63.0 261.5 151.0 412.5
30506 陈丽娜 114.0 74.0 108.5 72.0 71.0 68.0 296.5 211.0 507.5
30507 陈沛震 108.0 97.0 106.0 55.0 52.0 56.0 311.0 163.0 474.0
30508 陈乔林 110.0 94.0 119.5 76.0 77.0 63.0 323.5 216.0 539.5
30509 陈疏桐 123.0 104.0 128.0 80.0 78.0 77.0 355.0 235.0 590.0
30510 陈欣洋 101.0 0 0 13.0 32.0 41.0 0 86.0 0
30511 陈雅琪 109.0 102.0 125.0 81.0 59.0 69.0 336.0 209.0 545.0
30512 陈一凡 102.0 120.0 109.0 99.0 80.0 72.0 331.0 251.0 582.0
30514 陈煜琳 123.0 136.0 121.0 78.0 65.0 68.0 380.0 211.0 591.0
30515 陈梓瀚 109.0 103.0 103.5 75.0 77.0 62.0 315.5 214.0 529.5
30516 陈梓霓 109.0 106.0 111.5 83.0 59.0 72.0 326.5 214.0 540.5
30517 陈梓宇 107.0 108.0 106.0 89.0 58.0 77.0 321.0 224.0 545.0
30518 方灿鸿 113.0 90.0 111.0 86.0 51.0 52.0 314.0 189.0 503.0
30519 郭梓淇 98.0 80.0 115.0 50.0 36.0 55.0 293.0 141.0 434.0
30520 黄泓鉴 112.0 94.0 125.5 106.0 86.0 68.0 331.5 260.0 591.5
30521 黄金涛 103.0 89.0 108.0 47.0 38.0 60.0 300.0 145.0 445.0
30522 黄式铨 99.0 112.0 110.5 103.0 59.0 58.0 321.5 220.0 541.5
30523 黄孜睿 97.0 76.0 118.5 83.0 84.0 68.0 291.5 235.0 526.5
30524 江卓聪 101.0 112.0 125.5 91.0 68.0 76.0 338.5 235.0 573.5
30525 李依璘 111.0 92.0 131.5 50.0 53.0 63.0 334.5 166.0 500.5
30526 李子聪 123.0 83.0 125.0 77.0 70.0 58.0 331.0 205.0 536.0
30527 林钡钡 115.0 130.0 113.5 92.0 82.0 64.0 358.5 238.0 596.5
30528 林洁萍 118.0 98.0 109.0 75.0 68.0 60.0 325.0 203.0 528.0
30529 林煜涛 99.0 100.0 91.0 72.0 80.0 78.0 290.0 230.0 520.0
30530 林泽滢 119.0 98.0 112.0 60.0 61.0 71.0 329.0 192.0 521.0
30531 刘榕飒 111.0 61.0 115.0 82.0 67.0 70.0 287.0 219.0 506.0
30532 陆凡冰 110.0 138.0 118.5 100.0 72.0 56.0 366.5 228.0 594.5
30534 马伟涛 111.0 129.0 121.5 96.0 74.0 71.0 361.5 241.0 602.5
30535 潘俞霏 109.0 108.0 129.5 75.0 80.0 42.0 346.5 197.0 543.5
30536 沈哲沛 102.0 54.0 103.0 58.0 48.0 48.0 259.0 154.0 413.0
30537 孙玮 110.0 93.0 111.0 96.0 67.0 68.0 314.0 231.0 545.0
30539 王天乐 100.0 77.0 110.0 61.0 36.0 55.0 287.0 152.0 439.0
30540 吴博 115.0 112.0 122.0 97.0 85.0 77.0 349.0 259.0 608.0
30541 吴佳芸 107.0 78.0 109.5 50.0 34.0 62.0 294.5 146.0 440.5
30542 吴淇升 112.0 78.0 116.0 76.0 58.0 56.0 306.0 190.0 496.0
30543 吴易达 111.0 103.0 104.0 57.0 59.0 69.0 318.0 185.0 503.0
30544 肖泽楷 120.0 85.0 107.5 77.0 84.0 57.0 312.5 218.0 530.5
30545 谢函瀚 112.0 50.0 117.0 54.0 48.0 67.0 279.0 169.0 448.0
30547 谢思婷 118.0 87.0 124.5 63.0 62.0 68.0 329.5 193.0 522.5
30548 谢育锋 112.0 108.0 100.0 98.0 68.0 61.0 320.0 227.0 547.0
30549 徐芷欣 111.0 104.0 127.5 50.0 60.0 62.0 342.5 172.0 514.5
30550 杨昕 122.0 98.0 124.0 83.0 38.0 67.0 344.0 188.0 532.0
30551 姚雪萍 103.0 101.0 114.0 58.0 46.0 50.0 318.0 154.0 472.0
30552 姚逸峰 114.0 82.0 108.0 74.0 52.0 75.0 304.0 201.0 505.0
30553 余泓涛 95.0 80.0 95.0 62.0 60.0 64.0 270.0 186.0 456.0
30554 余珮镕 109.0 95.0 120.0 77.0 57.0 62.0 324.0 196.0 520.0
30555 曾烁 102.0 63.0 90.5 54.0 39.0 63.0 255.5 156.0 411.5
30556 张基烨 107.0 105.0 114.0 69.0 71.0 72.0 326.0 212.0 538.0
30557 张锦河 108.0 106.0 113.5 104.0 81.0 63.0 327.5 248.0 575.5
30558 张子斌 95.0 104.0 119.0 69.0 72.0 72.0 318.0 213.0 531.0
30559 张宗泽 96.0 114.0 114.5 94.0 74.0 73.0 324.5 241.0 565.5
30560 郑涵 116.0 122.0 130.0 97.0 67.0 78.0 368.0 242.0 610.0
30561 郑主加 99.0 73.0 114.5 62.0 44.0 57.0 286.5 163.0 449.5
30562 钟婉灵 109.0 100.0 110.0 79.0 38.0 55.0 319.0 172.0 491.0
30563 周哲 102.0 112.0 108.5 76.0 73.0 53.0 322.5 202.0 524.5
30601 蔡楚怡 96.0 94.0 118.0 49.0 58.0 48.0 308.0 155.0 463.0
30602 蔡瀚锋 104.0 93.0 116.5 61.0 73.0 59.0 313.5 193.0 506.5
30603 蔡弋炀 116.0 100.0 107.5 76.0 76.0 63.0 323.5 215.0 538.5
30604 陈金涛 105.0 98.0 115.5 79.0 78.0 69.0 318.5 226.0 544.5
30605 陈谨 115.0 70.0 125.5 50.0 44.0 65.0 310.5 159.0 469.5
30606 陈庆 107.0 92.0 93.5 90.0 38.0 66.0 292.5 194.0 486.5
30607 陈帅琦 98.0 89.0 110.5 63.0 57.0 62.0 297.5 182.0 479.5
30608 陈锶涛 107.0 70.0 94.0 42.0 46.0 32.0 271.0 120.0 391.0
30609 陈雅文 118.0 103.0 125.0 94.0 81.0 69.0 346.0 244.0 590.0
30610 陈妍 104.0 83.0 114.5 63.0 53.0 58.0 301.5 174.0 475.5
30611 陈振霖 100.0 91.0 101.0 69.0 64.0 54.0 292.0 187.0 479.0
30612 陈震寅 98.0 106.0 86.0 104.0 68.0 77.0 290.0 249.0 539.0
30613 陈梓泓 110.0 114.0 100.5 88.0 75.0 64.0 324.5 227.0 551.5
30614 陈梓演 108.0 87.0 114.0 76.0 57.0 49.0 309.0 182.0 491.0
30615 戴德燊 117.0 117.0 104.0 76.0 52.0 62.0 338.0 190.0 528.0
30616 方家浩 108.0 94.0 95.5 75.0 61.0 71.0 297.5 207.0 504.5
30617 方玮绚 109.0 62.0 102.5 50.0 52.0 63.0 273.5 165.0 438.5
30618 方小涵 0 54.0 119.0 48.0 36.0 43.0 0 127.0 0
30619 方梓昊 100.0 72.0 94.5 48.0 39.0 54.0 266.5 141.0 407.5
30620 郭悦宁 109.0 74.0 101.5 49.0 52.0 51.0 284.5 152.0 436.5
30621 郭滋涵 83.0 18.0 52.0 23.0 35.0 27.0 153.0 85.0 238.0
30622 洪斯沛 104.0 94.0 134.0 70.0 58.0 60.0 332.0 188.0 520.0
30623 黄蔓蔓 110.0 70.0 97.0 73.0 60.0 46.0 277.0 179.0 456.0
30624 黄树炫 121.0 63.0 125.0 76.0 66.0 67.0 309.0 209.0 518.0
30625 黄晚至 111.0 79.0 120.5 80.0 83.0 73.0 310.5 236.0 546.5
30626 黄粤奇 96.0 77.0 105.5 78.0 54.0 54.0 278.5 186.0 464.5
30627 李传璞 103.0 58.0 115.0 67.0 63.0 75.0 276.0 205.0 481.0
30628 李科谋 119.0 101.0 108.0 73.0 68.0 52.0 328.0 193.0 521.0
30629 李婉宜 106.0 113.0 115.5 98.0 87.0 64.0 334.5 249.0 583.5
30630 李心彤 101.0 72.0 109.0 44.0 50.0 45.0 282.0 139.0 421.0
30631 梁婧 108.0 77.0 111.5 48.0 51.0 49.0 296.5 148.0 444.5
30632 林琦 111.0 115.0 116.0 72.0 81.0 50.0 342.0 203.0 545.0
30633 林润峰 101.0 65.0 98.5 49.0 51.0 64.0 264.5 164.0 428.5
30634 林烁 112.0 108.0 102.5 47.0 62.0 62.0 322.5 171.0 493.5
30635 林钰祺 104.0 84.0 114.5 66.0 42.0 42.0 302.5 150.0 452.5
30636 林泽聪 113.0 79.0 113.5 104.0 73.0 69.0 305.5 246.0 551.5
30637 林泽娜 116.0 70.0 116.5 62.0 62.0 53.0 302.5 177.0 479.5
30638 刘学智 105.0 67.0 116.5 68.0 58.0 51.0 288.5 177.0 465.5
30639 马思奇 110.0 72.0 107.5 29.0 51.0 56.0 289.5 136.0 425.5
30640 佘卓键 103.0 98.0 104.5 83.0 50.0 74.0 305.5 207.0 512.5
30641 沈畅泳 120.0 124.0 121.5 88.0 76.0 58.0 365.5 222.0 587.5
30642 汤庆琳 116.0 71.0 109.0 22.0 37.0 54.0 296.0 113.0 409.0
30643 王嘉如 116.0 99.0 122.5 67.0 72.0 71.0 337.5 210.0 547.5
30644 王琳 108.0 97.0 120.5 77.0 43.0 65.0 325.5 185.0 510.5
30645 王梓渲 110.0 94.0 112.0 67.0 55.0 71.0 316.0 193.0 509.0
30646 吴文澜 103.0 87.0 106.5 49.0 45.0 64.0 296.5 158.0 454.5
30647 吴妍 109.0 89.0 124.5 75.0 71.0 69.0 322.5 215.0 537.5
30648 许夏帆 112.0 123.0 126.0 96.0 82.0 69.0 361.0 247.0 608.0
30649 许烨琪 103.0 84.0 109.0 37.0 55.0 56.0 296.0 148.0 444.0
30650 杨金满 112.0 95.0 119.5 98.0 78.0 74.0 326.5 250.0 576.5
30651 杨壬 94.0 54.0 85.0 55.0 33.0 51.0 233.0 139.0 372.0
30652 杨依云 109.0 60.0 124.0 53.0 64.0 50.0 293.0 167.0 460.0
30653 蚁维聪 92.0 92.0 104.0 76.0 60.0 67.0 288.0 203.0 491.0
30654 余信荣 115.0 106.0 119.0 81.0 86.0 73.0 340.0 240.0 580.0
30655 喻子韬 94.0 93.0 118.5 79.0 74.0 65.0 305.5 218.0 523.5
30656 詹育东 114.0 104.0 104.0 78.0 77.0 62.0 322.0 217.0 539.0
30657 张棣炫 108.0 93.0 113.0 63.0 69.0 62.0 314.0 194.0 508.0
30658 张欣悦 109.0 101.0 116.5 80.0 60.0 57.0 326.5 197.0 523.5
30659 郑东能 111.0 114.0 103.0 92.0 81.0 71.0 328.0 244.0 572.0
30660 郑凯元 102.0 85.0 120.0 66.0 71.0 63.0 307.0 200.0 507.0
30661 郑泽楠 96.0 86.0 115.0 61.0 86.0 66.0 297.0 213.0 510.0
30662 钟贝琪 105.0 54.0 108.0 65.0 52.0 43.0 267.0 160.0 427.0
30663 周盈贝 80.0 77.0 104.0 42.0 32.0 57.0 261.0 131.0 392.0
30701 蔡博涵 109.0 74.0 102.5 45.0 68.0 54.0 285.5 167.0 452.5
30702 蔡琪 84.0 71.0 101.0 59.0 51.0 53.0 256.0 163.0 419.0
30703 蔡淑熙 114.0 91.0 117.5 76.0 51.0 65.0 322.5 192.0 514.5
30704 蔡晓仪 112.0 105.0 111.5 78.0 73.0 66.0 328.5 217.0 545.5
30705 蔡泽莹 108.0 0 0 52.0 43.0 53.0 0 148.0 0
30706 蔡之雅 107.0 65.0 112.0 20.0 57.0 62.0 284.0 139.0 423.0
30707 蔡至钿 100.0 80.0 0 66.0 49.0 53.0 0 168.0 0
30708 陈畅 102.0 93.0 109.5 73.0 42.0 57.0 304.5 172.0 476.5
30709 陈铎仑 121.0 108.0 119.5 83.0 77.0 74.0 348.5 234.0 582.5
30710 陈俊成 102.0 107.0 118.0 81.0 81.0 72.0 327.0 234.0 561.0
30711 陈思冰 103.0 70.0 102.0 53.0 66.0 53.0 275.0 172.0 447.0
30712 陈思桦 109.0 84.0 90.0 58.0 45.0 44.0 283.0 147.0 430.0
30713 陈武杰 99.0 99.0 102.0 59.0 56.0 45.0 300.0 160.0 460.0
30714 陈晓雯 107.0 131.0 130.5 107.0 76.0 68.0 368.5 251.0 619.5
30715 陈奕纯 104.0 101.0 116.0 72.0 79.0 55.0 321.0 206.0 527.0
30716 陈钟之 102.0 91.0 107.5 91.0 66.0 53.0 300.5 210.0 510.5
30717 陈梓博 108.0 77.0 110.0 95.0 51.0 68.0 295.0 214.0 509.0
30719 丁烜 104.0 87.0 86.0 41.0 44.0 56.0 277.0 141.0 418.0
30720 杜昕 112.0 96.0 120.0 52.0 50.0 64.0 328.0 166.0 494.0
30721 杜展 105.0 124.0 116.0 85.0 82.0 53.0 345.0 220.0 565.0
30722 郭枫阳 111.0 114.0 130.5 65.0 58.0 63.0 355.5 186.0 541.5
30723 洪欣苑 100.0 0 0 0 0 0 0 0 0
30724 洪梓昂 115.0 88.0 133.0 60.0 70.0 68.0 336.0 198.0 534.0
30725 黄心婷 100.0 100.0 108.0 84.0 62.0 58.0 308.0 204.0 512.0
30726 黄芷琳 108.0 89.0 126.0 59.0 64.0 54.0 323.0 177.0 500.0
30727 李博恩 115.0 81.0 116.5 86.0 62.0 55.0 312.5 203.0 515.5
30728 李恺寰 106.0 74.0 112.5 88.0 75.0 56.0 292.5 219.0 511.5
30729 李沛熙 101.0 121.0 104.0 70.0 81.0 65.0 326.0 216.0 542.0
30730 李翊亨 106.0 77.0 98.0 83.0 70.0 64.0 281.0 217.0 498.0
30731 林宏杰 108.0 95.0 100.5 76.0 77.0 61.0 303.5 214.0 517.5
30732 林熙 114.0 65.0 108.0 51.0 65.0 54.0 287.0 170.0 457.0
30733 林映含 110.0 100.0 114.0 66.0 67.0 53.0 324.0 186.0 510.0
30734 林芸 110.0 101.0 110.5 70.0 82.0 54.0 321.5 206.0 527.5
30735 刘乐欣 107.0 78.0 106.5 72.0 68.0 45.0 291.5 185.0 476.5
30736 刘依雯 87.0 41.0 110.0 55.0 30.0 63.0 238.0 148.0 386.0
30737 刘雨奇 119.0 107.0 125.5 94.0 90.0 76.0 351.5 260.0 611.5
30738 刘子烁 101.0 73.0 97.5 82.0 64.0 50.0 271.5 196.0 467.5
30739 陆伟坤 111.0 80.0 98.5 77.0 79.0 63.0 289.5 219.0 508.5
30740 马学宽 112.0 90.0 98.5 41.0 58.0 59.0 300.5 158.0 458.5
30741 彭博澄 120.0 116.0 114.0 76.0 51.0 65.0 350.0 192.0 542.0
30742 邱可盈 106.0 85.0 111.0 65.0 52.0 56.0 302.0 173.0 475.0
30743 佘晓仪 103.0 71.0 104.5 26.0 48.0 55.0 278.5 129.0 407.5
30745 苏烁航 102.0 98.0 93.5 53.0 55.0 53.0 293.5 161.0 454.5
30746 苏斯楠 107.0 90.0 91.0 83.0 52.0 57.0 288.0 192.0 480.0
30747 孙润楷 102.0 84.0 108.0 77.0 79.0 69.0 294.0 225.0 519.0
30748 吴佳生 115.0 92.0 127.0 74.0 81.0 65.0 334.0 220.0 554.0
30749 吴昕 103.0 91.0 114.0 67.0 52.0 61.0 308.0 180.0 488.0
30750 谢伟坤 110.0 70.0 100.5 62.0 68.0 59.0 280.5 189.0 469.5
30751 谢宗泰 105.0 90.0 79.5 74.0 60.0 73.0 274.5 207.0 481.5
30752 徐子媛 111.0 83.0 125.0 68.0 59.0 55.0 319.0 182.0 501.0
30753 许楷扬 109.0 72.0 98.5 63.0 46.0 58.0 279.5 167.0 446.5
30754 许艺瀛 105.0 69.0 123.5 54.0 71.0 61.0 297.5 186.0 483.5
30755 杨深林 99.0 114.0 100.5 95.0 79.0 64.0 313.5 238.0 551.5
30756 杨烨爽 112.0 98.0 116.5 95.0 62.0 60.0 326.5 217.0 543.5
30757 叶乐萱 117.0 105.0 130.5 92.0 96.0 83.0 352.5 271.0 623.5
30758 张睿 103.0 90.0 99.0 84.0 53.0 50.0 292.0 187.0 479.0
30759 张少伟 104.0 93.0 100.0 62.0 62.0 55.0 297.0 179.0 476.0
30760 张煜坚 105.0 75.0 114.0 60.0 44.0 65.0 294.0 169.0 463.0
30761 郑逸晖 115.0 83.0 119.0 77.0 63.0 69.0 317.0 209.0 526.0
30762 钟耿钦 102.0 101.0 86.5 95.0 54.0 55.0 289.5 204.0 493.5
30801 蔡筱蕊 110.0 72.0 115.5 43.0 77.0 71.0 297.5 191.0 488.5
30802 蔡奕桐 121.0 64.0 108.5 46.0 53.0 51.0 293.5 150.0 443.5
30803 蔡泽泓 102.0 71.0 113.5 91.0 69.0 68.0 286.5 228.0 514.5
30804 陈达可 103.0 111.0 119.0 85.0 88.0 74.0 333.0 247.0 580.0
30805 陈丹仪 115.0 109.0 119.0 70.0 72.0 73.0 343.0 215.0 558.0
30806 陈锴榆 97.0 57.0 99.0 46.0 50.0 37.0 253.0 133.0 386.0
30807 陈润慷 104.0 113.0 105.0 49.0 79.0 55.0 322.0 183.0 505.0
30808 陈淑芳 90.0 87.0 106.0 70.0 36.0 55.0 283.0 161.0 444.0
30809 陈彦宇 103.0 89.0 111.5 60.0 60.0 30.0 303.5 150.0 453.5
30810 陈钰琦 99.0 52.0 106.0 19.0 51.0 52.0 257.0 122.0 379.0
30811 陈志航 85.0 71.0 103.5 26.0 40.0 42.0 259.5 108.0 367.5
30812 单浩铭 104.0 92.0 102.0 49.0 44.0 57.0 298.0 150.0 448.0
30813 董煜然 109.0 86.0 84.0 52.0 66.0 49.0 279.0 167.0 446.0
30814 杜庚育 118.0 112.0 120.5 74.0 64.0 82.0 350.5 220.0 570.5
30815 方淑钰 99.0 65.0 87.5 39.0 45.0 58.0 251.5 142.0 393.5
30816 方殷锴 108.0 106.0 124.0 70.0 70.0 55.0 338.0 195.0 533.0
30817 葛颖 106.0 90.0 106.5 52.0 45.0 41.0 302.5 138.0 440.5
30818 郭粉红 114.0 55.0 105.0 64.0 65.0 47.0 274.0 176.0 450.0
30819 郭景瀚 108.0 80.0 93.0 49.0 67.0 67.0 281.0 183.0 464.0
30820 洪立强 121.0 73.0 102.0 30.0 55.0 36.0 296.0 121.0 417.0
30821 洪少锐 109.0 73.0 110.5 64.0 70.0 55.0 292.5 189.0 481.5
30822 黄端 102.0 93.0 107.0 79.0 73.0 61.0 302.0 213.0 515.0
30823 黄丰 102.0 101.0 106.0 54.0 66.0 76.0 309.0 196.0 505.0
30824 黄俊斐 95.0 105.0 102.0 64.0 75.0 56.0 302.0 195.0 497.0
30825 黄可欣 109.0 90.0 122.0 52.0 68.0 55.0 321.0 175.0 496.0
30827 蓝旸 106.0 76.0 112.0 45.0 50.0 60.0 294.0 155.0 449.0
30828 林炳丽 112.0 107.0 130.0 83.0 86.0 60.0 349.0 229.0 578.0
30829 林栾荀 109.0 88.0 107.5 75.0 65.0 56.0 304.5 196.0 500.5
30830 林若彤 113.0 109.0 121.0 83.0 67.0 57.0 343.0 207.0 550.0
30831 林晓纯 98.0 108.0 124.0 73.0 73.0 73.0 330.0 219.0 549.0
30832 林钇 94.0 102.0 109.5 86.0 77.0 71.0 305.5 234.0 539.5
30834 林泽凯 96.0 76.0 87.0 70.0 65.0 42.0 259.0 177.0 436.0
30835 刘尔嘉 93.0 100.0 122.0 79.0 80.0 40.0 315.0 199.0 514.0
30836 马旭宁 100.0 103.0 109.0 96.0 67.0 56.0 312.0 219.0 531.0
30837 彭诗妍 95.0 83.0 102.5 56.0 63.0 53.0 280.5 172.0 452.5
30838 宋洁榕 92.0 70.0 110.5 28.0 44.0 49.0 272.5 121.0 393.5
30839 王绿蔚 111.0 99.0 115.0 58.0 70.0 64.0 325.0 192.0 517.0
30840 王维佳 95.0 70.0 98.5 35.0 57.0 53.0 263.5 145.0 408.5
30841 王知往 107.0 79.0 114.0 44.0 57.0 69.0 300.0 170.0 470.0
30842 王志扬 97.0 85.0 104.5 90.0 71.0 63.0 286.5 224.0 510.5
30843 温一海 115.0 61.0 108.0 74.0 63.0 60.0 284.0 197.0 481.0
30844 吴丹妮 108.0 64.0 106.0 48.0 34.0 41.0 278.0 123.0 401.0
30845 吴赋 109.0 91.0 114.5 70.0 76.0 63.0 314.5 209.0 523.5
30846 吴润铭 83.0 75.0 105.5 80.0 56.0 51.0 263.5 187.0 450.5
30847 吴夏韵 105.0 92.0 97.5 95.0 67.0 43.0 294.5 205.0 499.5
30848 辛铄浩 111.0 104.0 103.0 65.0 61.0 67.0 318.0 193.0 511.0
30849 杨婷婷 109.0 51.0 112.0 55.0 51.0 50.0 272.0 156.0 428.0
30850 曾宇丹 117.0 131.0 127.5 100.0 82.0 75.0 375.5 257.0 632.5
30851 曾宇煌 107.0 62.0 106.5 45.0 55.0 48.0 275.5 148.0 423.5
30852 张晓斐 110.0 74.0 114.5 82.0 50.0 69.0 298.5 201.0 499.5
30853 张梓涵 100.0 69.0 118.5 58.0 60.0 50.0 287.5 168.0 455.5
30854 郑聪 100.0 92.0 110.0 64.0 50.0 63.0 302.0 177.0 479.0
30855 郑岱锋 104.0 38.0 110.5 54.0 34.0 38.0 252.5 126.0 378.5
30856 郑楷融 93.0 65.0 109.0 73.0 46.0 70.0 267.0 189.0 456.0
30857 郑欣琳 99.0 67.0 108.0 63.0 58.0 68.0 274.0 189.0 463.0
30858 郑宇平 111.0 107.0 94.0 48.0 65.0 50.0 312.0 163.0 475.0
30860 朱宇寅 99.0 74.0 115.0 29.0 42.0 57.0 288.0 128.0 416.0
30861 庄先正 95.0 48.0 65.5 64.0 36.0 33.0 208.5 133.0 341.5
30862 邹彤彤 106.0 72.0 110.0 69.0 55.0 66.0 288.0 190.0 478.0
30901 蔡仰涵 112.0 109.0 117.0 97.0 83.0 71.0 338.0 251.0 589.0
30902 陈玳翊 102.0 105.0 93.5 29.0 46.0 66.0 300.5 141.0 441.5
30903 陈方梓淳 107.0 66.0 114.0 45.0 49.0 45.0 287.0 139.0 426.0
30904 陈俊锴 99.0 70.0 112.0 60.0 62.0 71.0 281.0 193.0 474.0
30905 陈铿 95.0 75.0 101.5 59.0 60.0 46.0 271.5 165.0 436.5
30906 陈琳 105.0 82.0 110.5 42.0 53.0 68.0 297.5 163.0 460.5
30907 陈淼泓 105.0 69.0 104.0 32.0 38.0 53.0 278.0 123.0 401.0
30908 陈诺 115.0 125.0 112.5 57.0 65.0 62.0 352.5 184.0 536.5
30909 陈申 112.0 86.0 123.0 64.0 74.0 53.0 321.0 191.0 512.0
30910 陈曦芃 112.0 66.0 111.5 34.0 39.0 62.0 289.5 135.0 424.5
30911 陈逸挺 97.0 48.0 89.0 41.0 52.0 34.0 234.0 127.0 361.0
30912 陈钰媛 103.0 93.0 106.5 42.0 37.0 46.0 302.5 125.0 427.5
30913 陈裕 110.0 47.0 110.0 32.0 46.0 43.0 267.0 121.0 388.0
30914 陈钊燚 88.0 104.0 115.0 72.0 75.0 60.0 307.0 207.0 514.0
30915 丁琪瑄 106.0 104.0 114.0 59.0 59.0 58.0 324.0 176.0 500.0
30916 丁泽晟 107.0 109.0 102.5 81.0 85.0 67.0 318.5 233.0 551.5
30917 董信步 114.0 81.0 121.0 86.0 70.0 67.0 316.0 223.0 539.0
30918 郭婉祺 114.0 120.0 121.5 96.0 52.0 42.0 355.5 190.0 545.5
30919 郭潇凯 105.0 99.0 120.5 74.0 45.0 69.0 324.5 188.0 512.5
30920 洪愿足 103.0 104.0 91.0 63.0 49.0 53.0 298.0 165.0 463.0
30921 黄川 107.0 85.0 117.5 75.0 74.0 70.0 309.5 219.0 528.5
30923 黄晓彤 100.0 43.0 103.0 18.0 25.0 31.0 246.0 74.0 320.0
30924 黄泽钦 101.0 125.0 111.5 77.0 79.0 64.0 337.5 220.0 557.5
30925 黄梓媛 115.0 102.0 111.0 59.0 80.0 67.0 328.0 206.0 534.0
30926 蓝菁 117.0 89.0 115.0 61.0 60.0 58.0 321.0 179.0 500.0
30927 李金洺 106.0 57.0 100.0 33.0 36.0 38.0 263.0 107.0 370.0
30928 李乐浩 108.0 97.0 108.5 46.0 59.0 52.0 313.5 157.0 470.5
30929 李泽銮 119.0 83.0 108.0 91.0 53.0 60.0 310.0 204.0 514.0
30930 林翰 105.0 61.0 111.0 70.0 55.0 54.0 277.0 179.0 456.0
30931 林洁娜 110.0 76.0 118.0 32.0 38.0 38.0 304.0 108.0 412.0
30932 林锦燕 117.0 114.0 123.0 87.0 57.0 67.0 354.0 211.0 565.0
30933 林仕居 113.0 99.0 125.0 72.0 82.0 67.0 337.0 221.0 558.0
30934 林铄浩 109.0 107.0 109.5 55.0 62.0 63.0 325.5 180.0 505.5
30935 林晓琪 115.0 87.0 130.5 59.0 67.0 64.0 332.5 190.0 522.5
30936 林依洁 110.0 76.0 121.0 49.0 53.0 58.0 307.0 160.0 467.0
30937 刘泳钊 111.0 36.0 104.5 67.0 55.0 52.0 251.5 174.0 425.5
30938 罗泽鑫 107.0 113.0 102.5 91.0 64.0 57.0 322.5 212.0 534.5
30939 欧阳苇航 120.0 93.0 115.0 98.0 79.0 66.0 328.0 243.0 571.0
30940 潘沛 113.0 75.0 118.0 65.0 39.0 59.0 306.0 163.0 469.0
30941 邱子涵 108.0 93.0 117.0 92.0 63.0 68.0 318.0 223.0 541.0
30942 芮滢 105.0 90.0 128.5 72.0 67.0 57.0 323.5 196.0 519.5
30943 沈子钦 106.0 76.0 118.0 67.0 58.0 60.0 300.0 185.0 485.0
30944 王逸楠 96.0 54.0 111.0 40.0 63.0 50.0 261.0 153.0 414.0
30945 王梓宜 97.0 72.0 91.5 46.0 50.0 43.0 260.5 139.0 399.5
30946 吴佳锡 111.0 80.0 113.0 82.0 73.0 70.0 304.0 225.0 529.0
30947 吴奕艾 108.0 79.0 82.0 56.0 52.0 52.0 269.0 160.0 429.0
30948 吴逸慈 122.0 139.0 141.0 103.0 96.0 71.0 402.0 270.0 672.0
30949 徐仰男 99.0 75.0 109.0 76.0 64.0 67.0 283.0 207.0 490.0
30950 杨亦茜 114.0 98.0 112.0 55.0 74.0 67.0 324.0 196.0 520.0
30951 姚炜琳 103.0 61.0 85.0 41.0 40.0 65.0 249.0 146.0 395.0
30952 余烁 110.0 98.0 111.5 87.0 57.0 57.0 319.5 201.0 520.5
30953 袁一欣 107.0 88.0 121.0 46.0 51.0 58.0 316.0 155.0 471.0
30954 曾慧宾 119.0 78.0 111.0 49.0 50.0 50.0 308.0 149.0 457.0
30955 张涵 121.0 127.0 114.5 87.0 77.0 66.0 362.5 230.0 592.5
30956 张禾 103.0 90.0 106.5 64.0 58.0 70.0 299.5 192.0 491.5
30957 郑瑞锐 105.0 141.0 114.5 65.0 90.0 71.0 360.5 226.0 586.5
30958 郑闻铎 106.0 82.0 96.5 68.0 29.0 45.0 284.5 142.0 426.5
30959 郑勋 112.0 76.0 121.0 38.0 40.0 35.0 309.0 113.0 422.0
30960 郑哲 94.0 59.0 110.5 35.0 46.0 45.0 263.5 126.0 389.5
30961 朱海平 106.0 25.0 0 12.0 58.0 47.0 0 117.0 0
30962 庄瑞临 103.0 99.0 109.0 75.0 55.0 60.0 311.0 190.0 501.0
31001 蔡凡 101.0 76.0 116.5 82.0 52.0 55.0 293.5 189.0 482.5
31002 蔡若珂 91.0 104.0 108.5 65.0 71.0 61.0 303.5 197.0 500.5
31004 蔡周峰 108.0 103.0 114.0 64.0 51.0 48.0 325.0 163.0 488.0
31005 陈蓓蓓 89.0 89.0 94.5 49.0 43.0 61.0 272.5 153.0 425.5
31006 陈钧哲 109.0 119.0 109.5 83.0 77.0 67.0 337.5 227.0 564.5
31007 陈树煜 109.0 72.0 98.0 79.0 63.0 72.0 279.0 214.0 493.0
31008 陈泰霖 98.0 97.0 106.5 65.0 50.0 47.0 301.5 162.0 463.5
31009 陈童菲 111.0 118.0 112.5 86.0 77.0 70.0 341.5 233.0 574.5
31010 陈泽锋 107.0 87.0 104.5 59.0 84.0 60.0 298.5 203.0 501.5
31011 陈泽锐 89.0 104.0 90.5 54.0 55.0 63.0 283.5 172.0 455.5
31012 池逸和 110.0 91.0 119.0 76.0 70.0 63.0 320.0 209.0 529.0
31013 杜鑫 123.0 103.0 125.0 61.0 57.0 66.0 351.0 184.0 535.0
31014 范冬倪 112.0 75.0 109.0 62.0 50.0 74.0 296.0 186.0 482.0
31015 房瑜仪 105.0 124.0 108.5 78.0 66.0 63.0 337.5 207.0 544.5
31016 高帅博 100.0 113.0 0 74.0 84.0 64.0 0 222.0 0
31017 黄钿津 97.0 89.0 88.0 22.0 29.0 39.0 274.0 90.0 364.0
31018 黄兰馨 109.0 85.0 119.0 37.0 46.0 69.0 313.0 152.0 465.0
31019 黄立涵 109.0 104.0 113.5 78.0 52.0 59.0 326.5 189.0 515.5
31020 黄泽瀚 117.0 105.0 124.5 77.0 81.0 67.0 346.5 225.0 571.5
31021 纪南帆 97.0 76.0 88.5 71.0 51.0 49.0 261.5 171.0 432.5
31022 纪欣格 112.0 109.0 118.5 76.0 79.0 52.0 339.5 207.0 546.5
31023 金敏桦 128.0 83.0 127.0 79.0 69.0 64.0 338.0 212.0 550.0
31024 李嘉桦 103.0 77.0 113.0 64.0 50.0 45.0 293.0 159.0 452.0
31025 李芷佳 109.0 78.0 130.0 51.0 65.0 57.0 317.0 173.0 490.0
31026 林翠环 105.0 95.0 111.5 62.0 56.0 72.0 311.5 190.0 501.5
31027 林丹娜 113.0 88.0 117.5 78.0 73.0 80.0 318.5 231.0 549.5
31028 林婷婷 118.0 97.0 110.5 54.0 65.0 66.0 325.5 185.0 510.5
31029 林钰 110.0 86.0 133.5 77.0 56.0 44.0 329.5 177.0 506.5
31030 林展锋 105.0 81.0 122.0 58.0 51.0 57.0 308.0 166.0 474.0
31031 林子潼 108.0 78.0 125.0 70.0 86.0 62.0 311.0 218.0 529.0
31032 刘派佳 112.0 84.0 94.0 43.0 50.0 38.0 290.0 131.0 421.0
31033 陆天宇 98.0 98.0 104.5 50.0 56.0 64.0 300.5 170.0 470.5
31034 马殊 117.0 89.0 119.5 58.0 47.0 66.0 325.5 171.0 496.5
31035 邱驰 102.0 98.0 119.5 76.0 78.0 60.0 319.5 214.0 533.5
31036 邱煜群 105.0 95.0 108.5 70.0 68.0 58.0 308.5 196.0 504.5
31037 王昊东 103.0 104.0 109.0 80.0 80.0 67.0 316.0 227.0 543.0
31038 王新荣 118.0 128.0 126.0 74.0 89.0 70.0 372.0 233.0 605.0
31039 王岳 105.0 65.0 103.0 71.0 72.0 50.0 273.0 193.0 466.0
31040 王芸 105.0 76.0 103.0 43.0 50.0 59.0 284.0 152.0 436.0
31041 翁培锴 117.0 80.0 113.0 66.0 69.0 67.0 310.0 202.0 512.0
31042 吴铭洵 111.0 67.0 97.5 57.0 36.0 60.0 275.5 153.0 428.5
31043 吴楠 115.0 76.0 108.0 44.0 71.0 60.0 299.0 175.0 474.0
31044 吴新仪 111.0 70.0 112.5 55.0 62.0 62.0 293.5 179.0 472.5
31045 夏立嘉 105.0 77.0 119.5 97.0 64.0 59.0 301.5 220.0 521.5
31046 辛焜媛 108.0 92.0 122.5 75.0 68.0 67.0 322.5 210.0 532.5
31047 辛源锋 105.0 65.0 120.0 44.0 50.0 48.0 290.0 142.0 432.0
31048 许思琪 106.0 76.0 99.0 76.0 45.0 59.0 281.0 180.0 461.0
31049 羊雪琪 114.0 107.0 119.0 76.0 86.0 68.0 340.0 230.0 570.0
31050 杨基石 116.0 97.0 114.0 76.0 72.0 59.0 327.0 207.0 534.0
31051 杨璐羽 104.0 98.0 110.5 76.0 60.0 55.0 312.5 191.0 503.5
31052 曾炀铃 115.0 87.0 110.5 57.0 59.0 61.0 312.5 177.0 489.5
31053 曾钰辉 119.0 80.0 94.5 59.0 43.0 63.0 293.5 165.0 458.5
31054 张森烔 0 74.0 113.0 64.0 71.0 61.0 0 196.0 0
31055 赵博瑄 87.0 62.0 98.5 38.0 13.0 52.0 247.5 103.0 350.5
31056 郑乐镔 114.0 87.0 109.0 51.0 51.0 64.0 310.0 166.0 476.0
31057 郑若晗 109.0 95.0 118.5 63.0 54.0 56.0 322.5 173.0 495.5
31059 郑伟纯 122.0 122.0 121.0 97.0 91.0 72.0 365.0 260.0 625.0
31060 周宇程 99.0 101.0 110.5 63.0 61.0 61.0 310.5 185.0 495.5
31061 周之祺 122.0 66.0 119.0 58.0 55.0 50.0 307.0 163.0 470.0
31062 庄杰涛 113.0 96.0 126.0 75.0 71.0 62.0 335.0 208.0 543.0
31101 蔡滨 108.0 97.0 117.5 88.0 80.0 71.0 322.5 239.0 561.5
31102 曹耿槟 105.0 59.0 108.0 40.0 58.0 53.0 272.0 151.0 423.0
31103 陈浩钦 111.0 122.0 118.0 65.0 64.0 78.0 351.0 207.0 558.0
31104 陈洪昱 104.0 108.0 99.5 90.0 63.0 62.0 311.5 215.0 526.5
31105 陈令烨 113.0 74.0 123.0 48.0 63.0 64.0 310.0 175.0 485.0
31106 陈斯昂 110.0 130.0 128.5 110.0 99.0 79.0 368.5 288.0 656.5
31107 陈逸南 110.0 87.0 115.0 64.0 77.0 67.0 312.0 208.0 520.0
31108 陈逸天 109.0 88.0 115.0 73.0 83.0 58.0 312.0 214.0 526.0
31109 陈詠萩 120.0 108.0 123.5 64.0 76.0 69.0 351.5 209.0 560.5
31110 代桂敏 98.0 68.0 111.0 64.0 68.0 77.0 277.0 209.0 486.0
31111 方江鑫 105.0 114.0 104.0 98.0 72.0 71.0 323.0 241.0 564.0
31112 方武智 96.0 75.0 108.0 58.0 44.0 46.0 279.0 148.0 427.0
31113 高亦婷 101.0 66.0 117.5 39.0 46.0 58.0 284.5 143.0 427.5
31114 郭林凯 104.0 90.0 107.5 46.0 40.0 57.0 301.5 143.0 444.5
31115 黄航 118.0 122.0 116.0 76.0 82.0 69.0 356.0 227.0 583.0
31116 黄腾 105.0 55.0 109.0 36.0 56.0 56.0 269.0 148.0 417.0
31117 黄钰涵 106.0 62.0 101.0 35.0 48.0 58.0 269.0 141.0 410.0
31118 黄仲铖 94.0 57.0 92.5 69.0 67.0 57.0 243.5 193.0 436.5
31120 李琳纯 99.0 78.0 112.0 40.0 34.0 51.0 289.0 125.0 414.0
31122 李晓琳 111.0 101.0 114.5 56.0 60.0 65.0 326.5 181.0 507.5
31123 李旭纯 113.0 79.0 117.5 51.0 87.0 58.0 309.5 196.0 505.5
31124 林德明 109.0 114.0 101.0 90.0 72.0 63.0 324.0 225.0 549.0
31125 林介山 101.0 75.0 94.5 61.0 68.0 65.0 270.5 194.0 464.5
31126 林琳 103.0 79.0 105.0 34.0 44.0 44.0 287.0 122.0 409.0
31127 林南裕 107.0 99.0 116.0 67.0 75.0 63.0 322.0 205.0 527.0
31128 林烁 100.0 78.0 101.5 80.0 77.0 47.0 279.5 204.0 483.5
31129 林媛 103.0 85.0 98.5 54.0 71.0 56.0 286.5 181.0 467.5
31130 林泽豪 116.0 113.0 114.0 74.0 59.0 74.0 343.0 207.0 550.0
31131 林曾越 113.0 107.0 121.5 60.0 75.0 72.0 341.5 207.0 548.5
31132 卢楠 100.0 56.0 111.0 33.0 35.0 40.0 267.0 108.0 375.0
31133 罗世跃 99.0 89.0 95.0 42.0 50.0 56.0 283.0 148.0 431.0
31134 佘晓洁 116.0 53.0 115.5 45.0 31.0 52.0 284.5 128.0 412.5
31135 宋畅 112.0 92.0 109.5 60.0 45.0 59.0 313.5 164.0 477.5
31136 苏梓禄 88.0 51.0 80.5 23.0 45.0 55.0 219.5 123.0 342.5
31137 孙可欣 119.0 100.0 117.0 73.0 88.0 69.0 336.0 230.0 566.0
31138 王冬梅 110.0 64.0 112.5 47.0 74.0 71.0 286.5 192.0 478.5
31139 王睿琪 115.0 86.0 111.0 67.0 65.0 54.0 312.0 186.0 498.0
31140 王松波 112.0 103.0 112.5 87.0 61.0 73.0 327.5 221.0 548.5
31141 王宇涵 119.0 97.0 132.5 65.0 70.0 75.0 348.5 210.0 558.5
31142 翁锐鹏 98.0 58.0 84.5 54.0 44.0 45.0 240.5 143.0 383.5
31143 翁慎喆 105.0 82.0 116.5 65.0 51.0 59.0 303.5 175.0 478.5
31144 吴吉莉 105.0 68.0 129.0 60.0 63.0 69.0 302.0 192.0 494.0
31145 吴锦涛 100.0 35.0 75.0 45.0 27.0 44.0 210.0 116.0 326.0
31146 吴泽钟 118.0 78.0 109.0 72.0 68.0 61.0 305.0 201.0 506.0
31147 肖涵 109.0 73.0 105.5 77.0 47.0 61.0 287.5 185.0 472.5
31148 肖芷雅 109.0 83.0 117.5 60.0 58.0 60.0 309.5 178.0 487.5
31149 谢冬纯 121.0 110.0 120.0 90.0 78.0 77.0 351.0 245.0 596.0
31150 谢晴 112.0 91.0 117.5 70.0 56.0 67.0 320.5 193.0 513.5
31151 徐子东 112.0 108.0 115.5 97.0 80.0 75.0 335.5 252.0 587.5
31152 杨薇 115.0 117.0 108.0 61.0 72.0 53.0 340.0 186.0 526.0
31153 杨艺霞 106.0 102.0 120.5 61.0 74.0 59.0 328.5 194.0 522.5
31154 姚曙凯 111.0 56.0 104.0 71.0 58.0 60.0 271.0 189.0 460.0
31155 曾扬航 112.0 98.0 110.5 68.0 75.0 64.0 320.5 207.0 527.5
31156 张新阳 103.0 98.0 117.5 71.0 79.0 75.0 318.5 225.0 543.5
31157 郑长河 103.0 90.0 117.0 56.0 49.0 57.0 310.0 162.0 472.0
31158 郑力中 94.0 109.0 127.0 62.0 57.0 65.0 330.0 184.0 514.0
31159 郑润华 119.0 93.0 118.0 47.0 55.0 55.0 330.0 157.0 487.0
31160 郑逸锋 108.0 105.0 94.5 84.0 80.0 66.0 307.5 230.0 537.5
31161 周锦煜 105.0 59.0 98.5 55.0 49.0 49.0 262.5 153.0 415.5
31201 陈健颖 105.0 95.0 104.0 95.0 85.0 63.0 304.0 243.0 547.0
31202 陈楠弘 105.0 89.0 108.0 57.0 49.0 67.0 302.0 173.0 475.0
31204 陈舒颖 114.0 116.0 110.0 92.0 83.0 85.0 340.0 260.0 600.0
31205 陈晓婷 96.0 63.0 105.5 58.0 55.0 52.0 264.5 165.0 429.5
31206 陈雅昕 117.0 100.0 120.5 78.0 69.0 78.0 337.5 225.0 562.5
31207 陈逸泓 113.0 69.0 106.0 58.0 65.0 80.0 288.0 203.0 491.0
31208 陈裕渊 118.0 107.0 120.0 84.0 65.0 60.0 345.0 209.0 554.0
31209 程梓 114.0 58.0 112.0 57.0 36.0 51.0 284.0 144.0 428.0
31210 池霖锋 116.0 104.0 0 75.0 72.0 61.0 0 208.0 0
31211 高丹敏 121.0 91.0 114.0 73.0 66.0 70.0 326.0 209.0 535.0
31212 洪耿鑫 105.0 70.0 93.0 64.0 76.0 56.0 268.0 196.0 464.0
31213 洪泳琪 117.0 98.0 114.5 62.0 85.0 58.0 329.5 205.0 534.5
31214 黄骏涵 104.0 86.0 93.0 40.0 42.0 41.0 283.0 123.0 406.0
31215 黄丽楠 107.0 63.0 88.0 56.0 55.0 73.0 258.0 184.0 442.0
31216 黄绵煌 116.0 83.0 113.0 41.0 20.0 42.0 312.0 103.0 415.0
31217 黄曦宇 107.0 73.0 101.0 75.0 51.0 61.0 281.0 187.0 468.0
31218 李洁淳 104.0 86.0 111.5 46.0 21.0 78.0 301.5 145.0 446.5
31219 李晓波 111.0 65.0 87.0 52.0 63.0 60.0 263.0 175.0 438.0
31220 李育纯 110.0 99.0 103.5 59.0 45.0 65.0 312.5 169.0 481.5
31221 李云山 95.0 90.0 114.5 71.0 73.0 54.0 299.5 198.0 497.5
31222 林翰韬 103.0 75.0 125.5 64.0 46.0 51.0 303.5 161.0 464.5
31223 林靖 113.0 112.0 125.0 80.0 73.0 58.0 350.0 211.0 561.0
31224 林敏英 116.0 108.0 111.0 90.0 72.0 75.0 335.0 237.0 572.0
31225 林汪灏 99.0 53.0 109.5 35.0 55.0 51.0 261.5 141.0 402.5
31226 林晓仰 121.0 102.0 125.0 75.0 54.0 59.0 348.0 188.0 536.0
31227 刘陈婷 119.0 98.0 121.5 77.0 78.0 64.0 338.5 219.0 557.5
31228 刘淇文 107.0 67.0 105.5 58.0 44.0 52.0 279.5 154.0 433.5
31229 刘逸璋 107.0 86.0 116.0 59.0 52.0 75.0 309.0 186.0 495.0
31230 罗立扬 117.0 91.0 116.0 82.0 80.0 73.0 324.0 235.0 559.0
31231 马尚霖 116.0 52.0 101.0 45.0 47.0 38.0 269.0 130.0 399.0
31232 沈楠 114.0 69.0 109.5 82.0 62.0 61.0 292.5 205.0 497.5
31233 孙奇 111.0 128.0 129.0 99.0 94.0 78.0 368.0 271.0 639.0
31234 孙泽鑫 113.0 80.0 90.0 39.0 54.0 46.0 283.0 139.0 422.0
31235 王锴 115.0 106.0 114.0 69.0 82.0 58.0 335.0 209.0 544.0
31236 王婉仪 104.0 61.0 114.0 28.0 42.0 62.0 279.0 132.0 411.0
31237 王炜 94.0 105.0 112.0 97.0 86.0 64.0 311.0 247.0 558.0
31238 王志鹏 109.0 94.0 124.5 73.0 61.0 59.0 327.5 193.0 520.5
31239 王梓菁 113.0 96.0 111.0 57.0 75.0 58.0 320.0 190.0 510.0
31240 翁子腾 97.0 97.0 104.5 64.0 61.0 61.0 298.5 186.0 484.5
31241 吴宏振 107.0 44.0 109.5 54.0 40.0 51.0 260.5 145.0 405.5
31242 吴捷健 122.0 130.0 132.0 97.0 88.0 76.0 384.0 261.0 645.0
31243 吴晓杰 109.0 120.0 112.0 79.0 82.0 65.0 341.0 226.0 567.0
31244 肖扬秀 110.0 122.0 122.5 83.0 73.0 62.0 354.5 218.0 572.5
31245 谢艾津 108.0 86.0 104.0 49.0 59.0 60.0 298.0 168.0 466.0
31246 谢泽杰 123.0 111.0 118.0 71.0 50.0 66.0 352.0 187.0 539.0
31247 许涵英 103.0 103.0 115.5 58.0 62.0 69.0 321.5 189.0 510.5
31248 许佳森 108.0 86.0 70.5 61.0 60.0 58.0 264.5 179.0 443.5
31249 许桐辉 113.0 76.0 96.5 73.0 45.0 43.0 285.5 161.0 446.5
31250 杨时骅 109.0 55.0 94.5 35.0 21.0 46.0 258.5 102.0 360.5
31251 杨时颖 109.0 82.0 104.5 51.0 76.0 66.0 295.5 193.0 488.5
31252 余洢彤 109.0 81.0 102.5 43.0 41.0 54.0 292.5 138.0 430.5
31253 曾婵娟 114.0 103.0 127.5 94.0 88.0 77.0 344.5 259.0 603.5
31254 张漫卿 110.0 56.0 93.5 31.0 34.0 58.0 259.5 123.0 382.5
31255 张睿莹 114.0 91.0 118.5 58.0 70.0 63.0 323.5 191.0 514.5
31256 张艺涵 106.0 96.0 115.0 79.0 83.0 61.0 317.0 223.0 540.0
31257 郑思思 102.0 25.0 60.0 18.0 24.0 50.0 187.0 92.0 279.0
31258 郑希彦 108.0 72.0 103.0 50.0 65.0 57.0 283.0 172.0 455.0
31259 郑以豪 99.0 63.0 100.5 67.0 58.0 64.0 262.5 189.0 451.5
31260 周名弦 118.0 132.0 130.0 102.0 91.0 73.0 380.0 266.0 646.0
31261 朱源腾 103.0 91.0 100.5 75.0 73.0 61.0 294.5 209.0 503.5
31262 朱越 111.0 70.0 114.0 73.0 78.0 69.0 295.0 220.0 515.0
31301 蔡祎晖 112.0 120.0 94.5 52.0 71.0 59.0 326.5 182.0 508.5
31302 蔡永杰 105.0 72.0 95.5 44.0 48.0 49.0 272.5 141.0 413.5
31303 蔡泽莎 107.0 72.0 112.0 52.0 54.0 67.0 291.0 173.0 464.0
31304 蔡芝恬 116.0 84.0 113.5 39.0 69.0 66.0 313.5 174.0 487.5
31305 陈璐 104.0 81.0 120.5 69.0 71.0 60.0 305.5 200.0 505.5
31306 陈冉 113.0 100.0 120.0 80.0 82.0 65.0 333.0 227.0 560.0
31307 陈文博 113.0 116.0 114.5 99.0 91.0 71.0 343.5 261.0 604.5
31308 陈宇铭 109.0 110.0 112.5 76.0 85.0 74.0 331.5 235.0 566.5
31309 陈岳彬 109.0 101.0 115.5 47.0 73.0 51.0 325.5 171.0 496.5
31310 郭剑豪 98.0 97.0 116.5 67.0 62.0 53.0 311.5 182.0 493.5
31311 黄凯丽 103.0 88.0 111.5 39.0 54.0 48.0 302.5 141.0 443.5
31312 黄宇阳 127.0 129.0 122.5 87.0 81.0 76.0 378.5 244.0 622.5
31313 黄桢栩 109.0 88.0 118.0 72.0 47.0 69.0 315.0 188.0 503.0
31314 黄柱铭 105.0 92.0 98.5 73.0 53.0 68.0 295.5 194.0 489.5
31315 赖浩锋 100.0 129.0 106.5 82.0 80.0 62.0 335.5 224.0 559.5
31316 李斯涵 110.0 72.0 114.0 35.0 47.0 59.0 296.0 141.0 437.0
31317 林耿烨 104.0 99.0 107.0 57.0 64.0 70.0 310.0 191.0 501.0
31318 林炜钿 105.0 72.0 93.5 45.0 45.0 64.0 270.5 154.0 424.5
31319 林业渺 95.0 72.0 99.5 63.0 39.0 60.0 266.5 162.0 428.5
31320 林子棉 113.0 98.0 108.5 101.0 67.0 69.0 319.5 237.0 556.5
31321 刘佳彤 108.0 93.0 98.5 58.0 65.0 65.0 299.5 188.0 487.5
31322 刘珊 111.0 95.0 120.5 66.0 56.0 75.0 326.5 197.0 523.5
31323 陆齐 101.0 117.0 120.5 43.0 67.0 47.0 338.5 157.0 495.5
31324 马丹泓 99.0 75.0 77.5 80.0 54.0 61.0 251.5 195.0 446.5
31325 马伟根 107.0 111.0 117.0 98.0 85.0 65.0 335.0 248.0 583.0
31326 欧斐斐 124.0 101.0 128.0 68.0 69.0 69.0 353.0 206.0 559.0
31327 宋伊钿 107.0 77.0 111.0 62.0 50.0 74.0 295.0 186.0 481.0
31328 苏昉 106.0 63.0 113.5 81.0 63.0 51.0 282.5 195.0 477.5
31329 孙佳笙 103.0 103.0 115.0 62.0 69.0 61.0 321.0 192.0 513.0
31330 孙隽源 103.0 129.0 114.0 86.0 57.0 61.0 346.0 204.0 550.0
31331 吴国炀 114.0 83.0 105.0 71.0 50.0 61.0 302.0 182.0 484.0
31332 吴铭泓 111.0 124.0 111.5 86.0 88.0 76.0 346.5 250.0 596.5
31333 吴任诚 108.0 53.0 91.5 36.0 43.0 54.0 252.5 133.0 385.5
31334 吴之林 108.0 100.0 103.5 52.0 71.0 66.0 311.5 189.0 500.5
31335 肖林昕 106.0 32.0 108.5 26.0 48.0 36.0 246.5 110.0 356.5
31336 谢键焕 114.0 131.0 113.5 84.0 83.0 69.0 358.5 236.0 594.5
31337 谢向川 0 0 0 36.0 12.0 53.0 0 101.0 0
31338 徐略 110.0 43.0 102.5 27.0 44.0 52.0 255.5 123.0 378.5
31339 徐紫丹 95.0 96.0 101.5 58.0 42.0 68.0 292.5 168.0 460.5
31340 许锦涛 109.0 82.0 109.5 65.0 78.0 71.0 300.5 214.0 514.5
31341 许稚芝 109.0 106.0 119.0 56.0 47.0 61.0 334.0 164.0 498.0
31342 许宗蕾 91.0 80.0 92.5 47.0 45.0 66.0 263.5 158.0 421.5
31343 颜舒洁 112.0 62.0 109.0 40.0 37.0 50.0 283.0 127.0 410.0
31344 羊恩跃 105.0 96.0 0 67.0 51.0 69.0 0 187.0 0
31345 杨璐洁 115.0 104.0 126.5 56.0 64.0 60.0 345.5 180.0 525.5
31346 杨宓 114.0 87.0 118.0 27.0 51.0 57.0 319.0 135.0 454.0
31347 杨晓虹 116.0 81.0 104.5 45.0 65.0 67.0 301.5 177.0 478.5
31348 姚佳宜 116.0 86.0 117.5 59.0 61.0 62.0 319.5 182.0 501.5
31349 姚星宇 101.0 95.0 100.0 47.0 40.0 67.0 296.0 154.0 450.0
31350 姚映苗 126.0 88.0 124.5 62.0 79.0 58.0 338.5 199.0 537.5
31351 余嘉梓 116.0 81.0 93.5 55.0 60.0 55.0 290.5 170.0 460.5
31352 曾博宇 115.0 94.0 133.5 75.0 72.0 68.0 342.5 215.0 557.5
31354 曾坚锐 113.0 79.0 111.5 73.0 57.0 57.0 303.5 187.0 490.5
31355 曾妍 105.0 103.0 92.0 53.0 61.0 56.0 300.0 170.0 470.0
31356 詹海鹏 124.0 121.0 97.5 72.0 76.0 60.0 342.5 208.0 550.5
31357 詹絮素 109.0 69.0 95.0 41.0 46.0 50.0 273.0 137.0 410.0
31358 张泽恩 83.0 65.0 98.5 43.0 41.0 52.0 246.5 136.0 382.5
31359 章智秋 101.0 116.0 105.0 77.0 89.0 58.0 322.0 224.0 546.0
31360 郑少锐 100.0 73.0 81.5 56.0 62.0 64.0 254.5 182.0 436.5
31361 郑泽明 109.0 95.0 106.5 73.0 62.0 67.0 310.5 202.0 512.5
31362 庄鸿鑫 120.0 105.0 123.0 78.0 82.0 68.0 348.0 228.0 576.0
31401 陈岱芃 128.0 106.0 133.0 67.0 74.0 63.0 367.0 204.0 571.0
31402 陈端华 104.0 74.0 114.5 51.0 63.0 63.0 292.5 177.0 469.5
31403 陈挥遒 90.0 61.0 99.5 63.0 38.0 44.0 250.5 145.0 395.5
31404 陈建诚 97.0 89.0 127.5 67.0 62.0 71.0 313.5 200.0 513.5
31405 陈沛峰 106.0 65.0 82.5 41.0 31.0 47.0 253.5 119.0 372.5
31406 陈芃 107.0 95.0 116.5 62.0 43.0 64.0 318.5 169.0 487.5
31407 陈铄霓 100.0 87.0 105.0 45.0 43.0 54.0 292.0 142.0 434.0
31408 陈奕希 107.0 82.0 119.0 45.0 45.0 61.0 308.0 151.0 459.0
31409 陈泽伟 103.0 103.0 98.0 51.0 71.0 63.0 304.0 185.0 489.0
31410 陈喆慧 113.0 78.0 102.5 49.0 74.0 71.0 293.5 194.0 487.5
31411 陈至渲 122.0 114.0 124.5 84.0 60.0 76.0 360.5 220.0 580.5
31412 陈佐治 119.0 134.0 127.5 97.0 86.0 74.0 380.5 257.0 637.5
31413 邓昱聪 113.0 92.0 107.5 61.0 52.0 66.0 312.5 179.0 491.5
31414 邓泽淳 104.0 83.0 94.0 58.0 53.0 48.0 281.0 159.0 440.0
31415 冯嘉俊 117.0 72.0 101.0 73.0 71.0 79.0 290.0 223.0 513.0
31416 龚泽颖 105.0 94.0 116.0 71.0 85.0 54.0 315.0 210.0 525.0
31417 郭冰桦 109.0 92.0 119.0 97.0 65.0 75.0 320.0 237.0 557.0
31418 黄恩童 107.0 90.0 118.5 78.0 67.0 65.0 315.5 210.0 525.5
31419 黄桂凤 111.0 84.0 100.0 58.0 38.0 59.0 295.0 155.0 450.0
31420 江锦虹 112.0 109.0 126.5 78.0 84.0 76.0 347.5 238.0 585.5
31421 李佳晟 118.0 118.0 133.0 67.0 53.0 65.0 369.0 185.0 554.0
31422 李楠 117.0 126.0 117.5 66.0 84.0 66.0 360.5 216.0 576.5
31423 李舒婷 115.0 121.0 116.5 66.0 71.0 64.0 352.5 201.0 553.5
31424 李易熹 120.0 82.0 114.5 57.0 77.0 71.0 316.5 205.0 521.5
31425 林泓 105.0 119.0 110.0 46.0 71.0 51.0 334.0 168.0 502.0
31426 林可依 116.0 100.0 103.5 51.0 63.0 45.0 319.5 159.0 478.5
31427 林珮汝 101.0 91.0 106.5 52.0 32.0 60.0 298.5 144.0 442.5
31429 刘硕霓 120.0 111.0 120.0 72.0 85.0 60.0 351.0 217.0 568.0
31430 刘易恺 107.0 133.0 120.0 97.0 79.0 60.0 360.0 236.0 596.0
31431 卢琳绵 131.0 104.0 109.5 44.0 79.0 61.0 344.5 184.0 528.5
31432 吕远东 100.0 95.0 110.5 74.0 65.0 70.0 305.5 209.0 514.5
31433 马旭民 107.0 104.0 106.5 86.0 62.0 63.0 317.5 211.0 528.5
31434 麦泽涵 127.0 119.0 118.5 72.0 74.0 81.0 364.5 227.0 591.5
31435 邱鸿鑫 111.0 95.0 115.5 63.0 66.0 62.0 321.5 191.0 512.5
31436 邱诗钿 104.0 70.0 102.0 58.0 50.0 44.0 276.0 152.0 428.0
31437 邱梓妍 105.0 103.0 111.0 81.0 64.0 49.0 319.0 194.0 513.0
31439 王毓佳 118.0 76.0 97.5 56.0 50.0 65.0 291.5 171.0 462.5
31440 吴昊 96.0 49.0 110.5 23.0 40.0 59.0 255.5 122.0 377.5
31441 吴浩瀚 111.0 97.0 104.5 75.0 69.0 63.0 312.5 207.0 519.5
31442 吴彤君 107.0 95.0 115.5 54.0 52.0 42.0 317.5 148.0 465.5
31443 肖培亮 114.0 119.0 111.5 82.0 70.0 69.0 344.5 221.0 565.5
31444 谢碧瑶 106.0 98.0 110.5 65.0 61.0 68.0 314.5 194.0 508.5
31445 辛杨淳 120.0 91.0 116.5 66.0 55.0 66.0 327.5 187.0 514.5
31446 徐国玮 107.0 89.0 109.5 61.0 68.0 64.0 305.5 193.0 498.5
31447 徐铤 110.0 129.0 122.5 73.0 86.0 67.0 361.5 226.0 587.5
31448 许凯涵 104.0 83.0 116.0 54.0 66.0 65.0 303.0 185.0 488.0
31449 许正纲 104.0 63.0 81.0 54.0 55.0 46.0 248.0 155.0 403.0
31450 杨琳 108.0 67.0 99.0 49.0 65.0 59.0 274.0 173.0 447.0
31452 姚广濠 120.0 121.0 121.5 77.0 72.0 70.0 362.5 219.0 581.5
31453 叶济东 111.0 79.0 117.5 60.0 65.0 53.0 307.5 178.0 485.5
31454 叶洋 100.0 86.0 92.5 81.0 69.0 62.0 278.5 212.0 490.5
31455 余旭玮 113.0 65.0 113.5 36.0 51.0 63.0 291.5 150.0 441.5
31456 曾思沛 103.0 90.0 87.5 89.0 73.0 59.0 280.5 221.0 501.5
31457 张睿博 104.0 81.0 116.0 87.0 55.0 56.0 301.0 198.0 499.0
31458 章炫锐 118.0 95.0 112.5 88.0 66.0 50.0 325.5 204.0 529.5
31459 章梓烨 112.0 96.0 115.5 50.0 39.0 66.0 323.5 155.0 478.5
31460 郑康 120.0 99.0 106.5 60.0 55.0 48.0 325.5 163.0 488.5
31461 郑宇婷 94.0 75.0 118.0 57.0 51.0 69.0 287.0 177.0 464.0
31462 庄泽达 99.0 35.0 81.5 21.0 28.0 22.0 215.5 71.0 286.5
31501 蔡嘉煜 115.0 85.0 96.0 77.0 53.0 58.0 296.0 188.0 484.0
31502 陈力 101.0 83.0 110.0 50.0 80.0 57.0 294.0 187.0 481.0
31503 陈梦琪 114.0 122.0 120.5 89.0 78.0 66.0 356.5 233.0 589.5
31504 陈培铭 110.0 102.0 95.5 84.0 58.0 71.0 307.5 213.0 520.5
31505 陈佩恋 109.0 112.0 102.5 61.0 66.0 59.0 323.5 186.0 509.5
31506 陈斯哲 96.0 107.0 104.5 83.0 56.0 57.0 307.5 196.0 503.5
31507 陈文浩 107.0 99.0 111.5 92.0 76.0 74.0 317.5 242.0 559.5
31508 陈漪皓 96.0 85.0 119.0 39.0 32.0 46.0 300.0 117.0 417.0
31509 陈溢煌 95.0 100.0 92.0 92.0 72.0 54.0 287.0 218.0 505.0
31510 陈梓轩 109.0 91.0 81.0 53.0 61.0 55.0 281.0 169.0 450.0
31511 程晓婷 126.0 117.0 128.0 48.0 77.0 70.0 371.0 195.0 566.0
31512 杜浜弘 104.0 79.0 104.0 27.0 59.0 54.0 287.0 140.0 427.0
31513 杜佳锴 104.0 108.0 111.0 86.0 70.0 53.0 323.0 209.0 532.0
31514 方宇驰 106.0 103.0 85.0 77.0 74.0 58.0 294.0 209.0 503.0
31515 高越 108.0 97.0 112.5 74.0 59.0 66.0 317.5 199.0 516.5
31516 洪戈 108.0 109.0 111.0 85.0 63.0 73.0 328.0 221.0 549.0
31517 黄向鸿 114.0 115.0 118.0 67.0 83.0 68.0 347.0 218.0 565.0
31518 黄泽山 80.0 43.0 81.0 79.0 39.0 37.0 204.0 155.0 359.0
31519 黄梓彤 112.0 99.0 112.0 70.0 58.0 57.0 323.0 185.0 508.0
31520 柯金宏 107.0 96.0 114.0 56.0 80.0 50.0 317.0 186.0 503.0
31521 赖炜豪 113.0 95.0 102.0 76.0 70.0 63.0 310.0 209.0 519.0
31522 李涵 107.0 95.0 115.0 94.0 60.0 60.0 317.0 214.0 531.0
31523 李沐峻 97.0 75.0 92.5 66.0 60.0 56.0 264.5 182.0 446.5
31524 李润熹 106.0 98.0 105.5 83.0 78.0 64.0 309.5 225.0 534.5
31525 李舒婷 106.0 104.0 116.5 75.0 57.0 60.0 326.5 192.0 518.5
31526 李梓煌 109.0 81.0 107.5 83.0 69.0 70.0 297.5 222.0 519.5
31527 林钗 115.0 87.0 97.0 68.0 65.0 66.0 299.0 199.0 498.0
31528 林若欣 116.0 92.0 125.0 84.0 73.0 79.0 333.0 236.0 569.0
31529 林爽 106.0 87.0 126.5 46.0 52.0 54.0 319.5 152.0 471.5
31530 刘粉婷 118.0 117.0 122.0 90.0 75.0 78.0 357.0 243.0 600.0
31531 刘烨桦 102.0 59.0 116.0 29.0 41.0 52.0 277.0 122.0 399.0
31532 彭瀚锟 109.0 88.0 113.5 58.0 77.0 73.0 310.5 208.0 518.5
31533 邱霜晓 102.0 95.0 103.5 39.0 50.0 70.0 300.5 159.0 459.5
31534 沈晓琦 105.0 111.0 118.5 64.0 81.0 62.0 334.5 207.0 541.5
31535 王曙丹 111.0 71.0 103.0 38.0 65.0 66.0 285.0 169.0 454.0
31536 王泽翔 94.0 100.0 104.0 68.0 70.0 51.0 298.0 189.0 487.0
31537 翁梓洪 94.0 61.0 89.5 36.0 41.0 43.0 244.5 120.0 364.5
31538 吴林瀚 107.0 115.0 96.5 72.0 56.0 67.0 318.5 195.0 513.5
31539 夏梓斌 110.0 46.0 90.0 34.0 38.0 33.0 246.0 105.0 351.0
31540 谢梦霞 97.0 80.0 112.5 44.0 60.0 65.0 289.5 169.0 458.5
31541 谢泳凯 112.0 134.0 129.0 103.0 88.0 84.0 375.0 275.0 650.0
31542 谢植煌 102.0 93.0 92.5 63.0 56.0 60.0 287.5 179.0 466.5
31543 徐国瑞 98.0 105.0 105.0 75.0 73.0 66.0 308.0 214.0 522.0
31544 许欢 117.0 100.0 105.0 92.0 45.0 62.0 322.0 199.0 521.0
31545 许越 101.0 91.0 116.5 49.0 55.0 67.0 308.5 171.0 479.5
31546 杨小嬉 116.0 100.0 120.5 81.0 63.0 67.0 336.5 211.0 547.5
31547 杨铮楷 113.0 108.0 112.0 76.0 68.0 63.0 333.0 207.0 540.0
31549 袁若瑶 114.0 91.0 101.5 61.0 53.0 67.0 306.5 181.0 487.5
31550 曾少擎 110.0 50.0 107.0 64.0 47.0 68.0 267.0 179.0 446.0
31551 曾欣哲 108.0 93.0 108.0 78.0 62.0 59.0 309.0 199.0 508.0
31552 张志鹏 110.0 115.0 99.5 95.0 86.0 68.0 324.5 249.0 573.5
31553 赵晓冰 106.0 63.0 95.0 49.0 41.0 54.0 264.0 144.0 408.0
31554 郑帆 111.0 99.0 117.5 89.0 76.0 64.0 327.5 229.0 556.5
31555 郑杰 109.0 141.0 119.0 105.0 94.0 80.0 369.0 279.0 648.0
31556 郑婕 114.0 105.0 106.0 91.0 60.0 58.0 325.0 209.0 534.0
31557 郑钧璟 108.0 92.0 119.0 67.0 79.0 62.0 319.0 208.0 527.0
31558 郑丽璇 103.0 98.0 128.5 54.0 59.0 64.0 329.5 177.0 506.5
31559 郑婷芝 108.0 74.0 100.5 74.0 53.0 63.0 282.5 190.0 472.5
31560 郑鑫海 108.0 69.0 111.0 59.0 72.0 63.0 288.0 194.0 482.0
31561 周健驰 99.0 88.0 108.5 70.0 66.0 53.0 295.5 189.0 484.5
31562 邹丹纯 118.0 85.0 122.0 57.0 45.0 61.0 325.0 163.0 488.0
31601 蔡慈瀚 110.0 125.0 115.0 84.0 69.0 56.0 350.0 209.0 559.0
31602 蔡君悦 102.0 83.0 106.5 80.0 49.0 67.0 291.5 196.0 487.5
31603 陈东晗 107.0 93.0 123.5 45.0 73.0 65.0 323.5 183.0 506.5
31604 陈佳伶 117.0 64.0 108.5 66.0 51.0 60.0 289.5 177.0 466.5
31605 陈佳盈 108.0 109.0 108.5 64.0 74.0 50.0 325.5 188.0 513.5
31606 陈力 102.0 98.0 118.0 88.0 51.0 60.0 318.0 199.0 517.0
31607 陈敏儿 96.0 103.0 114.0 87.0 65.0 73.0 313.0 225.0 538.0
31608 陈派捷 97.0 98.0 103.5 87.0 68.0 55.0 298.5 210.0 508.5
31609 陈日 118.0 60.0 99.5 53.0 61.0 61.0 277.5 175.0 452.5
31610 陈逸镕 112.0 85.0 106.0 53.0 70.0 53.0 303.0 176.0 479.0
31611 陈莹 105.0 77.0 112.0 70.0 56.0 53.0 294.0 179.0 473.0
31612 陈滢 107.0 81.0 108.5 86.0 67.0 64.0 296.5 217.0 513.5
31613 陈梓鑫 98.0 40.0 106.5 43.0 65.0 74.0 244.5 182.0 426.5
31614 方浩锴 105.0 0 124.0 69.0 57.0 77.0 0 203.0 0
31615 黄谷 94.0 75.0 107.5 72.0 64.0 59.0 276.5 195.0 471.5
31616 黄浩扬 105.0 113.0 126.0 82.0 81.0 61.0 344.0 224.0 568.0
31617 黄锐敏 116.0 92.0 118.5 72.0 71.0 72.0 326.5 215.0 541.5
31618 黄少邑 102.0 75.0 108.0 60.0 37.0 44.0 285.0 141.0 426.0
31619 黄舒乐 106.0 54.0 107.0 28.0 31.0 58.0 267.0 117.0 384.0
31620 江佳仪 118.0 90.0 119.0 88.0 67.0 63.0 327.0 218.0 545.0
31621 李嘉鑫 109.0 82.0 97.0 66.0 48.0 56.0 288.0 170.0 458.0
31622 李琳丹 110.0 88.0 110.5 50.0 39.0 56.0 308.5 145.0 453.5
31623 李暄婷 108.0 85.0 110.5 44.0 58.0 60.0 303.5 162.0 465.5
31624 李奕 102.0 61.0 100.0 38.0 42.0 48.0 263.0 128.0 391.0
31625 廖骊涵 107.0 104.0 115.0 60.0 49.0 52.0 326.0 161.0 487.0
31626 廖澍镔 112.0 95.0 111.0 95.0 81.0 81.0 318.0 257.0 575.0
31627 林灿荣 89.0 94.0 118.0 55.0 55.0 45.0 301.0 155.0 456.0
31628 林冠之 105.0 84.0 101.0 82.0 62.0 61.0 290.0 205.0 495.0
31629 林楠 108.0 102.0 93.5 85.0 59.0 66.0 303.5 210.0 513.5
31630 林树红 121.0 97.0 115.0 41.0 53.0 59.0 333.0 153.0 486.0
31631 林仪 106.0 54.0 122.5 47.0 42.0 63.0 282.5 152.0 434.5
31632 林意 114.0 84.0 95.5 62.0 51.0 59.0 293.5 172.0 465.5
31633 刘思煌 110.0 85.0 110.5 100.0 94.0 70.0 305.5 264.0 569.5
31634 刘奕 104.0 91.0 103.0 70.0 51.0 46.0 298.0 167.0 465.0
31635 刘泽 114.0 68.0 71.0 59.0 32.0 54.0 253.0 145.0 398.0
31636 柳婷 114.0 109.0 122.0 84.0 89.0 61.0 345.0 234.0 579.0
31637 卢开书 99.0 87.0 117.5 75.0 58.0 59.0 303.5 192.0 495.5
31638 马润青 114.0 96.0 127.0 58.0 65.0 60.0 337.0 183.0 520.0
31639 彭灏 106.0 87.0 112.5 70.0 69.0 47.0 305.5 186.0 491.5
31640 孙熹珣 110.0 98.0 117.5 44.0 44.0 37.0 325.5 125.0 450.5
31641 孙烨 113.0 79.0 120.5 51.0 45.0 57.0 312.5 153.0 465.5
31642 王海槟 98.0 86.0 96.0 72.0 53.0 49.0 280.0 174.0 454.0
31643 王晓钟 120.0 118.0 117.5 89.0 68.0 69.0 355.5 226.0 581.5
31644 王雨青 103.0 68.0 103.0 79.0 54.0 68.0 274.0 201.0 475.0
31645 吴毅聪 109.0 93.0 101.0 54.0 42.0 44.0 303.0 140.0 443.0
31646 吴梓帆 105.0 123.0 129.0 73.0 63.0 76.0 357.0 212.0 569.0
31647 谢尘沐 104.0 63.0 112.0 74.0 76.0 69.0 279.0 219.0 498.0
31648 谢锦珮 110.0 73.0 116.5 31.0 60.0 45.0 299.5 136.0 435.5
31649 谢小雪 119.0 98.0 125.0 84.0 70.0 75.0 342.0 229.0 571.0
31651 杨涵 107.0 80.0 104.0 46.0 73.0 56.0 291.0 175.0 466.0
31652 姚采妮 103.0 78.0 99.5 45.0 43.0 47.0 280.5 135.0 415.5
31653 余泽泰 115.0 86.0 106.0 83.0 80.0 69.0 307.0 232.0 539.0
31654 张泽琳 112.0 135.0 126.0 85.0 76.0 62.0 373.0 223.0 596.0
31655 张泽宇 114.0 128.0 126.0 85.0 65.0 67.0 368.0 217.0 585.0
31656 章婉仪 114.0 101.0 127.0 45.0 64.0 61.0 342.0 170.0 512.0
31657 赵先铎 104.0 93.0 117.5 94.0 72.0 74.0 314.5 240.0 554.5
31658 郑涵禧 94.0 83.0 110.0 61.0 52.0 43.0 287.0 156.0 443.0
31659 郑林楷 102.0 121.0 105.0 64.0 65.0 63.0 328.0 192.0 520.0
31660 郑镇灏 114.0 78.0 97.0 52.0 55.0 66.0 289.0 173.0 462.0
31661 郑重 88.0 96.0 81.0 55.0 65.0 55.0 265.0 175.0 440.0
31662 朱俊宇 117.0 59.0 72.0 43.0 45.0 46.0 248.0 134.0 382.0
31663 庄声锐 103.0 46.0 98.0 47.0 33.0 56.0 247.0 136.0 383.0
31701 蔡金沛 104.0 73.0 0 35.0 61.0 54.0 0 150.0 0
31702 蔡俊峰 120.0 109.0 109.5 66.0 77.0 73.0 338.5 216.0 554.5
31703 曹宇韬 100.0 75.0 94.0 59.0 58.0 64.0 269.0 181.0 450.0
31704 陈大立 98.0 84.0 107.5 76.0 82.0 64.0 289.5 222.0 511.5
31705 陈浩杰 106.0 79.0 103.0 76.0 71.0 47.0 288.0 194.0 482.0
31706 陈沛润 118.0 91.0 99.0 83.0 77.0 69.0 308.0 229.0 537.0
31707 陈锐 114.0 128.0 112.5 100.0 79.0 78.0 354.5 257.0 611.5
31708 陈烁 89.0 75.0 101.0 72.0 64.0 68.0 265.0 204.0 469.0
31709 陈学诚 108.0 108.0 113.0 78.0 78.0 53.0 329.0 209.0 538.0
31710 陈韫颖 93.0 60.0 109.5 65.0 57.0 68.0 262.5 190.0 452.5
31711 陈泽鑫 94.0 60.0 105.5 30.0 17.0 49.0 259.5 96.0 355.5
31712 陈中一 113.0 99.0 101.0 83.0 84.0 63.0 313.0 230.0 543.0
31713 何伊慧 106.0 104.0 113.5 75.0 33.0 72.0 323.5 180.0 503.5
31714 侯思涵 126.0 72.0 121.5 56.0 37.0 68.0 319.5 161.0 480.5
31715 黄彬霆 120.0 61.0 0 85.0 55.0 65.0 0 205.0 0
31716 黄丹 86.0 7.0 81.0 17.0 15.0 6.0 174.0 38.0 212.0
31717 黄光炳 98.0 68.0 85.0 37.0 34.0 32.0 251.0 103.0 354.0
31718 黄慧敏 115.0 98.0 118.5 85.0 68.0 74.0 331.5 227.0 558.5
31719 黄思翰 104.0 104.0 118.5 77.0 89.0 61.0 326.5 227.0 553.5
31720 黄伟纯 117.0 104.0 113.0 71.0 50.0 55.0 334.0 176.0 510.0
31721 黄莹 103.0 94.0 110.5 52.0 66.0 62.0 307.5 180.0 487.5
31722 黄梓芸 96.0 67.0 100.0 26.0 25.0 41.0 263.0 92.0 355.0
31723 江相渝 91.0 84.0 97.5 50.0 45.0 63.0 272.5 158.0 430.5
31724 李洁瀚 112.0 110.0 111.5 69.0 67.0 63.0 333.5 199.0 532.5
31725 林仰 110.0 97.0 122.0 68.0 61.0 63.0 329.0 192.0 521.0
31726 林雍权 112.0 97.0 107.0 71.0 62.0 70.0 316.0 203.0 519.0
31727 刘嘉鑫 99.0 63.0 0 68.0 49.0 60.0 0 177.0 0
31728 卢荣泰 111.0 138.0 112.0 84.0 78.0 66.0 361.0 228.0 589.0
31729 卢仪蕊 110.0 64.0 107.0 38.0 44.0 52.0 281.0 134.0 415.0
31730 马学盈 113.0 95.0 119.5 34.0 42.0 53.0 327.5 129.0 456.5
31731 马直先 116.0 95.0 115.0 92.0 70.0 67.0 326.0 229.0 555.0
31732 麦博 120.0 104.0 126.5 93.0 88.0 69.0 350.5 250.0 600.5
31733 欧阳生 111.0 122.0 106.0 92.0 88.0 62.0 339.0 242.0 581.0
31734 彭琪 105.0 100.0 79.5 33.0 51.0 46.0 284.5 130.0 414.5
31735 佘晓环 99.0 83.0 102.0 55.0 80.0 61.0 284.0 196.0 480.0
31736 王基鸿 130.0 124.0 117.5 81.0 87.0 65.0 371.5 233.0 604.5
31737 王俊澎 101.0 110.0 110.5 102.0 75.0 62.0 321.5 239.0 560.5
31738 王烔毅 104.0 62.0 106.5 81.0 62.0 63.0 272.5 206.0 478.5
31739 王钰 107.0 82.0 109.0 59.0 58.0 49.0 298.0 166.0 464.0
31740 王真子 110.0 84.0 104.0 59.0 66.0 56.0 298.0 181.0 479.0
31741 吴俊翰 107.0 85.0 95.0 86.0 72.0 63.0 287.0 221.0 508.0
31742 吴彤沛 108.0 47.0 108.5 21.0 58.0 57.0 263.5 136.0 399.5
31743 吴伟霞 105.0 95.0 118.5 61.0 68.0 67.0 318.5 196.0 514.5
31744 谢锶琦 110.0 100.0 115.0 68.0 64.0 54.0 325.0 186.0 511.0
31745 许锶妍 113.0 56.0 111.5 58.0 38.0 56.0 280.5 152.0 432.5
31746 许奕烁 105.0 77.0 83.5 23.0 29.0 41.0 265.5 93.0 358.5
31747 许哲浩 106.0 100.0 123.0 77.0 59.0 71.0 329.0 207.0 536.0
31748 杨铠翔 106.0 78.0 92.5 73.0 47.0 57.0 276.5 177.0 453.5
31749 杨腾 107.0 50.0 94.0 46.0 49.0 61.0 251.0 156.0 407.0
31750 姚佳妮 118.0 69.0 109.0 69.0 80.0 67.0 296.0 216.0 512.0
31751 张纯 100.0 88.0 105.0 70.0 46.0 58.0 293.0 174.0 467.0
31752 张锐翰 97.0 58.0 95.0 49.0 32.0 53.0 250.0 134.0 384.0
31754 张奕 98.0 75.0 107.5 37.0 28.0 50.0 280.5 115.0 395.5
31755 张翼 100.0 73.0 116.0 86.0 82.0 67.0 289.0 235.0 524.0
31756 章家竣 110.0 103.0 129.0 87.0 93.0 69.0 342.0 249.0 591.0
31757 郑慈香 111.0 105.0 117.5 75.0 53.0 66.0 333.5 194.0 527.5
31758 郑曼燕 116.0 84.0 111.0 45.0 58.0 56.0 311.0 159.0 470.0
31759 郑铭 108.0 80.0 104.0 39.0 66.0 46.0 292.0 151.0 443.0
31761 周锴捷 112.0 55.0 109.0 48.0 80.0 62.0 276.0 190.0 466.0
31762 庄本熙 83.0 108.0 91.5 74.0 57.0 54.0 282.5 185.0 467.5
31763 黄钰莹 103.0 79.0 113.5 48.0 61.0 69.0 295.5 178.0 473.5
31764 王宏 121.0 96.0 121.0 67.0 52.0 72.0 338.0 191.0 529.0
31801 陈鸿飞 106.0 78.0 93.5 57.0 66.0 60.0 277.5 183.0 460.5
31802 陈家思 107.0 83.0 102.5 101.0 74.0 65.0 292.5 240.0 532.5
31803 陈立芃 90.0 86.0 117.0 88.0 79.0 59.0 293.0 226.0 519.0
31804 陈齐骏 79.0 50.0 0 27.0 12.0 14.0 0 53.0 0
31805 陈润铎 116.0 72.0 101.0 39.0 45.0 51.0 289.0 135.0 424.0
31806 陈润楷 102.0 81.0 107.0 70.0 74.0 68.0 290.0 212.0 502.0
31807 陈鑫冰 114.0 98.0 102.0 85.0 52.0 66.0 314.0 203.0 517.0
31808 陈永佳 111.0 121.0 113.0 84.0 70.0 66.0 345.0 220.0 565.0
31809 陈元嘉 101.0 86.0 107.0 85.0 71.0 52.0 294.0 208.0 502.0
31810 冯钰冰 101.0 61.0 113.5 45.0 38.0 53.0 275.5 136.0 411.5
31811 何畅 103.0 44.0 99.5 15.0 25.0 51.0 246.5 91.0 337.5
31812 黄怀瑶 103.0 96.0 113.5 21.0 38.0 63.0 312.5 122.0 434.5
31813 黄凯鹏 104.0 47.0 91.0 15.0 35.0 61.0 242.0 111.0 353.0
31814 黄昕仪 115.0 145.0 125.0 106.0 84.0 64.0 385.0 254.0 639.0
31815 黄泽宇 111.0 65.0 98.5 46.0 75.0 58.0 274.5 179.0 453.5
31816 康思妹 123.0 94.0 104.5 41.0 65.0 49.0 321.5 155.0 476.5
31817 孔雪欣 108.0 99.0 108.0 55.0 58.0 55.0 315.0 168.0 483.0
31818 赖淑凌 116.0 67.0 100.5 51.0 66.0 58.0 283.5 175.0 458.5
31819 李俊 109.0 69.0 113.0 47.0 50.0 53.0 291.0 150.0 441.0
31820 李楠 120.0 76.0 113.5 47.0 73.0 76.0 309.5 196.0 505.5
31821 李蔚东 111.0 120.0 119.5 92.0 89.0 70.0 350.5 251.0 601.5
31822 李昕 96.0 93.0 103.0 94.0 83.0 59.0 292.0 236.0 528.0
31823 连泓杰 98.0 92.0 105.5 41.0 57.0 52.0 295.5 150.0 445.5
31824 林泓 102.0 81.0 101.5 60.0 58.0 43.0 284.5 161.0 445.5
31825 林培润 112.0 75.0 96.0 47.0 39.0 43.0 283.0 129.0 412.0
31826 林绮娜 112.0 105.0 116.5 73.0 58.0 76.0 333.5 207.0 540.5
31827 林昕 115.0 103.0 104.0 72.0 50.0 68.0 322.0 190.0 512.0
31828 林奕敏 106.0 117.0 108.0 79.0 73.0 72.0 331.0 224.0 555.0
31829 林泽辉 104.0 68.0 100.0 64.0 62.0 52.0 272.0 178.0 450.0
31830 林泽炜 104.0 129.0 112.0 97.0 73.0 60.0 345.0 230.0 575.0
31831 林增瑞 111.0 81.0 109.0 61.0 62.0 50.0 301.0 173.0 474.0
31832 刘丁玮 109.0 112.0 111.5 77.0 84.0 67.0 332.5 228.0 560.5
31833 卢呈焕 96.0 73.0 112.5 64.0 37.0 45.0 281.5 146.0 427.5
31834 卢智扬 96.0 49.0 118.5 35.0 35.0 32.0 263.5 102.0 365.5
31835 罗亿权 104.0 71.0 92.0 51.0 30.0 48.0 267.0 129.0 396.0
31836 邱乐思 96.0 101.0 112.5 65.0 65.0 64.0 309.5 194.0 503.5
31837 佘涵 104.0 114.0 111.0 65.0 67.0 72.0 329.0 204.0 533.0
31838 汤钰瑛 113.0 85.0 124.5 40.0 37.0 53.0 322.5 130.0 452.5
31839 王佩佩 111.0 91.0 104.5 89.0 73.0 57.0 306.5 219.0 525.5
31840 王思佳 96.0 79.0 119.5 33.0 79.0 48.0 294.5 160.0 454.5
31841 王晓泽 98.0 69.0 91.5 36.0 26.0 41.0 258.5 103.0 361.5
31842 王振东 109.0 124.0 115.0 110.0 70.0 68.0 348.0 248.0 596.0
31843 王子瑜 96.0 101.0 94.5 36.0 63.0 66.0 291.5 165.0 456.5
31844 吴绍邦 101.0 101.0 120.0 78.0 75.0 68.0 322.0 221.0 543.0
31845 吴水滇 103.0 77.0 107.0 50.0 59.0 40.0 287.0 149.0 436.0
31846 吴晓琪 104.0 85.0 113.0 55.0 60.0 60.0 302.0 175.0 477.0
31847 吴昕 107.0 76.0 111.0 54.0 47.0 57.0 294.0 158.0 452.0
31848 谢昱康 109.0 104.0 110.0 83.0 74.0 52.0 323.0 209.0 532.0
31849 姚少云 114.0 72.0 93.5 53.0 43.0 50.0 279.5 146.0 425.5
31850 余博浩 101.0 97.0 112.5 69.0 60.0 50.0 310.5 179.0 489.5
31851 曾泓燊 105.0 105.0 109.5 70.0 63.0 71.0 319.5 204.0 523.5
31852 曾佳泓 106.0 97.0 105.0 67.0 44.0 64.0 308.0 175.0 483.0
31853 曾琳 95.0 65.0 118.0 67.0 33.0 61.0 278.0 161.0 439.0
31854 曾宪瀚 111.0 55.0 58.5 36.0 48.0 60.0 224.5 144.0 368.5
31855 曾伊琳 107.0 94.0 100.0 65.0 54.0 54.0 301.0 173.0 474.0
31856 张随娜 109.0 73.0 109.5 48.0 70.0 60.0 291.5 178.0 469.5
31857 张育铭 108.0 74.0 109.0 77.0 71.0 68.0 291.0 216.0 507.0
31858 章滢蓥 109.0 125.0 108.0 82.0 69.0 67.0 342.0 218.0 560.0
31859 郑任翔 101.0 68.0 128.0 53.0 61.0 78.0 297.0 192.0 489.0
31860 郑子昂 110.0 82.0 108.5 70.0 43.0 67.0 300.5 180.0 480.5
31861 钟浩川 118.0 116.0 114.0 74.0 89.0 73.0 348.0 236.0 584.0
31862 周苑婷 102.0 70.0 118.0 62.0 61.0 66.0 290.0 189.0 479.0
31863 庄妍 118.0 86.0 126.5 46.0 48.0 71.0 330.5 165.0 495.5
31901 蔡育铮 103.0 102.0 123.0 99.0 80.0 74.0 328.0 253.0 581.0
31902 蔡卓颖 109.0 92.0 103.5 67.0 62.0 54.0 304.5 183.0 487.5
31903 陈功超 95.0 61.0 103.0 29.0 33.0 34.0 259.0 96.0 355.0
31904 陈浩宇 100.0 89.0 99.0 87.0 70.0 73.0 288.0 230.0 518.0
31905 陈红 103.0 103.0 116.5 83.0 76.0 66.0 322.5 225.0 547.5
31906 陈嘉杭 112.0 81.0 116.0 50.0 51.0 62.0 309.0 163.0 472.0
31907 陈锴灏 106.0 115.0 102.5 66.0 76.0 71.0 323.5 213.0 536.5
31908 陈孟耀 96.0 79.0 104.5 33.0 39.0 49.0 279.5 121.0 400.5
31909 陈伟杰 102.0 110.0 124.5 74.0 91.0 80.0 336.5 245.0 581.5
31910 陈宇霏 109.0 92.0 107.5 50.0 35.0 42.0 308.5 127.0 435.5
31911 陈卓妮 110.0 63.0 99.0 31.0 46.0 34.0 272.0 111.0 383.0
31912 杜振超 105.0 116.0 113.0 86.0 79.0 76.0 334.0 241.0 575.0
31913 方家颖 102.0 77.0 91.0 38.0 51.0 60.0 270.0 149.0 419.0
31914 郭佳鑫 122.0 129.0 109.5 109.0 90.0 82.0 360.5 281.0 641.5
31915 黄超铄 108.0 83.0 98.0 43.0 59.0 57.0 289.0 159.0 448.0
31916 黄海铭 96.0 96.0 76.5 51.0 49.0 66.0 268.5 166.0 434.5
31917 黄融杰 105.0 86.0 108.5 69.0 83.0 64.0 299.5 216.0 515.5
31918 黄晓琦 114.0 84.0 118.0 42.0 52.0 55.0 316.0 149.0 465.0
31920 黄泽锴 89.0 29.0 0 16.0 9.0 17.0 0 42.0 0
31921 纪沛桐 101.0 86.0 107.5 69.0 57.0 62.0 294.5 188.0 482.5
31922 李岱谚 122.0 126.0 129.5 98.0 92.0 70.0 377.5 260.0 637.5
31923 李光泽 103.0 90.0 102.5 72.0 44.0 63.0 295.5 179.0 474.5
31924 李鸿 101.0 86.0 110.5 71.0 55.0 58.0 297.5 184.0 481.5
31925 李林昕 110.0 81.0 103.5 64.0 83.0 52.0 294.5 199.0 493.5
31926 李欣然 114.0 80.0 110.0 50.0 63.0 66.0 304.0 179.0 483.0
31927 李鑫 106.0 81.0 104.5 37.0 42.0 56.0 291.5 135.0 426.5
31928 李彦腾 110.0 94.0 105.0 82.0 55.0 68.0 309.0 205.0 514.0
31929 林坚生 122.0 80.0 105.5 35.0 64.0 52.0 307.5 151.0 458.5
31930 林乐贤 126.0 0 0 0 0 0 0 0 0
31931 林萌子 113.0 127.0 116.0 90.0 88.0 64.0 356.0 242.0 598.0
31933 林岳青 107.0 110.0 115.0 78.0 60.0 57.0 332.0 195.0 527.0
31934 卢晓杰 113.0 114.0 110.0 101.0 93.0 74.0 337.0 268.0 605.0
31935 马思昀 107.0 108.0 119.5 68.0 81.0 72.0 334.5 221.0 555.5
31936 彭丽妹 92.0 65.0 104.5 36.0 57.0 65.0 261.5 158.0 419.5
31937 彭扬帆 95.0 110.0 111.5 60.0 69.0 73.0 316.5 202.0 518.5
31938 沈桂菱 106.0 86.0 98.0 84.0 54.0 68.0 290.0 206.0 496.0
31939 沈益聪 103.0 128.0 109.0 50.0 68.0 54.0 340.0 172.0 512.0
31940 苏思澄 95.0 89.0 100.0 76.0 51.0 46.0 284.0 173.0 457.0
31941 苏泽坤 100.0 93.0 84.0 39.0 63.0 58.0 277.0 160.0 437.0
31942 王璐 113.0 112.0 115.5 81.0 73.0 78.0 340.5 232.0 572.5
31944 文渲 108.0 87.0 109.0 54.0 67.0 61.0 304.0 182.0 486.0
31945 翁涵 103.0 100.0 117.0 73.0 73.0 71.0 320.0 217.0 537.0
31946 吴虹燕 105.0 71.0 110.0 59.0 46.0 59.0 286.0 164.0 450.0
31947 吴佳銮 116.0 103.0 130.0 95.0 70.0 61.0 349.0 226.0 575.0
31948 吴怡玫 108.0 91.0 110.5 52.0 48.0 61.0 309.5 161.0 470.5
31949 谢罗瀚 85.0 96.0 88.0 60.0 54.0 52.0 269.0 166.0 435.0
31950 谢泽钊 73.0 82.0 96.5 34.0 70.0 50.0 251.5 154.0 405.5
31951 徐润峰 100.0 66.0 90.5 34.0 59.0 47.0 256.5 140.0 396.5
31952 许滨楠 105.0 98.0 108.5 75.0 78.0 59.0 311.5 212.0 523.5
31953 许玫 106.0 103.0 124.0 74.0 59.0 61.0 333.0 194.0 527.0
31954 许子源 101.0 76.0 82.5 30.0 35.0 65.0 259.5 130.0 389.5
31955 杨利秋 115.0 117.0 116.0 81.0 77.0 62.0 348.0 220.0 568.0
31956 余子涵 112.0 88.0 105.0 43.0 63.0 68.0 305.0 174.0 479.0
31957 曾奕楠 87.0 61.0 97.5 36.0 39.0 41.0 245.5 116.0 361.5
31958 张超逸 103.0 79.0 102.5 81.0 72.0 67.0 284.5 220.0 504.5
31959 张曼琪 113.0 77.0 114.0 37.0 38.0 63.0 304.0 138.0 442.0
31960 赵彦纯 91.0 109.0 115.5 56.0 84.0 54.0 315.5 194.0 509.5
31961 郑钧漾 78.0 82.0 97.0 31.0 52.0 52.0 257.0 135.0 392.0
31962 郑玮涛 117.0 98.0 100.5 87.0 77.0 63.0 315.5 227.0 542.5
31963 郑锨淇 114.0 103.0 128.0 68.0 66.0 73.0 345.0 207.0 552.0
31964 庄开翔 101.0 93.0 100.0 84.0 75.0 67.0 294.0 226.0 520.0
32001 蔡佳琪 104.0 76.0 110.5 49.0 43.0 51.0 290.5 143.0 433.5
32002 蔡淑玲 109.0 83.0 116.5 72.0 77.0 61.0 308.5 210.0 518.5
32003 蔡伟龙 91.0 89.0 115.5 71.0 72.0 63.0 295.5 206.0 501.5
32004 陈博涵 111.0 115.0 104.0 84.0 90.0 72.0 330.0 246.0 576.0
32005 陈畅洪 101.0 56.0 99.5 51.0 38.0 57.0 256.5 146.0 402.5
32006 陈润洋 101.0 99.0 97.5 69.0 74.0 77.0 297.5 220.0 517.5
32007 陈思桦 101.0 85.0 119.5 33.0 75.0 68.0 305.5 176.0 481.5
32008 陈雪仪 109.0 96.0 104.0 75.0 74.0 82.0 309.0 231.0 540.0
32009 洪奕祥 104.0 102.0 94.5 86.0 75.0 58.0 300.5 219.0 519.5
32010 胡期升 105.0 72.0 130.5 73.0 63.0 67.0 307.5 203.0 510.5
32011 黄斌伟 98.0 86.0 103.5 71.0 70.0 75.0 287.5 216.0 503.5
32012 黄洪雯 88.0 56.0 101.5 32.0 48.0 57.0 245.5 137.0 382.5
32013 黄敏华 122.0 106.0 112.0 57.0 58.0 43.0 340.0 158.0 498.0
32014 黄舜娴 105.0 89.0 96.5 76.0 68.0 61.0 290.5 205.0 495.5
32015 黄于峻 90.0 51.0 67.0 45.0 54.0 46.0 208.0 145.0 353.0
32016 纪梓荣 98.0 89.0 68.0 28.0 50.0 54.0 255.0 132.0 387.0
32017 李东烁 109.0 83.0 112.0 54.0 71.0 43.0 304.0 168.0 472.0
32018 李洁 114.0 125.0 126.5 96.0 91.0 59.0 365.5 246.0 611.5
32019 李易霖 103.0 69.0 105.5 55.0 68.0 54.0 277.5 177.0 454.5
32020 李治 103.0 127.0 114.0 96.0 94.0 67.0 344.0 257.0 601.0
32021 李卓明 108.0 114.0 112.0 90.0 94.0 71.0 334.0 255.0 589.0
32022 林佳煌 114.0 85.0 111.0 75.0 70.0 69.0 310.0 214.0 524.0
32023 林钦鸿 100.0 97.0 127.0 80.0 72.0 71.0 324.0 223.0 547.0
32024 林小琪 113.0 81.0 113.5 38.0 67.0 59.0 307.5 164.0 471.5
32025 林烨 110.0 82.0 119.5 49.0 64.0 77.0 311.5 190.0 501.5
32026 刘艾莉 113.0 109.0 122.0 97.0 93.0 73.0 344.0 263.0 607.0
32027 刘旭东 106.0 121.0 106.0 87.0 85.0 66.0 333.0 238.0 571.0
32028 刘依菁 113.0 102.0 126.5 61.0 66.0 78.0 341.5 205.0 546.5
32029 刘悦韵 108.0 101.0 128.0 61.0 66.0 55.0 337.0 182.0 519.0
32031 马茵茵 88.0 86.0 98.0 48.0 30.0 45.0 272.0 123.0 395.0
32032 潘莹涵 89.0 72.0 99.5 0 0 0 260.5 0 0
32033 沈敏勇 103.0 89.0 114.0 71.0 86.0 74.0 306.0 231.0 537.0
32034 沈晓燕 116.0 123.0 120.0 77.0 74.0 64.0 359.0 215.0 574.0
32035 苏诚章 107.0 94.0 112.0 94.0 72.0 68.0 313.0 234.0 547.0
32036 唐梦洋 101.0 36.0 63.0 41.0 34.0 35.0 200.0 110.0 310.0
32037 王灿杜 110.0 84.0 119.0 90.0 81.0 55.0 313.0 226.0 539.0
32038 王鸿吉 116.0 85.0 107.0 40.0 50.0 50.0 308.0 140.0 448.0
32039 王杰鑫 116.0 119.0 116.0 88.0 69.0 73.0 351.0 230.0 581.0
32040 王泽锴 107.0 70.0 82.5 26.0 62.0 30.0 259.5 118.0 377.5
32041 王子铟 112.0 119.0 114.5 88.0 77.0 70.0 345.5 235.0 580.5
32042 吴斯彤 118.0 82.0 102.5 42.0 60.0 67.0 302.5 169.0 471.5
32043 吴泽锐 125.0 125.0 133.5 107.0 82.0 79.0 383.5 268.0 651.5
32044 谢锦珊 109.0 120.0 114.5 60.0 56.0 70.0 343.5 186.0 529.5
32046 谢婉婷 109.0 76.0 120.0 29.0 33.0 49.0 305.0 111.0 416.0
32047 谢懿锐 114.0 96.0 113.5 73.0 62.0 73.0 323.5 208.0 531.5
32048 徐英芸 94.0 94.0 116.0 51.0 65.0 67.0 304.0 183.0 487.0
32049 许晓刚 110.0 93.0 115.5 60.0 63.0 70.0 318.5 193.0 511.5
32050 许永泓 117.0 127.0 122.5 85.0 88.0 74.0 366.5 247.0 613.5
32051 颜莞尔 110.0 59.0 98.5 47.0 57.0 58.0 267.5 162.0 429.5
32052 姚树耿 112.0 128.0 120.5 76.0 72.0 62.0 360.5 210.0 570.5
32053 姚悦扬 117.0 100.0 119.0 52.0 53.0 45.0 336.0 150.0 486.0
32054 余钊 102.0 63.0 96.5 39.0 44.0 47.0 261.5 130.0 391.5
32055 詹金伟 90.0 64.0 92.0 29.0 39.0 46.0 246.0 114.0 360.0
32056 张皓洵 111.0 80.0 107.5 78.0 71.0 65.0 298.5 214.0 512.5
32057 张扬 102.0 58.0 85.5 70.0 83.0 65.0 245.5 218.0 463.5
32058 张奕欣 88.0 73.0 96.5 24.0 34.0 52.0 257.5 110.0 367.5
32059 郑铠 89.0 107.0 95.5 85.0 64.0 75.0 291.5 224.0 515.5
32060 郑哲然 116.0 106.0 116.0 76.0 89.0 66.0 338.0 231.0 569.0
32061 周泽妍 102.0 96.0 104.0 70.0 49.0 67.0 302.0 186.0 488.0
32062 周子毓 99.0 54.0 111.0 42.0 69.0 50.0 264.0 161.0 425.0
