30401 陈柏林 101.0 88.0 98.5 55.0 67.0 82.0 287.5 204.0 491.5
30402 陈东晓 114.0 80.0 84.5 58.0 61.0 65.0 278.5 184.0 462.5
30403 陈冬仪 107.0 74.0 100.0 47.0 56.0 78.0 281.0 181.0 462.0
30404 陈金洲 105.0 97.0 104.0 64.0 83.0 91.0 306.0 238.0 544.0
30405 陈淑妍 114.0 105.0 116.5 80.0 88.0 79.0 335.5 247.0 582.5
30406 胡楷宇 103.0 104.0 90.5 72.0 79.0 73.0 297.5 224.0 521.5
30407 胡昱 97.0 109.0 122.5 60.0 86.0 88.0 328.5 234.0 562.5
30408 黄艾琪 108.0 111.0 123.0 86.0 78.0 85.0 342.0 249.0 591.0
30409 黄狄林 106.0 116.0 117.5 67.0 85.0 77.0 339.5 229.0 568.5
30410 黄琳婷 107.0 98.0 100.5 57.0 63.0 77.0 305.5 197.0 502.5
30411 黄云进 106.0 108.0 109.5 74.0 72.0 75.0 323.5 221.0 544.5
30412 纪慧煊 102.0 117.0 98.0 74.0 86.0 79.0 317.0 239.0 556.0
30413 蓝玉奇 109.0 101.0 105.0 61.0 73.0 71.0 315.0 205.0 520.0
30414 李宏森 107.0 63.0 89.5 23.0 53.0 72.0 259.5 148.0 407.5
30415 李艺晴 122.0 120.0 127.0 77.0 96.0 91.0 369.0 264.0 633.0
30416 李兆捷 108.0 108.0 112.0 71.0 93.0 85.0 328.0 249.0 577.0
30417 林达 104.0 73.0 115.0 70.0 78.0 81.0 292.0 229.0 521.0
30418 林镜辉 101.0 93.0 91.0 57.0 59.0 74.0 285.0 190.0 475.0
30420 林昱霖 101.0 108.0 89.0 80.0 91.0 79.0 298.0 250.0 548.0
30421 林泽楷 111.0 114.0 96.5 76.0 85.0 86.0 321.5 247.0 568.5
30422 刘琳菲 101.0 105.0 109.0 51.0 75.0 78.0 315.0 204.0 519.0
30424 卢涵 100.0 103.0 111.5 63.0 75.0 75.0 314.5 213.0 527.5
30425 卢昕玥 118.0 105.0 104.0 66.0 73.0 72.0 327.0 211.0 538.0
30426 卢彦宇 99.0 95.0 93.5 53.0 72.0 74.0 287.5 199.0 486.5
30427 罗亦宋 110.0 100.0 106.0 65.0 62.0 81.0 316.0 208.0 524.0
30428 麦扬 107.0 102.0 99.0 65.0 70.0 88.0 308.0 223.0 531.0
30429 邵彦程 95.0 54.0 79.0 45.0 57.0 65.0 228.0 167.0 395.0
30430 沈丹琼 109.0 129.0 116.5 70.0 87.0 91.0 354.5 248.0 602.5
30431 王磊 109.0 115.0 110.0 73.0 90.0 89.0 334.0 252.0 586.0
30432 王震霆 87.0 104.0 68.5 37.0 56.0 50.0 259.5 143.0 402.5
30433 韦昕澄 112.0 120.0 125.0 81.0 85.0 78.0 357.0 244.0 601.0
30434 魏桐曦 112.0 98.0 121.0 74.0 78.0 84.0 331.0 236.0 567.0
30435 翁铭捷 102.0 76.0 99.0 46.0 66.0 64.0 277.0 176.0 453.0
30436 吴洁兰 112.0 78.0 89.5 45.0 65.0 71.0 279.5 181.0 460.5
30437 吴婕洵 108.0 115.0 107.0 64.0 84.0 78.0 330.0 226.0 556.0
30438 吴郁楠 108.0 97.0 106.0 63.0 74.0 73.0 311.0 210.0 521.0
30439 吴泽峰 112.0 96.0 111.5 60.0 80.0 80.0 319.5 220.0 539.5
30440 吴植慧 97.0 61.0 84.0 26.0 50.0 64.0 242.0 140.0 382.0
30441 谢庆欣 112.0 92.0 99.0 59.0 79.0 77.0 303.0 215.0 518.0
30442 辛孜玫 116.0 108.0 78.5 63.0 73.0 71.0 302.5 207.0 509.5
30443 徐浩锴 102.0 107.0 89.5 63.0 68.0 56.0 298.5 187.0 485.5
30444 许可淳 118.0 141.0 139.5 89.0 96.0 90.0 398.5 275.0 673.5
30445 许林菁 107.0 104.0 107.5 54.0 75.0 79.0 318.5 208.0 526.5
30446 许统辉 99.0 79.0 84.5 63.0 82.0 65.0 262.5 210.0 472.5
30447 许旭东 116.0 133.0 122.0 85.0 91.0 83.0 371.0 259.0 630.0
30448 杨博锐 108.0 84.0 82.0 39.0 57.0 78.0 274.0 174.0 448.0
30449 杨乔 111.0 78.0 88.0 45.0 55.0 79.0 277.0 179.0 456.0
30450 杨宇镔 102.0 57.0 97.0 52.0 74.0 71.0 256.0 197.0 453.0
30451 杨芷涵 112.0 116.0 122.5 87.0 85.0 94.0 350.5 266.0 616.5
30452 姚楷炫 117.0 114.0 115.0 85.0 84.0 87.0 346.0 256.0 602.0
30453 张若涵 107.0 94.0 116.0 55.0 72.0 77.0 317.0 204.0 521.0
30454 张雪妍 110.0 72.0 111.0 62.0 49.0 77.0 293.0 188.0 481.0
30455 赵明明 127.0 98.0 104.0 51.0 83.0 85.0 329.0 219.0 548.0
30456 赵晓明 110.0 78.0 103.0 40.0 69.0 78.0 291.0 187.0 478.0
30457 郑沐林 124.0 126.0 128.0 81.0 89.0 92.0 378.0 262.0 640.0
30459 钟献彪 115.0 99.0 107.5 52.0 74.0 81.0 321.5 207.0 528.5
30460 周梓勃 102.0 121.0 116.0 78.0 83.0 78.0 339.0 239.0 578.0
30461 朱丹琪 106.0 125.0 112.0 70.0 77.0 80.0 343.0 227.0 570.0
30462 庄漪婷 111.0 69.0 98.5 57.0 64.0 64.0 278.5 185.0 463.5
30501 蔡苑虹 96.0 131.0 119.0 59.0 92.0 79.0 346.0 230.0 576.0
30502 陈福溢 106.0 88.0 122.0 59.0 66.0 77.0 316.0 202.0 518.0
30503 陈泓 106.0 58.0 111.5 50.0 53.0 55.0 275.5 158.0 433.5
30504 陈佳泓 107.0 113.0 106.0 66.0 88.0 79.0 326.0 233.0 559.0
30505 陈嘉胜 94.0 62.0 88.5 52.0 65.0 81.0 244.5 198.0 442.5
30506 陈丽娜 110.0 93.0 112.0 50.0 75.0 72.0 315.0 197.0 512.0
30507 陈沛震 108.0 103.0 83.0 54.0 75.0 65.0 294.0 194.0 488.0
30508 陈乔林 108.0 81.0 98.0 72.0 70.0 79.0 287.0 221.0 508.0
30509 陈疏桐 107.0 107.0 126.0 87.0 95.0 86.0 340.0 268.0 608.0
30510 陈欣洋 95.0 77.0 85.0 35.0 34.0 47.0 257.0 116.0 373.0
30511 陈雅琪 114.0 105.0 115.0 65.0 81.0 85.0 334.0 231.0 565.0
30512 陈一凡 109.0 124.0 103.0 82.0 90.0 84.0 336.0 256.0 592.0
30514 陈煜琳 129.0 124.0 124.5 80.0 77.0 87.0 377.5 244.0 621.5
30515 陈梓瀚 104.0 102.0 104.0 70.0 78.0 77.0 310.0 225.0 535.0
30516 陈梓霓 105.0 101.0 100.5 70.0 79.0 77.0 306.5 226.0 532.5
30517 陈梓宇 112.0 93.0 113.5 83.0 73.0 85.0 318.5 241.0 559.5
30518 方灿鸿 110.0 116.0 103.0 76.0 91.0 69.0 329.0 236.0 565.0
30519 郭梓淇 111.0 68.0 97.0 48.0 73.0 69.0 276.0 190.0 466.0
30520 黄泓鉴 111.0 117.0 120.0 83.0 79.0 87.0 348.0 249.0 597.0
30521 黄金涛 98.0 82.0 94.5 42.0 68.0 68.0 274.5 178.0 452.5
30522 黄式铨 116.0 121.0 117.0 85.0 92.0 84.0 354.0 261.0 615.0
30523 黄孜睿 88.0 67.0 111.0 60.0 77.0 77.0 266.0 214.0 480.0
30524 江卓聪 111.0 114.0 122.5 91.0 87.0 84.0 347.5 262.0 609.5
30526 李子聪 107.0 128.0 112.0 83.0 91.0 85.0 347.0 259.0 606.0
30527 林钡钡 109.0 122.0 100.0 82.0 95.0 88.0 331.0 265.0 596.0
30528 林洁萍 96.0 101.0 105.5 68.0 83.0 80.0 302.5 231.0 533.5
30529 林煜涛 97.0 105.0 80.5 75.0 75.0 80.0 282.5 230.0 512.5
30530 林泽滢 116.0 95.0 108.0 58.0 75.0 70.0 319.0 203.0 522.0
30531 刘榕飒 97.0 71.0 108.5 59.0 74.0 79.0 276.5 212.0 488.5
30532 陆凡冰 108.0 109.0 115.5 89.0 91.0 80.0 332.5 260.0 592.5
30533 马万里 96.0 60.0 95.5 41.0 60.0 39.0 251.5 140.0 391.5
30535 潘俞霏 113.0 110.0 117.0 80.0 80.0 77.0 340.0 237.0 577.0
30536 沈哲沛 105.0 87.0 106.5 44.0 85.0 74.0 298.5 203.0 501.5
30537 孙玮 105.0 104.0 105.5 77.0 77.0 79.0 314.5 233.0 547.5
30538 王楠 97.0 29.0 106.0 17.0 20.0 27.0 232.0 64.0 296.0
30539 王天乐 103.0 91.0 101.0 60.0 78.0 70.0 295.0 208.0 503.0
30540 吴博 119.0 92.0 119.5 72.0 84.0 86.0 330.5 242.0 572.5
30541 吴佳芸 102.0 82.0 112.5 56.0 75.0 75.0 296.5 206.0 502.5
30542 吴淇升 113.0 102.0 97.0 52.0 72.0 77.0 312.0 201.0 513.0
30543 吴易达 114.0 107.0 98.0 59.0 83.0 74.0 319.0 216.0 535.0
30544 肖泽楷 116.0 109.0 103.0 63.0 78.0 79.0 328.0 220.0 548.0
30547 谢思婷 109.0 93.0 123.5 66.0 87.0 86.0 325.5 239.0 564.5
30548 谢育锋 104.0 110.0 94.0 78.0 80.0 90.0 308.0 248.0 556.0
30549 徐芷欣 0 54.0 0 0 0 0 0 0 0
30550 杨昕 104.0 88.0 112.5 57.0 77.0 87.0 304.5 221.0 525.5
30551 姚雪萍 102.0 58.0 105.5 43.0 58.0 63.0 265.5 164.0 429.5
30552 姚逸峰 97.0 99.0 107.0 63.0 80.0 76.0 303.0 219.0 522.0
30553 余泓涛 94.0 75.0 77.5 48.0 81.0 72.0 246.5 201.0 447.5
30554 余珮镕 109.0 79.0 109.0 59.0 82.0 76.0 297.0 217.0 514.0
30555 曾烁 107.0 77.0 83.0 63.0 52.0 68.0 267.0 183.0 450.0
30556 张基烨 107.0 102.0 107.5 66.0 77.0 79.0 316.5 222.0 538.5
30557 张锦河 107.0 107.0 98.0 70.0 73.0 83.0 312.0 226.0 538.0
30558 张子斌 103.0 107.0 108.5 80.0 84.0 83.0 318.5 247.0 565.5
30559 张宗泽 101.0 105.0 103.0 78.0 85.0 78.0 309.0 241.0 550.0
30560 郑涵 114.0 120.0 116.5 76.0 93.0 92.0 350.5 261.0 611.5
30561 郑主加 98.0 64.0 99.0 67.0 60.0 77.0 261.0 204.0 465.0
30562 钟婉灵 116.0 98.0 98.0 67.0 73.0 75.0 312.0 215.0 527.0
30563 周哲 87.0 117.0 110.0 89.0 90.0 64.0 314.0 243.0 557.0
30601 蔡楚怡 113.0 104.0 111.0 66.0 77.0 77.0 328.0 220.0 548.0
30602 蔡瀚锋 116.0 86.0 98.0 65.0 71.0 76.0 300.0 212.0 512.0
30603 蔡弋炀 104.0 126.0 103.5 79.0 91.0 84.0 333.5 254.0 587.5
30604 陈金涛 111.0 107.0 107.0 71.0 74.0 62.0 325.0 207.0 532.0
30605 陈谨 103.0 80.0 111.0 49.0 51.0 67.0 294.0 167.0 461.0
30606 陈庆 102.0 86.0 87.0 72.0 76.0 74.0 275.0 222.0 497.0
30607 陈帅琦 114.0 94.0 96.5 61.0 75.0 66.0 304.5 202.0 506.5
30608 陈锶涛 94.0 73.0 75.0 42.0 63.0 37.0 242.0 142.0 384.0
30609 陈雅文 106.0 80.0 129.0 72.0 70.0 73.0 315.0 215.0 530.0
30610 陈妍 113.0 96.0 118.0 64.0 70.0 70.0 327.0 204.0 531.0
30611 陈振霖 107.0 83.0 93.0 59.0 57.0 68.0 283.0 184.0 467.0
30612 陈震寅 110.0 107.0 80.0 84.0 82.0 76.0 297.0 242.0 539.0
30613 陈梓泓 102.0 94.0 92.5 63.0 84.0 82.0 288.5 229.0 517.5
30614 陈梓演 114.0 92.0 112.5 68.0 81.0 78.0 318.5 227.0 545.5
30615 戴德燊 105.0 97.0 89.5 75.0 76.0 75.0 291.5 226.0 517.5
30616 方家浩 99.0 92.0 87.5 74.0 82.0 71.0 278.5 227.0 505.5
30617 方玮绚 102.0 66.0 90.0 64.0 73.0 73.0 258.0 210.0 468.0
30618 方小涵 107.0 70.0 104.5 43.0 39.0 70.0 281.5 152.0 433.5
30619 方梓昊 100.0 69.0 92.0 49.0 69.0 79.0 261.0 197.0 458.0
30620 郭悦宁 107.0 81.0 96.5 55.0 62.0 73.0 284.5 190.0 474.5
30621 郭滋涵 85.0 30.0 68.5 26.0 17.0 31.0 183.5 74.0 257.5
30622 洪斯沛 101.0 82.0 121.0 54.0 76.0 78.0 304.0 208.0 512.0
30623 黄蔓蔓 107.0 110.0 94.0 76.0 64.0 70.0 311.0 210.0 521.0
30624 黄树炫 104.0 98.0 122.0 81.0 77.0 77.0 324.0 235.0 559.0
30625 黄晚至 112.0 104.0 116.0 73.0 68.0 77.0 332.0 218.0 550.0
30626 黄粤奇 93.0 75.0 96.0 57.0 70.0 74.0 264.0 201.0 465.0
30627 李传璞 96.0 83.0 114.0 75.0 77.0 83.0 293.0 235.0 528.0
30628 李科谋 120.0 107.0 111.0 82.0 89.0 66.0 338.0 237.0 575.0
30629 李婉宜 118.0 114.0 117.5 73.0 84.0 77.0 349.5 234.0 583.5
30630 李心彤 105.0 55.0 106.0 52.0 64.0 52.0 266.0 168.0 434.0
30631 梁婧 89.0 91.0 98.5 62.0 76.0 78.0 278.5 216.0 494.5
30632 林琦 116.0 107.0 127.0 62.0 91.0 86.0 350.0 239.0 589.0
30633 林润峰 101.0 61.0 93.0 55.0 57.0 66.0 255.0 178.0 433.0
30634 林烁 107.0 108.0 92.5 48.0 71.0 75.0 307.5 194.0 501.5
30635 林钰祺 119.0 87.0 94.5 71.0 69.0 63.0 300.5 203.0 503.5
30636 林泽聪 107.0 112.0 113.5 88.0 93.0 80.0 332.5 261.0 593.5
30637 林泽娜 113.0 64.0 125.5 55.0 69.0 71.0 302.5 195.0 497.5
30638 刘学智 118.0 99.0 112.0 65.0 71.0 76.0 329.0 212.0 541.0
30639 马思奇 105.0 101.0 89.0 47.0 66.0 80.0 295.0 193.0 488.0
30640 佘卓键 106.0 112.0 98.5 70.0 81.0 70.0 316.5 221.0 537.5
30641 沈畅泳 110.0 112.0 128.0 87.0 90.0 89.0 350.0 266.0 616.0
30643 王嘉如 111.0 110.0 114.5 60.0 71.0 84.0 335.5 215.0 550.5
30644 王琳 116.0 93.0 119.5 62.0 78.0 85.0 328.5 225.0 553.5
30645 王梓渲 100.0 98.0 99.5 62.0 81.0 74.0 297.5 217.0 514.5
30646 吴文澜 101.0 60.0 93.0 59.0 70.0 72.0 254.0 201.0 455.0
30647 吴妍 104.0 106.0 116.0 72.0 79.0 76.0 326.0 227.0 553.0
30648 许夏帆 103.0 118.0 124.0 84.0 86.0 72.0 345.0 242.0 587.0
30649 许烨琪 111.0 105.0 100.0 62.0 68.0 75.0 316.0 205.0 521.0
30650 杨金满 105.0 128.0 110.0 85.0 92.0 82.0 343.0 259.0 602.0
30652 杨依云 105.0 76.0 115.0 46.0 68.0 68.0 296.0 182.0 478.0
30653 蚁维聪 118.0 98.0 85.0 64.0 77.0 80.0 301.0 221.0 522.0
30654 余信荣 104.0 113.0 125.5 79.0 82.0 87.0 342.5 248.0 590.5
30655 喻子韬 103.0 82.0 108.5 58.0 70.0 72.0 293.5 200.0 493.5
30656 詹育东 119.0 93.0 88.0 73.0 78.0 72.0 300.0 223.0 523.0
30657 张棣炫 98.0 97.0 110.5 71.0 74.0 76.0 305.5 221.0 526.5
30658 张欣悦 108.0 75.0 108.0 71.0 87.0 75.0 291.0 233.0 524.0
30659 郑东能 120.0 125.0 93.5 88.0 85.0 87.0 338.5 260.0 598.5
30660 郑凯元 101.0 100.0 112.0 76.0 81.0 80.0 313.0 237.0 550.0
30661 郑泽楠 109.0 99.0 104.0 81.0 78.0 85.0 312.0 244.0 556.0
30663 周盈贝 101.0 43.0 89.5 58.0 86.0 77.0 233.5 221.0 454.5
30701 蔡博涵 106.0 89.0 82.0 50.0 71.0 73.0 277.0 194.0 471.0
30702 蔡琪 103.0 91.0 78.5 52.0 58.0 67.0 272.5 177.0 449.5
30703 蔡淑熙 107.0 98.0 119.5 61.0 64.0 71.0 324.5 196.0 520.5
30704 蔡晓仪 125.0 87.0 113.5 77.0 74.0 81.0 325.5 232.0 557.5
30705 蔡泽莹 112.0 100.0 93.5 55.0 68.0 67.0 305.5 190.0 495.5
30707 蔡至钿 100.0 81.0 98.5 64.0 65.0 74.0 279.5 203.0 482.5
30708 陈畅 111.0 87.0 88.0 57.0 70.0 74.0 286.0 201.0 487.0
30710 陈俊成 106.0 125.0 110.5 87.0 84.0 84.0 341.5 255.0 596.5
30711 陈思冰 82.0 54.0 87.5 48.0 55.0 64.0 223.5 167.0 390.5
30712 陈思桦 92.0 85.0 72.5 56.0 75.0 60.0 249.5 191.0 440.5
30713 陈武杰 100.0 106.0 87.0 67.0 72.0 66.0 293.0 205.0 498.0
30714 陈晓雯 112.0 116.0 117.5 91.0 94.0 88.0 345.5 273.0 618.5
30715 陈奕纯 103.0 114.0 101.5 81.0 80.0 77.0 318.5 238.0 556.5
30716 陈钟之 96.0 111.0 104.5 90.0 79.0 75.0 311.5 244.0 555.5
30717 陈梓博 109.0 112.0 102.0 63.0 70.0 75.0 323.0 208.0 531.0
30719 丁烜 100.0 52.0 74.0 26.0 47.0 69.0 226.0 142.0 368.0
30720 杜昕 103.0 87.0 102.0 62.0 60.0 84.0 292.0 206.0 498.0
30721 杜展 104.0 92.0 105.0 83.0 88.0 83.0 301.0 254.0 555.0
30722 郭枫阳 114.0 108.0 121.0 73.0 87.0 76.0 343.0 236.0 579.0
30723 洪欣苑 84.0 67.0 100.0 53.0 57.0 77.0 251.0 187.0 438.0
30724 洪梓昂 105.0 109.0 114.5 71.0 59.0 81.0 328.5 211.0 539.5
30725 黄心婷 107.0 97.0 111.5 71.0 89.0 79.0 315.5 239.0 554.5
30726 黄芷琳 99.0 94.0 122.5 65.0 65.0 79.0 315.5 209.0 524.5
30727 李博恩 103.0 120.0 120.0 73.0 76.0 74.0 343.0 223.0 566.0
30728 李恺寰 107.0 106.0 109.5 74.0 85.0 92.0 322.5 251.0 573.5
30729 李沛熙 104.0 122.0 103.5 88.0 95.0 84.0 329.5 267.0 596.5
30730 李翊亨 115.0 111.0 99.5 66.0 69.0 74.0 325.5 209.0 534.5
30731 林宏杰 101.0 90.0 88.0 77.0 64.0 77.0 279.0 218.0 497.0
30732 林熙 111.0 100.0 90.5 35.0 69.0 80.0 301.5 184.0 485.5
30733 林映含 100.0 105.0 109.0 69.0 66.0 73.0 314.0 208.0 522.0
30734 林芸 110.0 109.0 115.0 81.0 66.0 82.0 334.0 229.0 563.0
30735 刘乐欣 105.0 108.0 117.5 66.0 72.0 76.0 330.5 214.0 544.5
30736 刘依雯 94.0 36.0 105.0 33.0 32.0 74.0 235.0 139.0 374.0
30737 刘雨奇 109.0 93.0 119.5 93.0 86.0 91.0 321.5 270.0 591.5
30738 刘子烁 104.0 53.0 79.5 59.0 69.0 59.0 236.5 187.0 423.5
30739 陆伟坤 109.0 91.0 85.5 65.0 70.0 70.0 285.5 205.0 490.5
30740 马学宽 96.0 75.0 104.5 71.0 70.0 71.0 275.5 212.0 487.5
30741 彭博澄 115.0 127.0 118.5 91.0 85.0 73.0 360.5 249.0 609.5
30742 邱可盈 105.0 129.0 98.5 63.0 66.0 54.0 332.5 183.0 515.5
30743 佘晓仪 92.0 61.0 79.0 34.0 44.0 60.0 232.0 138.0 370.0
30745 苏烁航 101.0 86.0 101.0 81.0 81.0 60.0 288.0 222.0 510.0
30746 苏斯楠 106.0 94.0 94.0 80.0 72.0 69.0 294.0 221.0 515.0
30747 孙润楷 94.0 109.0 104.0 80.0 84.0 79.0 307.0 243.0 550.0
30748 吴佳生 110.0 112.0 118.0 77.0 80.0 72.0 340.0 229.0 569.0
30749 吴昕 107.0 87.0 104.5 52.0 54.0 66.0 298.5 172.0 470.5
30750 谢伟坤 103.0 80.0 97.0 52.0 75.0 80.0 280.0 207.0 487.0
30751 谢宗泰 110.0 98.0 94.5 61.0 60.0 68.0 302.5 189.0 491.5
30752 徐子媛 117.0 79.0 117.5 63.0 77.0 78.0 313.5 218.0 531.5
30753 许楷扬 112.0 102.0 104.5 58.0 83.0 64.0 318.5 205.0 523.5
30754 许艺瀛 104.0 110.0 117.0 55.0 75.0 75.0 331.0 205.0 536.0
30755 杨深林 112.0 123.0 92.5 69.0 85.0 87.0 327.5 241.0 568.5
30756 杨烨爽 98.0 113.0 104.0 80.0 86.0 70.0 315.0 236.0 551.0
30757 叶乐萱 118.0 115.0 137.5 85.0 97.0 95.0 370.5 277.0 647.5
30758 张睿 110.0 117.0 93.0 77.0 72.0 64.0 320.0 213.0 533.0
30759 张少伟 102.0 102.0 92.0 69.0 70.0 51.0 296.0 190.0 486.0
30760 张煜坚 102.0 91.0 105.0 46.0 49.0 64.0 298.0 159.0 457.0
30761 郑逸晖 102.0 101.0 128.5 89.0 94.0 75.0 331.5 258.0 589.5
30762 钟耿钦 102.0 111.0 81.0 65.0 72.0 71.0 294.0 208.0 502.0
30801 蔡筱蕊 108.0 112.0 109.5 60.0 61.0 75.0 329.5 196.0 525.5
30802 蔡奕桐 105.0 83.0 96.5 49.0 70.0 66.0 284.5 185.0 469.5
30803 蔡泽泓 108.0 107.0 114.0 80.0 87.0 78.0 329.0 245.0 574.0
30804 陈达可 111.0 129.0 103.0 92.0 91.0 78.0 343.0 261.0 604.0
30805 陈丹仪 117.0 129.0 118.0 84.0 92.0 92.0 364.0 268.0 632.0
30806 陈锴榆 103.0 91.0 92.0 50.0 69.0 58.0 286.0 177.0 463.0
30807 陈润慷 106.0 129.0 96.0 76.0 88.0 69.0 331.0 233.0 564.0
30808 陈淑芳 103.0 71.0 101.0 43.0 60.0 67.0 275.0 170.0 445.0
30809 陈彦宇 106.0 82.0 96.5 55.0 78.0 59.0 284.5 192.0 476.5
30810 陈钰琦 96.0 79.0 103.0 31.0 39.0 64.0 278.0 134.0 412.0
30811 陈志航 96.0 56.0 99.0 46.0 42.0 51.0 251.0 139.0 390.0
30812 单浩铭 107.0 100.0 83.0 48.0 56.0 70.0 290.0 174.0 464.0
30813 董煜然 91.0 103.0 75.5 58.0 70.0 69.0 269.5 197.0 466.5
30814 杜庚育 110.0 115.0 114.0 72.0 91.0 88.0 339.0 251.0 590.0
30816 方殷锴 112.0 101.0 123.5 79.0 72.0 79.0 336.5 230.0 566.5
30817 葛颖 105.0 92.0 104.0 74.0 54.0 80.0 301.0 208.0 509.0
30818 郭粉红 105.0 78.0 93.0 55.0 65.0 64.0 276.0 184.0 460.0
30819 郭景瀚 104.0 60.0 103.0 65.0 73.0 68.0 267.0 206.0 473.0
30820 洪立强 110.0 88.0 88.5 59.0 64.0 41.0 286.5 164.0 450.5
30821 洪少锐 107.0 122.0 104.5 79.0 86.0 71.0 333.5 236.0 569.5
30822 黄端 99.0 120.0 97.5 85.0 82.0 78.0 316.5 245.0 561.5
30823 黄丰 111.0 109.0 99.0 53.0 86.0 70.0 319.0 209.0 528.0
30824 黄俊斐 98.0 114.0 99.5 78.0 90.0 85.0 311.5 253.0 564.5
30825 黄可欣 109.0 122.0 125.0 77.0 72.0 80.0 356.0 229.0 585.0
30826 金泽薰 100.0 99.0 112.5 63.0 79.0 80.0 311.5 222.0 533.5
30827 蓝旸 110.0 92.0 118.0 60.0 75.0 70.0 320.0 205.0 525.0
30828 林炳丽 105.0 112.0 121.0 81.0 98.0 88.0 338.0 267.0 605.0
30829 林栾荀 101.0 108.0 102.5 80.0 89.0 64.0 311.5 233.0 544.5
30830 林若彤 113.0 106.0 113.0 71.0 79.0 66.0 332.0 216.0 548.0
30831 林晓纯 113.0 113.0 119.0 73.0 87.0 72.0 345.0 232.0 577.0
30832 林钇 99.0 96.0 108.0 82.0 85.0 82.0 303.0 249.0 552.0
30833 林毓莹 93.0 78.0 118.5 66.0 60.0 68.0 289.5 194.0 483.5
30834 林泽凯 105.0 93.0 82.5 58.0 68.0 70.0 280.5 196.0 476.5
30835 刘尔嘉 112.0 116.0 126.0 86.0 82.0 66.0 354.0 234.0 588.0
30836 马旭宁 111.0 111.0 98.0 81.0 85.0 78.0 320.0 244.0 564.0
30837 彭诗妍 99.0 83.0 98.5 59.0 61.0 73.0 280.5 193.0 473.5
30838 宋洁榕 106.0 74.0 112.0 71.0 66.0 76.0 292.0 213.0 505.0
30839 王绿蔚 102.0 86.0 122.5 69.0 68.0 81.0 310.5 218.0 528.5
30840 王维佳 97.0 91.0 74.0 66.0 48.0 46.0 262.0 160.0 422.0
30841 王知往 107.0 83.0 108.0 43.0 75.0 74.0 298.0 192.0 490.0
30842 王志扬 96.0 92.0 99.0 72.0 69.0 74.0 287.0 215.0 502.0
30843 温一海 102.0 81.0 109.0 66.0 56.0 67.0 292.0 189.0 481.0
30844 吴丹妮 111.0 57.0 103.5 56.0 57.0 65.0 271.5 178.0 449.5
30845 吴赋 112.0 113.0 110.5 80.0 94.0 86.0 335.5 260.0 595.5
30846 吴润铭 90.0 77.0 89.5 69.0 73.0 74.0 256.5 216.0 472.5
30847 吴夏韵 108.0 110.0 76.5 73.0 51.0 55.0 294.5 179.0 473.5
30848 辛铄浩 89.0 89.0 106.5 75.0 82.0 68.0 284.5 225.0 509.5
30849 杨婷婷 107.0 88.0 92.0 46.0 60.0 75.0 287.0 181.0 468.0
30850 曾宇丹 108.0 111.0 130.5 94.0 80.0 77.0 349.5 251.0 600.5
30851 曾宇煌 113.0 81.0 103.0 56.0 61.0 55.0 297.0 172.0 469.0
30852 张晓斐 101.0 103.0 119.5 45.0 80.0 88.0 323.5 213.0 536.5
30853 张梓涵 98.0 92.0 113.5 61.0 81.0 76.0 303.5 218.0 521.5
30854 郑聪 97.0 111.0 107.5 68.0 78.0 79.0 315.5 225.0 540.5
30855 郑岱锋 95.0 68.0 95.5 58.0 65.0 60.0 258.5 183.0 441.5
30856 郑楷融 103.0 80.0 98.0 59.0 64.0 70.0 281.0 193.0 474.0
30857 郑欣琳 104.0 63.0 102.5 48.0 51.0 73.0 269.5 172.0 441.5
30858 郑宇平 105.0 102.0 86.0 70.0 55.0 53.0 293.0 178.0 471.0
30859 周弋钿 110.0 104.0 127.5 85.0 86.0 76.0 341.5 247.0 588.5
30861 庄先正 103.0 45.0 93.5 37.0 26.0 61.0 241.5 124.0 365.5
30862 邹彤彤 118.0 94.0 99.0 64.0 59.0 78.0 311.0 201.0 512.0
30901 蔡仰涵 106.0 113.0 108.0 81.0 93.0 76.0 327.0 250.0 577.0
30902 陈玳翊 94.0 86.0 89.5 66.0 87.0 66.0 269.5 219.0 488.5
30903 陈方梓淳 107.0 84.0 105.5 45.0 74.0 63.0 296.5 182.0 478.5
30904 陈俊锴 109.0 97.0 110.5 63.0 69.0 69.0 316.5 201.0 517.5
30905 陈铿 97.0 63.0 95.0 46.0 73.0 69.0 255.0 188.0 443.0
30906 陈琳 112.0 87.0 105.5 64.0 68.0 80.0 304.5 212.0 516.5
30907 陈淼泓 113.0 72.0 101.0 61.0 60.0 59.0 286.0 180.0 466.0
30908 陈诺 109.0 115.0 108.0 63.0 89.0 82.0 332.0 234.0 566.0
30909 陈申 103.0 118.0 113.0 69.0 76.0 66.0 334.0 211.0 545.0
30910 陈曦芃 99.0 71.0 96.5 63.0 58.0 74.0 266.5 195.0 461.5
30911 陈逸挺 89.0 74.0 89.0 51.0 38.0 42.0 252.0 131.0 383.0
30912 陈钰媛 97.0 71.0 104.5 57.0 59.0 66.0 272.5 182.0 454.5
30913 陈裕 92.0 105.0 102.0 48.0 76.0 64.0 299.0 188.0 487.0
30914 陈钊燚 119.0 101.0 101.0 73.0 78.0 63.0 321.0 214.0 535.0
30915 丁琪瑄 108.0 104.0 104.5 55.0 60.0 62.0 316.5 177.0 493.5
30916 丁泽晟 88.0 114.0 97.0 80.0 92.0 75.0 299.0 247.0 546.0
30917 董信步 113.0 97.0 86.5 69.0 87.0 82.0 296.5 238.0 534.5
30918 郭婉祺 105.0 106.0 125.5 84.0 85.0 79.0 336.5 248.0 584.5
30919 郭潇凯 111.0 105.0 123.0 78.0 87.0 80.0 339.0 245.0 584.0
30920 洪愿足 98.0 120.0 82.5 68.0 83.0 54.0 300.5 205.0 505.5
30921 黄川 112.0 131.0 111.5 88.0 88.0 77.0 354.5 253.0 607.5
30923 黄晓彤 104.0 35.0 105.0 35.0 56.0 62.0 244.0 153.0 397.0
30924 黄泽钦 104.0 115.0 116.0 88.0 78.0 75.0 335.0 241.0 576.0
30925 黄梓媛 111.0 106.0 113.0 76.0 75.0 89.0 330.0 240.0 570.0
30926 蓝菁 111.0 71.0 119.5 61.0 74.0 66.0 301.5 201.0 502.5
30927 李金洺 110.0 71.0 78.0 43.0 30.0 47.0 259.0 120.0 379.0
30928 李乐浩 97.0 105.0 99.0 47.0 84.0 66.0 301.0 197.0 498.0
30929 李泽銮 109.0 93.0 88.0 66.0 64.0 79.0 290.0 209.0 499.0
30930 林翰 108.0 100.0 93.0 65.0 61.0 67.0 301.0 193.0 494.0
30931 林洁娜 100.0 79.0 108.5 42.0 43.0 64.0 287.5 149.0 436.5
30932 林锦燕 109.0 101.0 104.5 65.0 86.0 78.0 314.5 229.0 543.5
30934 林铄浩 107.0 83.0 112.0 72.0 82.0 82.0 302.0 236.0 538.0
30935 林晓琪 114.0 83.0 120.5 72.0 88.0 75.0 317.5 235.0 552.5
30936 林依洁 100.0 40.0 115.5 52.0 59.0 83.0 255.5 194.0 449.5
30937 刘泳钊 112.0 0 91.0 68.0 0 0 0 0 0
30938 罗泽鑫 105.0 108.0 94.0 70.0 92.0 81.0 307.0 243.0 550.0
30939 欧阳苇航 116.0 125.0 102.0 83.0 90.0 80.0 343.0 253.0 596.0
30940 潘沛 104.0 76.0 104.5 60.0 55.0 57.0 284.5 172.0 456.5
30941 邱子涵 108.0 99.0 113.5 91.0 83.0 75.0 320.5 249.0 569.5
30942 芮滢 106.0 100.0 121.5 78.0 81.0 71.0 327.5 230.0 557.5
30943 沈子钦 105.0 79.0 121.0 72.0 68.0 75.0 305.0 215.0 520.0
30944 王逸楠 110.0 91.0 107.5 61.0 55.0 60.0 308.5 176.0 484.5
30945 王梓宜 96.0 79.0 78.5 73.0 85.0 78.0 253.5 236.0 489.5
30946 吴佳锡 104.0 104.0 89.0 82.0 66.0 73.0 297.0 221.0 518.0
30947 吴奕艾 114.0 58.0 86.5 57.0 65.0 60.0 258.5 182.0 440.5
30948 吴逸慈 126.0 131.0 128.0 69.0 96.0 100.0 385.0 265.0 650.0
30949 徐仰男 112.0 90.0 107.5 67.0 84.0 79.0 309.5 230.0 539.5
30950 杨亦茜 111.0 110.0 109.0 78.0 82.0 85.0 330.0 245.0 575.0
30951 姚炜琳 104.0 58.0 77.0 52.0 66.0 72.0 239.0 190.0 429.0
30952 余烁 117.0 73.0 117.5 68.0 80.0 85.0 307.5 233.0 540.5
30953 袁一欣 99.0 105.0 114.5 70.0 78.0 65.0 318.5 213.0 531.5
30954 曾慧宾 118.0 86.0 99.5 65.0 73.0 82.0 303.5 220.0 523.5
30955 张涵 114.0 125.0 117.5 82.0 96.0 88.0 356.5 266.0 622.5
30956 张禾 107.0 105.0 113.5 57.0 73.0 72.0 325.5 202.0 527.5
30957 郑瑞锐 104.0 132.0 129.5 90.0 87.0 80.0 365.5 257.0 622.5
30958 郑闻铎 102.0 85.0 88.5 63.0 73.0 62.0 275.5 198.0 473.5
30959 郑勋 105.0 72.0 114.5 58.0 66.0 77.0 291.5 201.0 492.5
30960 郑哲 111.0 60.0 115.0 31.0 51.0 52.0 286.0 134.0 420.0
30961 朱海平 101.0 68.0 103.0 51.0 56.0 66.0 272.0 173.0 445.0
30962 庄瑞临 113.0 98.0 108.5 68.0 81.0 76.0 319.5 225.0 544.5
31001 蔡凡 92.0 110.0 114.0 66.0 84.0 84.0 316.0 234.0 550.0
31002 蔡若珂 103.0 82.0 108.0 62.0 73.0 78.0 293.0 213.0 506.0
31004 蔡周峰 99.0 93.0 107.5 57.0 81.0 70.0 299.5 208.0 507.5
31005 陈蓓蓓 92.0 87.0 91.0 64.0 72.0 65.0 270.0 201.0 471.0
31006 陈钧哲 95.0 133.0 111.5 65.0 93.0 70.0 339.5 228.0 567.5
31007 陈树煜 110.0 98.0 86.5 82.0 85.0 75.0 294.5 242.0 536.5
31008 陈泰霖 100.0 100.0 95.0 60.0 88.0 67.0 295.0 215.0 510.0
31009 陈童菲 112.0 102.0 114.0 77.0 86.0 82.0 328.0 245.0 573.0
31010 陈泽锋 92.0 94.0 90.5 62.0 88.0 83.0 276.5 233.0 509.5
31011 陈泽锐 98.0 87.0 100.0 61.0 81.0 63.0 285.0 205.0 490.0
31012 池逸和 102.0 121.0 133.0 88.0 85.0 79.0 356.0 252.0 608.0
31013 杜鑫 101.0 107.0 113.5 63.0 76.0 58.0 321.5 197.0 518.5
31014 范冬倪 105.0 81.0 105.0 54.0 70.0 70.0 291.0 194.0 485.0
31015 房瑜仪 97.0 110.0 99.0 66.0 67.0 47.0 306.0 180.0 486.0
31016 高帅博 102.0 91.0 109.0 74.0 84.0 68.0 302.0 226.0 528.0
31017 黄钿津 94.0 87.0 74.0 40.0 60.0 29.0 255.0 129.0 384.0
31018 黄兰馨 107.0 90.0 110.5 66.0 76.0 82.0 307.5 224.0 531.5
31019 黄立涵 105.0 120.0 112.5 71.0 82.0 78.0 337.5 231.0 568.5
31020 黄泽瀚 113.0 92.0 124.0 81.0 92.0 74.0 329.0 247.0 576.0
31021 纪南帆 98.0 100.0 84.0 52.0 56.0 62.0 282.0 170.0 452.0
31022 纪欣格 108.0 119.0 95.0 58.0 85.0 74.0 322.0 217.0 539.0
31023 金敏桦 118.0 105.0 125.5 68.0 78.0 77.0 348.5 223.0 571.5
31024 李嘉桦 100.0 94.0 109.5 64.0 66.0 65.0 303.5 195.0 498.5
31025 李芷佳 104.0 98.0 114.0 55.0 59.0 79.0 316.0 193.0 509.0
31026 林翠环 109.0 95.0 116.0 80.0 77.0 77.0 320.0 234.0 554.0
31027 林丹娜 112.0 111.0 117.0 63.0 91.0 81.0 340.0 235.0 575.0
31028 林婷婷 112.0 93.0 121.0 64.0 92.0 79.0 326.0 235.0 561.0
31029 林钰 109.0 73.0 127.0 61.0 55.0 74.0 309.0 190.0 499.0
31030 林展锋 107.0 107.0 113.5 59.0 79.0 84.0 327.5 222.0 549.5
31031 林子潼 102.0 96.0 117.0 85.0 80.0 68.0 315.0 233.0 548.0
31032 刘派佳 104.0 100.0 98.0 43.0 54.0 50.0 302.0 147.0 449.0
31033 陆天宇 106.0 107.0 100.0 66.0 84.0 84.0 313.0 234.0 547.0
31034 马殊 108.0 107.0 108.5 57.0 62.0 75.0 323.5 194.0 517.5
31035 邱驰 91.0 89.0 108.5 68.0 74.0 71.0 288.5 213.0 501.5
31036 邱煜群 105.0 121.0 108.0 60.0 76.0 69.0 334.0 205.0 539.0
31038 王新荣 122.0 119.0 114.0 84.0 89.0 85.0 355.0 258.0 613.0
31039 王岳 106.0 66.0 105.5 65.0 64.0 65.0 277.5 194.0 471.5
31040 王芸 97.0 72.0 102.0 42.0 58.0 72.0 271.0 172.0 443.0
31041 翁培锴 101.0 97.0 112.0 81.0 81.0 76.0 310.0 238.0 548.0
31042 吴铭洵 107.0 93.0 105.5 68.0 75.0 84.0 305.5 227.0 532.5
31043 吴楠 94.0 113.0 107.0 69.0 78.0 66.0 314.0 213.0 527.0
31044 吴新仪 114.0 99.0 121.5 57.0 74.0 72.0 334.5 203.0 537.5
31045 夏立嘉 108.0 110.0 113.0 67.0 64.0 67.0 331.0 198.0 529.0
31046 辛焜媛 106.0 112.0 112.0 62.0 85.0 79.0 330.0 226.0 556.0
31047 辛源锋 98.0 89.0 111.0 39.0 33.0 48.0 298.0 120.0 418.0
31048 许思琪 108.0 105.0 112.5 63.0 72.0 63.0 325.5 198.0 523.5
31049 羊雪琪 104.0 124.0 125.0 79.0 82.0 67.0 353.0 228.0 581.0
31050 杨基石 98.0 77.0 92.0 76.0 75.0 57.0 267.0 208.0 475.0
31051 杨璐羽 112.0 99.0 97.0 73.0 82.0 74.0 308.0 229.0 537.0
31052 曾炀铃 109.0 83.0 102.5 50.0 75.0 80.0 294.5 205.0 499.5
31053 曾钰辉 105.0 97.0 79.5 58.0 70.0 63.0 281.5 191.0 472.5
31054 张森烔 102.0 84.0 103.0 55.0 63.0 63.0 289.0 181.0 470.0
31055 赵博瑄 104.0 59.0 85.5 47.0 53.0 51.0 248.5 151.0 399.5
31056 郑乐镔 103.0 92.0 100.0 58.0 65.0 47.0 295.0 170.0 465.0
31057 郑若晗 109.0 98.0 88.5 50.0 74.0 71.0 295.5 195.0 490.5
31059 郑伟纯 108.0 139.0 125.0 84.0 94.0 80.0 372.0 258.0 630.0
31060 周宇程 99.0 89.0 95.0 66.0 71.0 78.0 283.0 215.0 498.0
31061 周之祺 121.0 128.0 108.5 74.0 89.0 75.0 357.5 238.0 595.5
31062 庄杰涛 117.0 130.0 116.0 89.0 96.0 82.0 363.0 267.0 630.0
31101 蔡滨 115.0 117.0 124.0 73.0 89.0 84.0 356.0 246.0 602.0
31102 曹耿槟 93.0 62.0 91.5 49.0 58.0 57.0 246.5 164.0 410.5
31103 陈浩钦 111.0 105.0 110.0 75.0 69.0 76.0 326.0 220.0 546.0
31104 陈洪昱 104.0 108.0 91.0 67.0 74.0 66.0 303.0 207.0 510.0
31105 陈令烨 98.0 88.0 128.5 66.0 92.0 82.0 314.5 240.0 554.5
31106 陈斯昂 112.0 149.0 126.5 100.0 100.0 94.0 387.5 294.0 681.5
31107 陈逸南 100.0 124.0 110.5 74.0 86.0 70.0 334.5 230.0 564.5
31108 陈逸天 110.0 92.0 101.5 53.0 77.0 76.0 303.5 206.0 509.5
31109 陈詠萩 104.0 102.0 122.5 84.0 88.0 83.0 328.5 255.0 583.5
31110 代桂敏 96.0 82.0 98.5 41.0 76.0 80.0 276.5 197.0 473.5
31111 方江鑫 114.0 102.0 105.0 79.0 85.0 81.0 321.0 245.0 566.0
31112 方武智 100.0 62.0 90.0 46.0 69.0 66.0 252.0 181.0 433.0
31113 高亦婷 119.0 94.0 113.0 44.0 58.0 74.0 326.0 176.0 502.0
31114 郭林凯 106.0 47.0 79.5 29.0 28.0 41.0 232.5 98.0 330.5
31115 黄航 112.0 120.0 117.0 81.0 85.0 86.0 349.0 252.0 601.0
31116 黄腾 100.0 79.0 91.0 54.0 63.0 51.0 270.0 168.0 438.0
31117 黄钰涵 109.0 67.0 105.5 41.0 62.0 66.0 281.5 169.0 450.5
31118 黄仲铖 100.0 80.0 92.5 51.0 69.0 67.0 272.5 187.0 459.5
31120 李琳纯 104.0 94.0 105.5 57.0 78.0 72.0 303.5 207.0 510.5
31121 李世濠 106.0 90.0 114.0 71.0 90.0 87.0 310.0 248.0 558.0
31122 李晓琳 109.0 108.0 117.5 56.0 80.0 76.0 334.5 212.0 546.5
31123 李旭纯 115.0 87.0 112.0 52.0 76.0 81.0 314.0 209.0 523.0
31124 林德明 96.0 103.0 91.0 85.0 92.0 86.0 290.0 263.0 553.0
31125 林介山 103.0 116.0 91.5 83.0 92.0 80.0 310.5 255.0 565.5
31126 林琳 105.0 98.0 108.5 59.0 72.0 69.0 311.5 200.0 511.5
31127 林南裕 112.0 118.0 108.5 55.0 82.0 74.0 338.5 211.0 549.5
31128 林烁 105.0 94.0 96.0 68.0 79.0 60.0 295.0 207.0 502.0
31129 林媛 110.0 94.0 81.5 71.0 84.0 78.0 285.5 233.0 518.5
31130 林泽豪 115.0 100.0 122.5 57.0 81.0 85.0 337.5 223.0 560.5
31131 林曾越 109.0 107.0 116.0 70.0 81.0 70.0 332.0 221.0 553.0
31132 卢楠 113.0 71.0 105.5 46.0 50.0 64.0 289.5 160.0 449.5
31133 罗世跃 99.0 88.0 99.5 60.0 74.0 69.0 286.5 203.0 489.5
31134 佘晓洁 96.0 33.0 117.0 53.0 52.0 69.0 246.0 174.0 420.0
31135 宋畅 105.0 101.0 105.5 71.0 71.0 78.0 311.5 220.0 531.5
31136 苏梓禄 87.0 39.0 66.5 31.0 63.0 54.0 192.5 148.0 340.5
31137 孙可欣 112.0 124.0 123.0 83.0 95.0 87.0 359.0 265.0 624.0
31138 王冬梅 112.0 118.0 116.5 72.0 87.0 86.0 346.5 245.0 591.5
31139 王睿琪 100.0 103.0 101.5 59.0 74.0 77.0 304.5 210.0 514.5
31140 王松波 110.0 107.0 117.0 57.0 75.0 80.0 334.0 212.0 546.0
31141 王宇涵 110.0 99.0 122.5 70.0 78.0 80.0 331.5 228.0 559.5
31142 翁锐鹏 89.0 51.0 67.0 51.0 44.0 48.0 207.0 143.0 350.0
31143 翁慎喆 107.0 98.0 102.0 59.0 87.0 77.0 307.0 223.0 530.0
31144 吴吉莉 107.0 77.0 117.5 73.0 81.0 79.0 301.5 233.0 534.5
31145 吴锦涛 87.0 59.0 52.0 49.0 54.0 49.0 198.0 152.0 350.0
31146 吴泽钟 110.0 88.0 96.0 63.0 78.0 74.0 294.0 215.0 509.0
31147 肖涵 99.0 97.0 110.5 58.0 72.0 65.0 306.5 195.0 501.5
31148 肖芷雅 106.0 90.0 120.0 64.0 65.0 77.0 316.0 206.0 522.0
31149 谢冬纯 112.0 119.0 118.5 65.0 93.0 86.0 349.5 244.0 593.5
31150 谢晴 112.0 86.0 113.5 51.0 76.0 80.0 311.5 207.0 518.5
31151 徐子东 107.0 126.0 120.0 75.0 87.0 84.0 353.0 246.0 599.0
31152 杨薇 110.0 112.0 111.5 80.0 81.0 82.0 333.5 243.0 576.5
31153 杨艺霞 113.0 96.0 125.0 75.0 81.0 85.0 334.0 241.0 575.0
31154 姚曙凯 102.0 79.0 88.5 54.0 65.0 56.0 269.5 175.0 444.5
31155 曾扬航 103.0 114.0 110.5 67.0 90.0 60.0 327.5 217.0 544.5
31156 张新阳 104.0 114.0 105.0 72.0 79.0 78.0 323.0 229.0 552.0
31157 郑长河 94.0 61.0 103.0 52.0 51.0 68.0 258.0 171.0 429.0
31158 郑力中 110.0 102.0 114.0 63.0 76.0 76.0 326.0 215.0 541.0
31159 郑润华 110.0 111.0 109.5 67.0 81.0 84.0 330.5 232.0 562.5
31160 郑逸锋 99.0 126.0 87.0 81.0 89.0 81.0 312.0 251.0 563.0
31161 周锦煜 110.0 96.0 102.0 47.0 58.0 70.0 308.0 175.0 483.0
31201 陈健颖 99.0 128.0 103.5 77.0 88.0 77.0 330.5 242.0 572.5
31202 陈楠弘 100.0 102.0 94.0 53.0 70.0 65.0 296.0 188.0 484.0
31203 陈祈丹 100.0 67.0 79.5 45.0 33.0 55.0 246.5 133.0 379.5
31204 陈舒颖 109.0 97.0 105.0 67.0 85.0 81.0 311.0 233.0 544.0
31205 陈晓婷 111.0 76.0 92.5 75.0 67.0 72.0 279.5 214.0 493.5
31206 陈雅昕 113.0 121.0 108.0 86.0 81.0 80.0 342.0 247.0 589.0
31207 陈逸泓 100.0 70.0 97.5 65.0 77.0 76.0 267.5 218.0 485.5
31208 陈裕渊 99.0 131.0 121.5 68.0 83.0 87.0 351.5 238.0 589.5
31209 程梓 96.0 71.0 95.5 71.0 74.0 71.0 262.5 216.0 478.5
31210 池霖锋 103.0 98.0 97.0 61.0 67.0 66.0 298.0 194.0 492.0
31211 高丹敏 108.0 109.0 114.5 52.0 86.0 76.0 331.5 214.0 545.5
31213 洪泳琪 112.0 90.0 123.0 68.0 84.0 91.0 325.0 243.0 568.0
31214 黄骏涵 116.0 102.0 0 66.0 65.0 0 0 0 0
31215 黄丽楠 99.0 92.0 96.5 53.0 62.0 75.0 287.5 190.0 477.5
31216 黄绵煌 114.0 81.0 106.5 52.0 71.0 66.0 301.5 189.0 490.5
31217 黄曦宇 106.0 62.0 75.5 35.0 63.0 64.0 243.5 162.0 405.5
31218 李洁淳 99.0 104.0 103.0 49.0 73.0 70.0 306.0 192.0 498.0
31219 李晓波 106.0 100.0 84.5 51.0 77.0 73.0 290.5 201.0 491.5
31220 李育纯 121.0 86.0 96.5 64.0 85.0 80.0 303.5 229.0 532.5
31221 李云山 113.0 104.0 107.0 75.0 79.0 66.0 324.0 220.0 544.0
31222 林翰韬 108.0 76.0 107.5 53.0 73.0 68.0 291.5 194.0 485.5
31223 林靖 112.0 100.0 122.0 83.0 87.0 70.0 334.0 240.0 574.0
31224 林敏英 121.0 78.0 104.0 84.0 83.0 85.0 303.0 252.0 555.0
31225 林汪灏 103.0 62.0 102.0 51.0 63.0 75.0 267.0 189.0 456.0
31226 林晓仰 110.0 85.0 99.0 74.0 57.0 68.0 294.0 199.0 493.0
31227 刘陈婷 109.0 99.0 101.0 72.0 88.0 79.0 309.0 239.0 548.0
31228 刘淇文 105.0 81.0 96.0 44.0 73.0 69.0 282.0 186.0 468.0
31229 刘逸璋 89.0 94.0 111.5 50.0 60.0 75.0 294.5 185.0 479.5
31230 罗立扬 113.0 95.0 105.0 71.0 92.0 85.0 313.0 248.0 561.0
31231 马尚霖 105.0 72.0 96.0 30.0 62.0 56.0 273.0 148.0 421.0
31232 沈楠 103.0 72.0 95.0 71.0 61.0 59.0 270.0 191.0 461.0
31233 孙奇 120.0 127.0 119.5 83.0 94.0 88.0 366.5 265.0 631.5
31234 孙泽鑫 99.0 60.0 65.5 52.0 79.0 58.0 224.5 189.0 413.5
31235 王锴 112.0 101.0 106.5 74.0 83.0 83.0 319.5 240.0 559.5
31236 王婉仪 111.0 89.0 102.5 31.0 74.0 75.0 302.5 180.0 482.5
31237 王炜 104.0 124.0 117.5 89.0 82.0 81.0 345.5 252.0 597.5
31238 王志鹏 112.0 80.0 108.5 70.0 74.0 74.0 300.5 218.0 518.5
31239 王梓菁 100.0 89.0 115.5 72.0 73.0 81.0 304.5 226.0 530.5
31240 翁子腾 98.0 80.0 110.0 59.0 76.0 74.0 288.0 209.0 497.0
31241 吴宏振 110.0 47.0 102.5 44.0 65.0 65.0 259.5 174.0 433.5
31242 吴捷健 115.0 131.0 128.5 94.0 90.0 83.0 374.5 267.0 641.5
31243 吴晓杰 98.0 106.0 105.0 90.0 78.0 85.0 309.0 253.0 562.0
31244 肖扬秀 99.0 111.0 111.5 60.0 85.0 78.0 321.5 223.0 544.5
31245 谢艾津 114.0 93.0 97.0 51.0 72.0 78.0 304.0 201.0 505.0
31246 谢泽杰 104.0 100.0 111.0 85.0 83.0 78.0 315.0 246.0 561.0
31248 许佳森 98.0 55.0 58.5 34.0 61.0 64.0 211.5 159.0 370.5
31249 许桐辉 110.0 91.0 88.0 56.0 67.0 67.0 289.0 190.0 479.0
31250 杨时骅 91.0 49.0 94.0 31.0 44.0 53.0 234.0 128.0 362.0
31251 杨时颖 108.0 70.0 97.0 47.0 77.0 83.0 275.0 207.0 482.0
31252 余洢彤 110.0 86.0 94.5 43.0 71.0 64.0 290.5 178.0 468.5
31253 曾婵娟 113.0 117.0 125.5 87.0 94.0 79.0 355.5 260.0 615.5
31254 张漫卿 105.0 41.0 80.0 43.0 53.0 59.0 226.0 155.0 381.0
31255 张睿莹 107.0 104.0 113.5 53.0 89.0 75.0 324.5 217.0 541.5
31257 郑思思 98.0 41.0 76.5 49.0 55.0 67.0 215.5 171.0 386.5
31258 郑希彦 101.0 90.0 99.5 60.0 77.0 73.0 290.5 210.0 500.5
31259 郑以豪 104.0 91.0 78.5 73.0 80.0 77.0 273.5 230.0 503.5
31260 周名弦 104.0 133.0 121.5 84.0 78.0 83.0 358.5 245.0 603.5
31261 朱源腾 98.0 86.0 98.5 59.0 64.0 74.0 282.5 197.0 479.5
31262 朱越 116.0 118.0 112.5 89.0 78.0 83.0 346.5 250.0 596.5
31301 蔡祎晖 108.0 118.0 88.0 63.0 78.0 81.0 314.0 222.0 536.0
31302 蔡永杰 99.0 80.0 86.5 54.0 81.0 74.0 265.5 209.0 474.5
31303 蔡泽莎 122.0 113.0 109.5 54.0 70.0 74.0 344.5 198.0 542.5
31304 蔡芝恬 102.0 80.0 110.0 58.0 74.0 78.0 292.0 210.0 502.0
31305 陈璐 119.0 114.0 110.5 63.0 61.0 76.0 343.5 200.0 543.5
31306 陈冉 114.0 85.0 127.5 63.0 59.0 74.0 326.5 196.0 522.5
31307 陈文博 109.0 138.0 109.5 87.0 91.0 91.0 356.5 269.0 625.5
31308 陈宇铭 105.0 94.0 106.0 74.0 86.0 81.0 305.0 241.0 546.0
31309 陈岳彬 105.0 102.0 112.5 70.0 67.0 81.0 319.5 218.0 537.5
31310 郭剑豪 104.0 115.0 113.5 61.0 72.0 73.0 332.5 206.0 538.5
31311 黄凯丽 111.0 97.0 110.5 61.0 73.0 73.0 318.5 207.0 525.5
31312 黄宇阳 109.0 143.0 122.5 88.0 90.0 89.0 374.5 267.0 641.5
31313 黄桢栩 110.0 75.0 107.5 56.0 68.0 85.0 292.5 209.0 501.5
31314 黄柱铭 98.0 103.0 92.0 69.0 80.0 72.0 293.0 221.0 514.0
31315 赖浩锋 115.0 125.0 103.5 82.0 88.0 82.0 343.5 252.0 595.5
31316 李斯涵 0 102.0 0 0 6.0 0 0 0 0
31317 林耿烨 110.0 109.0 121.0 73.0 82.0 85.0 340.0 240.0 580.0
31318 林炜钿 108.0 71.0 89.5 41.0 68.0 60.0 268.5 169.0 437.5
31320 林子棉 107.0 130.0 96.0 81.0 87.0 87.0 333.0 255.0 588.0
31321 刘佳彤 101.0 71.0 99.5 45.0 55.0 77.0 271.5 177.0 448.5
31322 刘珊 114.0 97.0 130.5 58.0 71.0 83.0 341.5 212.0 553.5
31323 陆齐 104.0 91.0 112.0 57.0 75.0 80.0 307.0 212.0 519.0
31324 马丹泓 109.0 89.0 62.5 52.0 66.0 71.0 260.5 189.0 449.5
31325 马伟根 107.0 122.0 110.5 77.0 94.0 87.0 339.5 258.0 597.5
31326 欧斐斐 118.0 105.0 127.5 69.0 68.0 84.0 350.5 221.0 571.5
31327 宋伊钿 107.0 83.0 107.0 52.0 69.0 63.0 297.0 184.0 481.0
31328 苏昉 96.0 87.0 112.0 58.0 70.0 86.0 295.0 214.0 509.0
31329 孙佳笙 110.0 101.0 108.0 47.0 74.0 74.0 319.0 195.0 514.0
31330 孙隽源 111.0 132.0 122.0 67.0 77.0 79.0 365.0 223.0 588.0
31331 吴国炀 98.0 66.0 102.0 69.0 69.0 69.0 266.0 207.0 473.0
31332 吴铭泓 111.0 105.0 106.0 63.0 82.0 89.0 322.0 234.0 556.0
31333 吴任诚 108.0 67.0 90.5 60.0 59.0 55.0 265.5 174.0 439.5
31334 吴之林 111.0 108.0 102.0 45.0 66.0 86.0 321.0 197.0 518.0
31335 肖林昕 93.0 23.0 86.5 20.0 39.0 60.0 202.5 119.0 321.5
31336 谢键焕 104.0 127.0 98.5 96.0 97.0 80.0 329.5 273.0 602.5
31338 徐略 94.0 46.0 78.5 39.0 50.0 59.0 218.5 148.0 366.5
31339 徐紫丹 109.0 110.0 98.0 58.0 65.0 65.0 317.0 188.0 505.0
31340 许锦涛 107.0 101.0 107.5 68.0 94.0 89.0 315.5 251.0 566.5
31341 许稚芝 114.0 109.0 101.0 65.0 71.0 64.0 324.0 200.0 524.0
31342 许宗蕾 88.0 81.0 84.5 38.0 51.0 67.0 253.5 156.0 409.5
31343 颜舒洁 108.0 41.0 103.0 35.0 50.0 79.0 252.0 164.0 416.0
31344 羊恩跃 103.0 87.0 69.5 75.0 77.0 78.0 259.5 230.0 489.5
31345 杨璐洁 109.0 104.0 106.5 54.0 62.0 75.0 319.5 191.0 510.5
31346 杨宓 112.0 127.0 109.0 70.0 50.0 78.0 348.0 198.0 546.0
31347 杨晓虹 104.0 76.0 99.0 66.0 56.0 80.0 279.0 202.0 481.0
31348 姚佳宜 122.0 96.0 101.0 72.0 68.0 84.0 319.0 224.0 543.0
31349 姚星宇 94.0 80.0 89.0 58.0 57.0 69.0 263.0 184.0 447.0
31350 姚映苗 122.0 105.0 121.5 60.0 70.0 86.0 348.5 216.0 564.5
31351 余嘉梓 121.0 96.0 99.0 67.0 63.0 75.0 316.0 205.0 521.0
31352 曾博宇 118.0 127.0 120.0 67.0 92.0 92.0 365.0 251.0 616.0
31354 曾坚锐 111.0 102.0 103.0 60.0 77.0 67.0 316.0 204.0 520.0
31355 曾妍 112.0 101.0 81.5 62.0 63.0 74.0 294.5 199.0 493.5
31356 詹海鹏 108.0 124.0 100.0 81.0 89.0 78.0 332.0 248.0 580.0
31357 詹絮素 113.0 60.0 108.0 55.0 57.0 62.0 281.0 174.0 455.0
31358 张泽恩 101.0 87.0 79.0 40.0 81.0 67.0 267.0 188.0 455.0
31359 章智秋 108.0 106.0 105.0 76.0 94.0 87.0 319.0 257.0 576.0
31360 郑少锐 104.0 91.0 81.0 46.0 58.0 79.0 276.0 183.0 459.0
31361 郑泽明 121.0 123.0 105.5 57.0 84.0 72.0 349.5 213.0 562.5
31362 庄鸿鑫 106.0 107.0 117.5 80.0 91.0 82.0 330.5 253.0 583.5
31401 陈岱芃 119.0 112.0 133.5 64.0 79.0 84.0 364.5 227.0 591.5
31402 陈端华 106.0 103.0 115.0 58.0 62.0 72.0 324.0 192.0 516.0
31403 陈挥遒 101.0 83.0 107.5 62.0 63.0 45.0 291.5 170.0 461.5
31404 陈建诚 109.0 108.0 129.5 63.0 86.0 82.0 346.5 231.0 577.5
31405 陈沛峰 100.0 89.0 64.5 56.0 48.0 63.0 253.5 167.0 420.5
31406 陈芃 105.0 121.0 118.0 71.0 68.0 76.0 344.0 215.0 559.0
31407 陈铄霓 109.0 95.0 94.5 46.0 72.0 77.0 298.5 195.0 493.5
31408 陈奕希 106.0 65.0 113.5 42.0 81.0 74.0 284.5 197.0 481.5
31409 陈泽伟 113.0 107.0 115.5 62.0 83.0 73.0 335.5 218.0 553.5
31410 陈喆慧 121.0 88.0 92.5 58.0 79.0 79.0 301.5 216.0 517.5
31411 陈至渲 107.0 121.0 128.0 82.0 90.0 88.0 356.0 260.0 616.0
31412 陈佐治 116.0 117.0 128.0 100.0 97.0 88.0 361.0 285.0 646.0
31413 邓昱聪 108.0 102.0 107.5 58.0 59.0 85.0 317.5 202.0 519.5
31414 邓泽淳 97.0 98.0 97.0 64.0 64.0 79.0 292.0 207.0 499.0
31415 冯嘉俊 99.0 88.0 86.0 64.0 96.0 88.0 273.0 248.0 521.0
31416 龚泽颖 113.0 113.0 117.0 76.0 74.0 82.0 343.0 232.0 575.0
31417 郭冰桦 105.0 111.0 123.0 59.0 78.0 85.0 339.0 222.0 561.0
31418 黄恩童 104.0 106.0 107.0 68.0 66.0 77.0 317.0 211.0 528.0
31419 黄桂凤 109.0 127.0 79.5 57.0 70.0 69.0 315.5 196.0 511.5
31420 江锦虹 106.0 115.0 104.0 65.0 78.0 89.0 325.0 232.0 557.0
31421 李佳晟 113.0 115.0 125.5 63.0 57.0 81.0 353.5 201.0 554.5
31422 李楠 114.0 111.0 113.0 79.0 80.0 91.0 338.0 250.0 588.0
31423 李舒婷 106.0 112.0 107.0 70.0 64.0 84.0 325.0 218.0 543.0
31424 李易熹 105.0 107.0 129.0 68.0 82.0 80.0 341.0 230.0 571.0
31425 林泓 104.0 88.0 101.5 56.0 84.0 68.0 293.5 208.0 501.5
31426 林可依 116.0 122.0 96.5 74.0 74.0 69.0 334.5 217.0 551.5
31427 林珮汝 108.0 93.0 112.5 51.0 75.0 79.0 313.5 205.0 518.5
31428 林心玥 111.0 76.0 105.5 48.0 54.0 68.0 292.5 170.0 462.5
31429 刘硕霓 110.0 109.0 111.0 67.0 87.0 88.0 330.0 242.0 572.0
31430 刘易恺 119.0 123.0 110.0 87.0 84.0 79.0 352.0 250.0 602.0
31431 卢琳绵 122.0 99.0 108.5 62.0 72.0 83.0 329.5 217.0 546.5
31432 吕远东 104.0 125.0 99.5 76.0 86.0 80.0 328.5 242.0 570.5
31433 马旭民 110.0 110.0 102.0 79.0 84.0 88.0 322.0 251.0 573.0
31434 麦泽涵 123.0 124.0 116.5 74.0 82.0 83.0 363.5 239.0 602.5
31435 邱鸿鑫 98.0 91.0 104.0 68.0 76.0 84.0 293.0 228.0 521.0
31436 邱诗钿 100.0 54.0 91.5 43.0 52.0 58.0 245.5 153.0 398.5
31437 邱梓妍 112.0 104.0 114.0 54.0 75.0 77.0 330.0 206.0 536.0
31438 谭妍真 106.0 94.0 98.5 62.0 67.0 85.0 298.5 214.0 512.5
31439 王毓佳 104.0 75.0 86.5 66.0 78.0 86.0 265.5 230.0 495.5
31440 吴昊 103.0 44.0 113.0 31.0 26.0 39.0 260.0 96.0 356.0
31441 吴浩瀚 111.0 78.0 73.0 75.0 65.0 68.0 262.0 208.0 470.0
31442 吴彤君 94.0 90.0 111.5 53.0 67.0 74.0 295.5 194.0 489.5
31443 肖培亮 110.0 115.0 121.5 81.0 80.0 86.0 346.5 247.0 593.5
31444 谢碧瑶 113.0 114.0 113.5 72.0 84.0 83.0 340.5 239.0 579.5
31445 辛杨淳 112.0 112.0 123.0 71.0 75.0 85.0 347.0 231.0 578.0
31446 徐国玮 103.0 94.0 99.5 55.0 65.0 71.0 296.5 191.0 487.5
31447 徐铤 102.0 120.0 114.0 75.0 78.0 75.0 336.0 228.0 564.0
31448 许凯涵 101.0 107.0 120.5 67.0 70.0 79.0 328.5 216.0 544.5
31449 许正纲 104.0 87.0 65.0 46.0 64.0 72.0 256.0 182.0 438.0
31450 杨琳 105.0 93.0 94.0 41.0 59.0 80.0 292.0 180.0 472.0
31451 杨泽仪 95.0 97.0 109.5 61.0 70.0 64.0 301.5 195.0 496.5
31452 姚广濠 115.0 109.0 121.0 83.0 80.0 89.0 345.0 252.0 597.0
31453 叶济东 102.0 76.0 108.5 65.0 71.0 75.0 286.5 211.0 497.5
31454 叶洋 100.0 74.0 98.0 73.0 63.0 64.0 272.0 200.0 472.0
31455 余旭玮 110.0 85.0 101.5 44.0 53.0 68.0 296.5 165.0 461.5
31456 曾思沛 108.0 107.0 91.5 64.0 68.0 60.0 306.5 192.0 498.5
31457 张睿博 102.0 88.0 104.0 82.0 59.0 75.0 294.0 216.0 510.0
31458 章炫锐 111.0 117.0 107.0 71.0 83.0 91.0 335.0 245.0 580.0
31459 章梓烨 109.0 69.0 103.5 40.0 74.0 69.0 281.5 183.0 464.5
31460 郑康 100.0 86.0 110.5 75.0 62.0 79.0 296.5 216.0 512.5
31461 郑宇婷 114.0 93.0 110.5 54.0 72.0 77.0 317.5 203.0 520.5
31462 庄泽达 92.0 31.0 72.0 27.0 27.0 36.0 195.0 90.0 285.0
31501 蔡嘉煜 77.0 91.0 89.5 71.0 75.0 72.0 257.5 218.0 475.5
31502 陈力 108.0 85.0 96.5 42.0 78.0 82.0 289.5 202.0 491.5
31503 陈梦琪 99.0 132.0 117.5 62.0 89.0 88.0 348.5 239.0 587.5
31504 陈培铭 100.0 110.0 91.0 53.0 83.0 82.0 301.0 218.0 519.0
31505 陈佩恋 100.0 84.0 87.0 64.0 67.0 81.0 271.0 212.0 483.0
31506 陈斯哲 100.0 115.0 91.5 72.0 90.0 78.0 306.5 240.0 546.5
31507 陈文浩 115.0 125.0 108.5 85.0 90.0 82.0 348.5 257.0 605.5
31508 陈漪皓 108.0 101.0 109.0 53.0 80.0 48.0 318.0 181.0 499.0
31509 陈溢煌 106.0 97.0 82.0 63.0 83.0 79.0 285.0 225.0 510.0
31510 陈梓轩 104.0 80.0 87.5 46.0 68.0 72.0 271.5 186.0 457.5
31511 程晓婷 120.0 97.0 113.0 80.0 94.0 84.0 330.0 258.0 588.0
31512 杜浜弘 96.0 53.0 88.5 33.0 55.0 57.0 237.5 145.0 382.5
31513 杜佳锴 99.0 135.0 87.5 81.0 89.0 71.0 321.5 241.0 562.5
31514 方宇驰 108.0 111.0 79.5 60.0 82.0 79.0 298.5 221.0 519.5
31515 高越 107.0 123.0 108.5 78.0 84.0 83.0 338.5 245.0 583.5
31516 洪戈 98.0 119.0 109.0 70.0 88.0 80.0 326.0 238.0 564.0
31517 黄向鸿 115.0 109.0 112.0 50.0 73.0 65.0 336.0 188.0 524.0
31518 黄泽山 105.0 57.0 55.5 68.0 53.0 52.0 217.5 173.0 390.5
31519 黄梓彤 110.0 87.0 115.5 79.0 71.0 89.0 312.5 239.0 551.5
31520 柯金宏 109.0 116.0 112.0 81.0 83.0 85.0 337.0 249.0 586.0
31521 赖炜豪 109.0 102.0 107.5 59.0 78.0 81.0 318.5 218.0 536.5
31522 李涵 105.0 95.0 100.5 68.0 77.0 74.0 300.5 219.0 519.5
31523 李沐峻 103.0 96.0 86.0 70.0 78.0 77.0 285.0 225.0 510.0
31524 李润熹 106.0 98.0 101.5 69.0 85.0 78.0 305.5 232.0 537.5
31525 李舒婷 105.0 113.0 123.0 73.0 73.0 88.0 341.0 234.0 575.0
31526 李梓煌 102.0 73.0 107.0 75.0 72.0 76.0 282.0 223.0 505.0
31527 林钗 106.0 107.0 98.5 62.0 72.0 72.0 311.5 206.0 517.5
31528 林若欣 118.0 124.0 124.5 80.0 77.0 84.0 366.5 241.0 607.5
31529 林爽 107.0 88.0 117.5 55.0 66.0 89.0 312.5 210.0 522.5
31530 刘粉婷 99.0 128.0 113.5 76.0 94.0 94.0 340.5 264.0 604.5
31531 刘烨桦 105.0 90.0 102.0 48.0 68.0 71.0 297.0 187.0 484.0
31532 彭瀚锟 98.0 77.0 70.5 44.0 73.0 77.0 245.5 194.0 439.5
31533 邱霜晓 101.0 84.0 106.5 45.0 69.0 83.0 291.5 197.0 488.5
31534 沈晓琦 109.0 101.0 114.5 61.0 75.0 71.0 324.5 207.0 531.5
31535 王曙丹 109.0 84.0 94.0 76.0 65.0 81.0 287.0 222.0 509.0
31536 王泽翔 103.0 87.0 82.0 79.0 79.0 80.0 272.0 238.0 510.0
31537 翁梓洪 88.0 83.0 72.0 38.0 35.0 62.0 243.0 135.0 378.0
31538 吴林瀚 96.0 112.0 92.0 57.0 84.0 82.0 300.0 223.0 523.0
31540 谢梦霞 111.0 101.0 101.5 42.0 64.0 75.0 313.5 181.0 494.5
31541 谢泳凯 104.0 141.0 114.0 88.0 100.0 92.0 359.0 280.0 639.0
31542 谢植煌 99.0 106.0 85.5 67.0 77.0 69.0 290.5 213.0 503.5
31544 许欢 100.0 67.0 109.5 57.0 73.0 81.0 276.5 211.0 487.5
31545 许越 108.0 94.0 107.0 62.0 80.0 67.0 309.0 209.0 518.0
31546 杨小嬉 107.0 115.0 106.5 64.0 62.0 82.0 328.5 208.0 536.5
31547 杨铮楷 109.0 104.0 99.0 76.0 70.0 76.0 312.0 222.0 534.0
31548 姚喆仪 113.0 114.0 92.5 58.0 55.0 73.0 319.5 186.0 505.5
31549 袁若瑶 110.0 124.0 90.5 61.0 68.0 78.0 324.5 207.0 531.5
31550 曾少擎 104.0 100.0 105.0 52.0 76.0 85.0 309.0 213.0 522.0
31551 曾欣哲 99.0 89.0 121.0 71.0 98.0 91.0 309.0 260.0 569.0
31552 张志鹏 114.0 123.0 100.5 71.0 88.0 88.0 337.5 247.0 584.5
31553 赵晓冰 96.0 85.0 95.0 48.0 56.0 72.0 276.0 176.0 452.0
31554 郑帆 105.0 107.0 109.0 65.0 79.0 65.0 321.0 209.0 530.0
31555 郑杰 108.0 141.0 104.0 91.0 96.0 90.0 353.0 277.0 630.0
31556 郑婕 108.0 101.0 97.5 56.0 72.0 84.0 306.5 212.0 518.5
31557 郑钧璟 112.0 99.0 116.0 64.0 81.0 82.0 327.0 227.0 554.0
31558 郑丽璇 113.0 108.0 123.5 60.0 87.0 84.0 344.5 231.0 575.5
31559 郑婷芝 102.0 101.0 89.0 60.0 67.0 70.0 292.0 197.0 489.0
31560 郑鑫海 104.0 98.0 110.5 64.0 74.0 83.0 312.5 221.0 533.5
31561 周健驰 98.0 109.0 100.0 62.0 74.0 80.0 307.0 216.0 523.0
31562 邹丹纯 105.0 77.0 111.0 39.0 80.0 72.0 293.0 191.0 484.0
31601 蔡慈瀚 100.0 126.0 122.5 78.0 90.0 74.0 348.5 242.0 590.5
31602 蔡君悦 107.0 93.0 96.0 60.0 75.0 72.0 296.0 207.0 503.0
31603 陈东晗 88.0 116.0 102.0 78.0 66.0 64.0 306.0 208.0 514.0
31604 陈佳伶 100.0 98.0 104.0 61.0 72.0 69.0 302.0 202.0 504.0
31605 陈佳盈 108.0 113.0 91.0 76.0 80.0 79.0 312.0 235.0 547.0
31607 陈敏儿 111.0 131.0 99.0 60.0 88.0 83.0 341.0 231.0 572.0
31608 陈派捷 98.0 113.0 95.5 80.0 64.0 64.0 306.5 208.0 514.5
31609 陈日 97.0 79.0 95.5 63.0 76.0 70.0 271.5 209.0 480.5
31610 陈逸镕 105.0 96.0 109.0 52.0 76.0 82.0 310.0 210.0 520.0
31611 陈莹 97.0 82.0 103.0 56.0 74.0 68.0 282.0 198.0 480.0
31612 陈滢 112.0 84.0 106.0 72.0 88.0 84.0 302.0 244.0 546.0
31613 陈梓鑫 101.0 66.0 92.5 36.0 62.0 69.0 259.5 167.0 426.5
31614 方浩锴 116.0 110.0 111.5 65.0 82.0 57.0 337.5 204.0 541.5
31615 黄谷 0 90.0 0 0 89.0 0 0 0 0
31616 黄浩扬 114.0 137.0 120.0 82.0 91.0 83.0 371.0 256.0 627.0
31617 黄锐敏 109.0 110.0 114.5 73.0 83.0 76.0 333.5 232.0 565.5
31618 黄少邑 87.0 85.0 103.5 48.0 70.0 75.0 275.5 193.0 468.5
31619 黄舒乐 102.0 67.0 95.5 37.0 67.0 66.0 264.5 170.0 434.5
31620 江佳仪 100.0 127.0 98.0 84.0 89.0 83.0 325.0 256.0 581.0
31621 李嘉鑫 98.0 117.0 92.5 66.0 73.0 77.0 307.5 216.0 523.5
31622 李琳丹 105.0 120.0 121.0 71.0 70.0 68.0 346.0 209.0 555.0
31623 李暄婷 107.0 71.0 104.0 57.0 64.0 75.0 282.0 196.0 478.0
31624 李奕 101.0 60.0 78.0 52.0 60.0 68.0 239.0 180.0 419.0
31625 廖骊涵 106.0 100.0 106.0 47.0 64.0 65.0 312.0 176.0 488.0
31626 廖澍镔 94.0 93.0 118.0 68.0 91.0 89.0 305.0 248.0 553.0
31627 林灿荣 54.0 67.0 104.5 41.0 51.0 55.0 225.5 147.0 372.5
31628 林冠之 103.0 113.0 106.0 61.0 76.0 74.0 322.0 211.0 533.0
31629 林楠 100.0 111.0 86.5 84.0 89.0 70.0 297.5 243.0 540.5
31630 林树红 106.0 107.0 110.5 64.0 89.0 75.0 323.5 228.0 551.5
31631 林仪 96.0 78.0 100.5 50.0 70.0 73.0 274.5 193.0 467.5
31632 林意 114.0 97.0 99.0 51.0 79.0 64.0 310.0 194.0 504.0
31633 刘思煌 104.0 124.0 106.5 90.0 94.0 83.0 334.5 267.0 601.5
31634 刘奕 108.0 108.0 96.5 71.0 76.0 73.0 312.5 220.0 532.5
31635 刘泽 89.0 77.0 65.0 61.0 79.0 54.0 231.0 194.0 425.0
31636 柳婷 111.0 108.0 124.5 83.0 93.0 89.0 343.5 265.0 608.5
31637 卢开书 110.0 79.0 107.5 71.0 76.0 80.0 296.5 227.0 523.5
31638 马润青 107.0 111.0 113.5 75.0 90.0 79.0 331.5 244.0 575.5
31639 彭灏 98.0 60.0 105.5 66.0 77.0 62.0 263.5 205.0 468.5
31640 孙熹珣 111.0 100.0 112.5 57.0 85.0 71.0 323.5 213.0 536.5
31641 孙烨 107.0 95.0 119.0 51.0 67.0 71.0 321.0 189.0 510.0
31642 王海槟 109.0 110.0 95.5 55.0 86.0 72.0 314.5 213.0 527.5
31643 王晓钟 110.0 117.0 104.0 71.0 86.0 82.0 331.0 239.0 570.0
31644 王雨青 100.0 104.0 86.5 50.0 87.0 64.0 290.5 201.0 491.5
31645 吴毅聪 99.0 55.0 93.5 61.0 68.0 44.0 247.5 173.0 420.5
31646 吴梓帆 108.0 129.0 123.0 90.0 95.0 81.0 360.0 266.0 626.0
31647 谢尘沐 103.0 70.0 101.0 52.0 76.0 78.0 274.0 206.0 480.0
31648 谢锦珮 104.0 59.0 113.0 38.0 58.0 63.0 276.0 159.0 435.0
31649 谢小雪 121.0 128.0 116.5 79.0 80.0 79.0 365.5 238.0 603.5
31650 谢奕纯 97.0 52.0 100.0 38.0 57.0 50.0 249.0 145.0 394.0
31651 杨涵 97.0 98.0 91.5 52.0 69.0 71.0 286.5 192.0 478.5
31652 姚采妮 101.0 63.0 97.0 42.0 64.0 72.0 261.0 178.0 439.0
31653 余泽泰 114.0 107.0 108.5 62.0 96.0 85.0 329.5 243.0 572.5
31654 张泽琳 118.0 121.0 121.0 79.0 88.0 84.0 360.0 251.0 611.0
31655 张泽宇 100.0 129.0 112.5 86.0 74.0 82.0 341.5 242.0 583.5
31656 章婉仪 100.0 107.0 119.0 52.0 89.0 80.0 326.0 221.0 547.0
31657 赵先铎 107.0 106.0 111.0 79.0 93.0 81.0 324.0 253.0 577.0
31658 郑涵禧 101.0 105.0 106.5 37.0 79.0 66.0 312.5 182.0 494.5
31659 郑林楷 94.0 124.0 83.5 83.0 85.0 51.0 301.5 219.0 520.5
31660 郑镇灏 107.0 97.0 102.5 67.0 77.0 64.0 306.5 208.0 514.5
31661 郑重 89.0 102.0 89.5 62.0 68.0 45.0 280.5 175.0 455.5
31662 朱俊宇 106.0 91.0 69.0 31.0 75.0 76.0 266.0 182.0 448.0
31663 庄声锐 87.0 68.0 89.5 46.0 44.0 52.0 244.5 142.0 386.5
31701 蔡金沛 106.0 85.0 89.0 34.0 80.0 64.0 280.0 178.0 458.0
31702 蔡俊峰 101.0 93.0 106.5 68.0 69.0 76.0 300.5 213.0 513.5
31703 曹宇韬 109.0 116.0 93.5 67.0 58.0 62.0 318.5 187.0 505.5
31704 陈大立 103.0 97.0 122.0 86.0 94.0 85.0 322.0 265.0 587.0
31705 陈浩杰 109.0 84.0 105.0 62.0 78.0 76.0 298.0 216.0 514.0
31706 陈沛润 115.0 92.0 102.5 80.0 78.0 79.0 309.5 237.0 546.5
31707 陈锐 113.0 120.0 117.0 86.0 94.0 84.0 350.0 264.0 614.0
31708 陈烁 98.0 117.0 89.0 63.0 81.0 74.0 304.0 218.0 522.0
31709 陈学诚 108.0 103.0 121.5 71.0 85.0 79.0 332.5 235.0 567.5
31710 陈韫颖 112.0 87.0 107.0 49.0 59.0 72.0 306.0 180.0 486.0
31711 陈泽鑫 95.0 89.0 92.0 15.0 47.0 24.0 276.0 86.0 362.0
31712 陈中一 115.0 103.0 111.0 66.0 93.0 79.0 329.0 238.0 567.0
31713 何伊慧 101.0 73.0 112.5 53.0 62.0 76.0 286.5 191.0 477.5
31714 侯思涵 113.0 70.0 126.5 39.0 72.0 66.0 309.5 177.0 486.5
31715 黄彬霆 99.0 96.0 94.5 65.0 74.0 77.0 289.5 216.0 505.5
31716 黄丹 93.0 23.0 68.5 21.0 22.0 12.0 184.5 55.0 239.5
31717 黄光炳 94.0 72.0 70.5 44.0 45.0 47.0 236.5 136.0 372.5
31718 黄慧敏 110.0 109.0 119.0 72.0 82.0 81.0 338.0 235.0 573.0
31719 黄思翰 99.0 122.0 108.0 73.0 93.0 70.0 329.0 236.0 565.0
31720 黄伟纯 109.0 81.0 110.5 66.0 65.0 77.0 300.5 208.0 508.5
31721 黄莹 121.0 111.0 109.0 67.0 93.0 79.0 341.0 239.0 580.0
31722 黄梓芸 106.0 59.0 100.0 35.0 51.0 41.0 265.0 127.0 392.0
31723 江相渝 104.0 74.0 90.0 42.0 71.0 74.0 268.0 187.0 455.0
31724 李洁瀚 105.0 102.0 122.5 67.0 87.0 76.0 329.5 230.0 559.5
31725 林仰 99.0 97.0 111.0 59.0 85.0 74.0 307.0 218.0 525.0
31726 林雍权 109.0 87.0 102.0 73.0 95.0 71.0 298.0 239.0 537.0
31727 刘嘉鑫 107.0 78.0 92.0 51.0 60.0 65.0 277.0 176.0 453.0
31728 卢荣泰 110.0 109.0 115.5 71.0 87.0 82.0 334.5 240.0 574.5
31729 卢仪蕊 104.0 86.0 100.0 56.0 65.0 67.0 290.0 188.0 478.0
31730 马学盈 117.0 87.0 122.0 49.0 75.0 72.0 326.0 196.0 522.0
31731 马直先 112.0 110.0 94.0 67.0 77.0 77.0 316.0 221.0 537.0
31732 麦博 107.0 115.0 126.5 71.0 93.0 81.0 348.5 245.0 593.5
31733 欧阳生 115.0 110.0 114.0 75.0 84.0 84.0 339.0 243.0 582.0
31734 彭琪 108.0 63.0 92.0 76.0 67.0 49.0 263.0 192.0 455.0
31735 佘晓环 98.0 71.0 100.5 61.0 63.0 70.0 269.5 194.0 463.5
31736 王基鸿 119.0 118.0 117.0 75.0 90.0 80.0 354.0 245.0 599.0
31737 王俊澎 110.0 103.0 117.0 76.0 88.0 78.0 330.0 242.0 572.0
31738 王烔毅 105.0 70.0 95.0 68.0 87.0 53.0 270.0 208.0 478.0
31740 王真子 106.0 100.0 100.5 64.0 85.0 78.0 306.5 227.0 533.5
31741 吴俊翰 101.0 100.0 94.5 56.0 77.0 72.0 295.5 205.0 500.5
31742 吴彤沛 93.0 78.0 106.5 26.0 83.0 75.0 277.5 184.0 461.5
31744 谢锶琦 112.0 112.0 101.5 60.0 71.0 67.0 325.5 198.0 523.5
31745 许锶妍 116.0 93.0 114.0 61.0 60.0 62.0 323.0 183.0 506.0
31746 许奕烁 102.0 80.0 78.0 38.0 55.0 60.0 260.0 153.0 413.0
31747 许哲浩 109.0 115.0 120.0 59.0 88.0 79.0 344.0 226.0 570.0
31748 杨铠翔 103.0 92.0 80.5 67.0 82.0 80.0 275.5 229.0 504.5
31749 杨腾 103.0 43.0 75.5 23.0 36.0 62.0 221.5 121.0 342.5
31750 姚佳妮 120.0 82.0 99.5 70.0 82.0 90.0 301.5 242.0 543.5
31751 张纯 99.0 97.0 110.0 60.0 74.0 66.0 306.0 200.0 506.0
31752 张锐翰 106.0 67.0 80.5 39.0 64.0 54.0 253.5 157.0 410.5
31754 张奕 103.0 55.0 108.5 22.0 52.0 54.0 266.5 128.0 394.5
31755 张翼 96.0 72.0 97.0 55.0 78.0 54.0 265.0 187.0 452.0
31756 章家竣 112.0 118.0 120.5 71.0 83.0 81.0 350.5 235.0 585.5
31757 郑慈香 113.0 74.0 105.5 58.0 77.0 78.0 292.5 213.0 505.5
31758 郑曼燕 102.0 71.0 101.0 55.0 66.0 69.0 274.0 190.0 464.0
31759 郑铭 93.0 47.0 99.5 39.0 55.0 51.0 239.5 145.0 384.5
31761 周锴捷 108.0 82.0 106.5 60.0 83.0 58.0 296.5 201.0 497.5
31762 庄本熙 87.0 90.0 86.5 71.0 63.0 50.0 263.5 184.0 447.5
31763 黄钰莹 93.0 96.0 119.5 66.0 74.0 68.0 308.5 208.0 516.5
31764 王宏 110.0 86.0 120.5 67.0 83.0 76.0 316.5 226.0 542.5
31801 陈鸿飞 100.0 106.0 111.0 57.0 65.0 73.0 317.0 195.0 512.0
31802 陈家思 100.0 114.0 96.5 77.0 78.0 81.0 310.5 236.0 546.5
31803 陈立芃 104.0 85.0 111.0 68.0 68.0 60.0 300.0 196.0 496.0
31804 陈齐骏 28.0 28.0 0 0 0 0 0 0 0
31805 陈润铎 107.0 88.0 102.0 56.0 54.0 54.0 297.0 164.0 461.0
31806 陈润楷 0 99.0 0 0 77.0 0 0 0 0
31807 陈鑫冰 100.0 89.0 103.5 50.0 79.0 80.0 292.5 209.0 501.5
31808 陈永佳 100.0 115.0 113.0 78.0 85.0 78.0 328.0 241.0 569.0
31809 陈元嘉 92.0 94.0 100.5 68.0 84.0 72.0 286.5 224.0 510.5
31810 冯钰冰 104.0 83.0 94.0 73.0 57.0 72.0 281.0 202.0 483.0
31811 何畅 94.0 53.0 78.0 30.0 51.0 56.0 225.0 137.0 362.0
31812 黄怀瑶 95.0 76.0 112.0 39.0 53.0 59.0 283.0 151.0 434.0
31813 黄凯鹏 106.0 54.0 93.0 54.0 56.0 68.0 253.0 178.0 431.0
31814 黄昕仪 109.0 127.0 127.5 89.0 98.0 76.0 363.5 263.0 626.5
31815 黄泽宇 101.0 70.0 99.5 51.0 74.0 70.0 270.5 195.0 465.5
31816 康思妹 104.0 95.0 104.5 51.0 65.0 76.0 303.5 192.0 495.5
31817 孔雪欣 106.0 87.0 98.0 43.0 72.0 78.0 291.0 193.0 484.0
31818 赖淑凌 108.0 68.0 98.5 50.0 82.0 71.0 274.5 203.0 477.5
31819 李俊 104.0 80.0 112.5 46.0 87.0 69.0 296.5 202.0 498.5
31820 李楠 109.0 116.0 103.0 65.0 80.0 80.0 328.0 225.0 553.0
31821 李蔚东 91.0 128.0 96.5 85.0 96.0 87.0 315.5 268.0 583.5
31822 李昕 90.0 117.0 86.5 77.0 86.0 70.0 293.5 233.0 526.5
31823 连泓杰 104.0 118.0 102.0 69.0 77.0 74.0 324.0 220.0 544.0
31824 林泓 106.0 88.0 84.5 65.0 80.0 76.0 278.5 221.0 499.5
31825 林培润 99.0 83.0 88.0 42.0 56.0 59.0 270.0 157.0 427.0
31826 林绮娜 109.0 137.0 115.0 57.0 93.0 89.0 361.0 239.0 600.0
31827 林昕 104.0 115.0 97.0 66.0 77.0 78.0 316.0 221.0 537.0
31828 林奕敏 109.0 99.0 97.0 63.0 89.0 83.0 305.0 235.0 540.0
31829 林泽辉 98.0 94.0 90.5 50.0 85.0 66.0 282.5 201.0 483.5
31830 林泽炜 111.0 113.0 108.5 78.0 89.0 81.0 332.5 248.0 580.5
31831 林增瑞 105.0 114.0 100.5 49.0 79.0 66.0 319.5 194.0 513.5
31832 刘丁玮 109.0 96.0 103.5 81.0 83.0 86.0 308.5 250.0 558.5
31833 卢呈焕 98.0 88.0 103.0 63.0 68.0 60.0 289.0 191.0 480.0
31834 卢智扬 101.0 63.0 116.5 47.0 62.0 63.0 280.5 172.0 452.5
31835 罗亿权 95.0 43.0 88.5 35.0 68.0 52.0 226.5 155.0 381.5
31836 邱乐思 106.0 107.0 116.0 67.0 88.0 82.0 329.0 237.0 566.0
31837 佘涵 110.0 118.0 103.5 60.0 91.0 67.0 331.5 218.0 549.5
31838 汤钰瑛 114.0 59.0 110.0 41.0 60.0 72.0 283.0 173.0 456.0
31839 王佩佩 107.0 90.0 108.0 58.0 92.0 81.0 305.0 231.0 536.0
31840 王思佳 105.0 106.0 113.5 64.0 84.0 79.0 324.5 227.0 551.5
31841 王晓泽 102.0 68.0 80.0 50.0 62.0 56.0 250.0 168.0 418.0
31842 王振东 102.0 127.0 116.0 98.0 78.0 78.0 345.0 254.0 599.0
31843 王子瑜 100.0 110.0 91.5 60.0 83.0 68.0 301.5 211.0 512.5
31844 吴绍邦 96.0 118.0 119.0 67.0 93.0 78.0 333.0 238.0 571.0
31845 吴水滇 96.0 104.0 110.5 54.0 67.0 46.0 310.5 167.0 477.5
31846 吴晓琪 106.0 98.0 103.0 49.0 73.0 71.0 307.0 193.0 500.0
31847 吴昕 107.0 71.0 108.5 46.0 67.0 73.0 286.5 186.0 472.5
31848 谢昱康 113.0 87.0 105.0 74.0 75.0 61.0 305.0 210.0 515.0
31849 姚少云 108.0 57.0 80.5 49.0 63.0 52.0 245.5 164.0 409.5
31850 余博浩 96.0 68.0 0 0 71.0 0 0 0 0
31851 曾泓燊 96.0 115.0 102.5 69.0 80.0 84.0 313.5 233.0 546.5
31852 曾佳泓 106.0 73.0 87.5 60.0 76.0 68.0 266.5 204.0 470.5
31853 曾琳 104.0 97.0 121.0 50.0 83.0 74.0 322.0 207.0 529.0
31854 曾宪瀚 106.0 71.0 73.5 55.0 56.0 77.0 250.5 188.0 438.5
31855 曾伊琳 103.0 80.0 84.5 47.0 78.0 69.0 267.5 194.0 461.5
31856 张随娜 121.0 89.0 118.0 70.0 81.0 65.0 328.0 216.0 544.0
31857 张育铭 112.0 104.0 91.0 52.0 88.0 70.0 307.0 210.0 517.0
31858 章滢蓥 110.0 116.0 106.0 70.0 97.0 82.0 332.0 249.0 581.0
31859 郑任翔 97.0 91.0 107.5 54.0 75.0 71.0 295.5 200.0 495.5
31860 郑子昂 103.0 77.0 93.5 67.0 59.0 68.0 273.5 194.0 467.5
31861 钟浩川 110.0 132.0 105.0 71.0 97.0 83.0 347.0 251.0 598.0
31862 周苑婷 120.0 121.0 125.0 74.0 81.0 87.0 366.0 242.0 608.0
31863 庄妍 108.0 123.0 124.5 58.0 88.0 84.0 355.5 230.0 585.5
31901 蔡育铮 119.0 124.0 118.0 86.0 88.0 88.0 361.0 262.0 623.0
31902 蔡卓颖 95.0 61.0 99.0 53.0 62.0 66.0 255.0 181.0 436.0
31903 陈功超 0 57.0 0 0 0 0 0 0 0
31904 陈浩宇 105.0 103.0 78.5 94.0 82.0 73.0 286.5 249.0 535.5
31905 陈红 101.0 100.0 117.5 72.0 89.0 84.0 318.5 245.0 563.5
31906 陈嘉杭 113.0 99.0 101.0 37.0 47.0 69.0 313.0 153.0 466.0
31907 陈锴灏 106.0 121.0 100.5 69.0 85.0 75.0 327.5 229.0 556.5
31908 陈孟耀 100.0 53.0 80.5 37.0 45.0 43.0 233.5 125.0 358.5
31909 陈伟杰 98.0 119.0 113.0 94.0 79.0 87.0 330.0 260.0 590.0
31910 陈宇霏 94.0 95.0 99.5 59.0 72.0 69.0 288.5 200.0 488.5
31911 陈卓妮 107.0 85.0 105.0 43.0 60.0 52.0 297.0 155.0 452.0
31912 杜振超 94.0 109.0 107.0 66.0 98.0 82.0 310.0 246.0 556.0
31913 方家颖 99.0 93.0 97.0 47.0 55.0 78.0 289.0 180.0 469.0
31914 郭佳鑫 113.0 136.0 130.0 92.0 92.0 91.0 379.0 275.0 654.0
31915 黄超铄 103.0 58.0 100.5 46.0 82.0 79.0 261.5 207.0 468.5
31916 黄海铭 98.0 98.0 77.0 57.0 77.0 65.0 273.0 199.0 472.0
31917 黄融杰 100.0 121.0 109.0 83.0 89.0 83.0 330.0 255.0 585.0
31918 黄晓琦 109.0 67.0 99.0 53.0 48.0 56.0 275.0 157.0 432.0
31921 纪沛桐 99.0 92.0 103.0 73.0 97.0 67.0 294.0 237.0 531.0
31922 李岱谚 118.0 141.0 118.0 84.0 97.0 88.0 377.0 269.0 646.0
31923 李光泽 90.0 48.0 77.5 56.0 59.0 59.0 215.5 174.0 389.5
31924 李鸿 99.0 112.0 104.0 65.0 83.0 81.0 315.0 229.0 544.0
31925 李林昕 108.0 104.0 105.0 61.0 80.0 68.0 317.0 209.0 526.0
31926 李欣然 114.0 85.0 107.0 41.0 82.0 67.0 306.0 190.0 496.0
31927 李鑫 101.0 80.0 98.5 31.0 57.0 59.0 279.5 147.0 426.5
31928 李彦腾 108.0 94.0 96.0 66.0 72.0 51.0 298.0 189.0 487.0
31929 林坚生 110.0 94.0 107.5 50.0 71.0 74.0 311.5 195.0 506.5
31930 林乐贤 121.0 113.0 109.0 72.0 93.0 74.0 343.0 239.0 582.0
31931 林萌子 103.0 124.0 98.5 67.0 82.0 73.0 325.5 222.0 547.5
31932 林银虹 101.0 112.0 110.0 55.0 83.0 80.0 323.0 218.0 541.0
31933 林岳青 111.0 102.0 110.0 58.0 81.0 67.0 323.0 206.0 529.0
31934 卢晓杰 110.0 131.0 119.0 84.0 92.0 89.0 360.0 265.0 625.0
31935 马思昀 108.0 112.0 113.5 69.0 65.0 81.0 333.5 215.0 548.5
31936 彭丽妹 97.0 88.0 99.5 49.0 68.0 74.0 284.5 191.0 475.5
31937 彭扬帆 110.0 111.0 107.5 69.0 78.0 81.0 328.5 228.0 556.5
31938 沈桂菱 105.0 103.0 99.5 60.0 74.0 76.0 307.5 210.0 517.5
31939 沈益聪 109.0 122.0 99.0 68.0 81.0 65.0 330.0 214.0 544.0
31940 苏思澄 113.0 115.0 85.0 67.0 79.0 65.0 313.0 211.0 524.0
31941 苏泽坤 99.0 58.0 55.5 53.0 59.0 67.0 212.5 179.0 391.5
31942 王璐 113.0 112.0 117.0 69.0 94.0 78.0 342.0 241.0 583.0
31943 王梓琦 92.0 84.0 82.0 51.0 81.0 72.0 258.0 204.0 462.0
31944 文渲 94.0 96.0 0 0 66.0 0 0 0 0
31945 翁涵 109.0 112.0 106.0 52.0 71.0 78.0 327.0 201.0 528.0
31946 吴虹燕 104.0 82.0 99.0 57.0 80.0 70.0 285.0 207.0 492.0
31947 吴佳銮 103.0 94.0 129.0 78.0 88.0 78.0 326.0 244.0 570.0
31948 吴怡玫 105.0 89.0 110.5 65.0 65.0 80.0 304.5 210.0 514.5
31949 谢罗瀚 95.0 97.0 78.0 48.0 64.0 69.0 270.0 181.0 451.0
31950 谢泽钊 93.0 99.0 91.0 51.0 65.0 50.0 283.0 166.0 449.0
31951 徐润峰 101.0 81.0 65.0 53.0 67.0 73.0 247.0 193.0 440.0
31952 许滨楠 108.0 109.0 112.5 79.0 94.0 70.0 329.5 243.0 572.5
31953 许玫 105.0 108.0 118.5 66.0 75.0 75.0 331.5 216.0 547.5
31954 许子源 100.0 59.0 87.0 37.0 49.0 59.0 246.0 145.0 391.0
31955 杨利秋 111.0 94.0 105.5 79.0 92.0 78.0 310.5 249.0 559.5
31956 余子涵 115.0 80.0 113.5 54.0 76.0 81.0 308.5 211.0 519.5
31957 曾奕楠 94.0 55.0 88.5 47.0 76.0 73.0 237.5 196.0 433.5
31958 张超逸 94.0 94.0 101.5 59.0 72.0 75.0 289.5 206.0 495.5
31959 张曼琪 109.0 91.0 95.0 48.0 68.0 79.0 295.0 195.0 490.0
31960 赵彦纯 99.0 100.0 104.0 58.0 88.0 71.0 303.0 217.0 520.0
31961 郑钧漾 99.0 77.0 73.0 58.0 85.0 57.0 249.0 200.0 449.0
31962 郑玮涛 118.0 108.0 92.5 69.0 84.0 90.0 318.5 243.0 561.5
31963 郑锨淇 102.0 94.0 121.5 78.0 79.0 81.0 317.5 238.0 555.5
31964 庄开翔 99.0 108.0 99.5 71.0 84.0 74.0 306.5 229.0 535.5
32001 蔡佳琪 106.0 67.0 100.0 59.0 68.0 74.0 273.0 201.0 474.0
32002 蔡淑玲 105.0 70.0 104.5 59.0 76.0 71.0 279.5 206.0 485.5
32003 蔡伟龙 100.0 87.0 116.5 63.0 81.0 55.0 303.5 199.0 502.5
32004 陈博涵 107.0 131.0 99.0 78.0 80.0 83.0 337.0 241.0 578.0
32005 陈畅洪 89.0 93.0 89.0 61.0 75.0 72.0 271.0 208.0 479.0
32006 陈润洋 100.0 113.0 112.5 80.0 80.0 77.0 325.5 237.0 562.5
32007 陈思桦 104.0 95.0 113.0 61.0 85.0 73.0 312.0 219.0 531.0
32008 陈雪仪 114.0 118.0 123.5 75.0 87.0 87.0 355.5 249.0 604.5
32009 洪奕祥 95.0 103.0 105.5 68.0 90.0 75.0 303.5 233.0 536.5
32010 胡期升 104.0 83.0 110.5 66.0 83.0 71.0 297.5 220.0 517.5
32011 黄斌伟 112.0 105.0 102.0 72.0 90.0 83.0 319.0 245.0 564.0
32012 黄洪雯 95.0 63.0 98.0 25.0 51.0 50.0 256.0 126.0 382.0
32013 黄敏华 109.0 84.0 113.0 58.0 64.0 73.0 306.0 195.0 501.0
32014 黄舜娴 102.0 85.0 110.0 59.0 75.0 73.0 297.0 207.0 504.0
32015 黄于峻 86.0 73.0 66.0 49.0 69.0 49.0 225.0 167.0 392.0
32016 纪梓荣 90.0 112.0 77.5 44.0 59.0 67.0 279.5 170.0 449.5
32017 李东烁 96.0 105.0 108.5 69.0 87.0 70.0 309.5 226.0 535.5
32018 李洁 113.0 113.0 127.0 69.0 79.0 79.0 353.0 227.0 580.0
32019 李易霖 89.0 61.0 106.0 55.0 80.0 80.0 256.0 215.0 471.0
32020 李治 105.0 118.0 108.5 79.0 94.0 74.0 331.5 247.0 578.5
32021 李卓明 111.0 118.0 121.0 79.0 88.0 89.0 350.0 256.0 606.0
32022 林佳煌 99.0 106.0 98.5 57.0 95.0 75.0 303.5 227.0 530.5
32023 林钦鸿 101.0 130.0 114.5 78.0 94.0 83.0 345.5 255.0 600.5
32024 林小琪 104.0 90.0 106.0 61.0 87.0 76.0 300.0 224.0 524.0
32025 林烨 108.0 99.0 123.0 61.0 83.0 77.0 330.0 221.0 551.0
32026 刘艾莉 115.0 139.0 128.0 91.0 92.0 82.0 382.0 265.0 647.0
32027 刘旭东 96.0 131.0 98.5 86.0 84.0 76.0 325.5 246.0 571.5
32028 刘依菁 99.0 110.0 115.5 74.0 69.0 87.0 324.5 230.0 554.5
32029 刘悦韵 100.0 95.0 126.5 71.0 96.0 81.0 321.5 248.0 569.5
32030 马洪量 95.0 106.0 102.5 41.0 73.0 78.0 303.5 192.0 495.5
32031 马茵茵 99.0 65.0 96.0 41.0 46.0 61.0 260.0 148.0 408.0
32032 潘莹涵 104.0 66.0 81.5 42.0 56.0 58.0 251.5 156.0 407.5
32034 沈晓燕 109.0 112.0 113.0 79.0 91.0 71.0 334.0 241.0 575.0
32035 苏诚章 105.0 111.0 104.0 87.0 90.0 87.0 320.0 264.0 584.0
32036 唐梦洋 86.0 40.0 69.5 29.0 43.0 55.0 195.5 127.0 322.5
32037 王灿杜 104.0 111.0 111.0 63.0 85.0 73.0 326.0 221.0 547.0
32038 王鸿吉 98.0 89.0 97.0 55.0 68.0 61.0 284.0 184.0 468.0
32039 王杰鑫 117.0 110.0 112.0 74.0 87.0 83.0 339.0 244.0 583.0
32040 王泽锴 105.0 50.0 75.5 29.0 51.0 47.0 230.5 127.0 357.5
32041 王子铟 112.0 92.0 116.5 64.0 81.0 71.0 320.5 216.0 536.5
32042 吴斯彤 119.0 98.0 0 0 74.0 0 0 0 0
32043 吴泽锐 114.0 135.0 131.5 77.0 96.0 85.0 380.5 258.0 638.5
32044 谢锦珊 115.0 120.0 106.5 48.0 86.0 82.0 341.5 216.0 557.5
32045 谢铠羽 102.0 94.0 115.0 47.0 84.0 58.0 311.0 189.0 500.0
32046 谢婉婷 105.0 77.0 115.0 58.0 71.0 72.0 297.0 201.0 498.0
32047 谢懿锐 107.0 122.0 105.5 72.0 82.0 72.0 334.5 226.0 560.5
32048 徐英芸 105.0 91.0 110.5 42.0 82.0 76.0 306.5 200.0 506.5
32049 许晓刚 111.0 110.0 115.5 65.0 83.0 84.0 336.5 232.0 568.5
32050 许永泓 112.0 124.0 123.5 86.0 96.0 85.0 359.5 267.0 626.5
32051 颜莞尔 105.0 74.0 0 0 69.0 0 0 0 0
32052 姚树耿 99.0 125.0 101.0 73.0 88.0 79.0 325.0 240.0 565.0
32053 姚悦扬 106.0 104.0 117.0 55.0 82.0 65.0 327.0 202.0 529.0
32054 余钊 94.0 49.0 102.5 51.0 62.0 70.0 245.5 183.0 428.5
32055 詹金伟 96.0 74.0 85.5 35.0 65.0 62.0 255.5 162.0 417.5
32056 张皓洵 104.0 113.0 106.0 72.0 89.0 72.0 323.0 233.0 556.0
32057 张扬 103.0 81.0 96.5 69.0 80.0 86.0 280.5 235.0 515.5
32058 张奕欣 106.0 56.0 78.5 40.0 49.0 57.0 240.5 146.0 386.5
32059 郑铠 98.0 107.0 82.0 71.0 82.0 83.0 287.0 236.0 523.0
32060 郑哲然 103.0 117.0 113.5 80.0 96.0 82.0 333.5 258.0 591.5
32061 周泽妍 107.0 92.0 98.0 74.0 77.0 74.0 297.0 225.0 522.0
32062 周子毓 101.0 84.0 106.5 74.0 85.0 79.0 291.5 238.0 529.5
