30401 陈柏林 107.0 80.0 86.0 62.0 51.0 75.0 273.0 188.0 461.0
30402 陈东晓 116.0 87.0 99.0 65.0 52.0 73.0 302.0 190.0 492.0
30403 陈冬仪 105.0 79.0 108.0 56.0 46.0 74.0 292.0 176.0 468.0
30404 陈金洲 101.0 126.0 115.0 81.0 63.0 90.0 342.0 234.0 576.0
30405 陈淑妍 102.0 102.0 124.0 66.0 51.0 85.0 328.0 202.0 530.0
30406 胡楷宇 99.0 86.0 98.0 66.0 59.0 71.0 283.0 196.0 479.0
30407 胡昱 116.0 104.0 115.0 64.0 54.0 89.0 335.0 207.0 542.0
30408 黄艾琪 112.0 114.0 123.0 71.0 83.0 86.0 349.0 240.0 589.0
30409 黄狄林 109.0 116.0 114.0 64.0 61.0 81.0 339.0 206.0 545.0
30410 黄琳婷 103.0 62.0 112.0 33.0 43.0 78.0 277.0 154.0 431.0
30411 黄云进 104.0 110.0 98.0 78.0 54.0 79.0 312.0 211.0 523.0
30412 纪慧煊 106.0 103.0 96.0 66.0 65.0 79.0 305.0 210.0 515.0
30413 蓝玉奇 105.0 92.0 113.0 55.0 57.0 74.0 310.0 186.0 496.0
30414 李宏森 105.0 82.0 75.0 41.0 43.0 56.0 262.0 140.0 402.0
30415 李艺晴 108.0 113.0 119.0 80.0 84.0 84.0 340.0 248.0 588.0
30416 李兆捷 98.0 104.0 111.0 73.0 67.0 82.0 313.0 222.0 535.0
30417 林达 101.0 106.0 104.0 74.0 68.0 78.0 311.0 220.0 531.0
30418 林镜辉 99.0 81.0 87.0 59.0 52.0 78.0 267.0 189.0 456.0
30419 林永佳 98.0 80.0 92.0 51.0 49.0 65.0 270.0 165.0 435.0
30420 林昱霖 106.0 114.0 90.0 84.0 85.0 85.0 310.0 254.0 564.0
30421 林泽楷 109.0 66.0 93.0 78.0 66.0 82.0 268.0 226.0 494.0
30422 刘琳菲 102.0 78.0 95.0 54.0 58.0 78.0 275.0 190.0 465.0
30424 卢涵 106.0 98.0 108.0 67.0 62.0 73.0 312.0 202.0 514.0
30425 卢昕玥 105.0 89.0 104.0 49.0 52.0 82.0 298.0 183.0 481.0
30426 卢彦宇 96.0 84.0 94.0 67.0 48.0 79.0 274.0 194.0 468.0
30427 罗亦宋 109.0 87.0 110.0 52.0 55.0 84.0 306.0 191.0 497.0
30428 麦扬 105.0 75.0 95.0 50.0 56.0 82.0 275.0 188.0 463.0
30429 邵彦程 90.0 75.0 82.0 27.0 44.0 60.0 247.0 131.0 378.0
30430 沈丹琼 119.0 116.0 116.0 90.0 68.0 91.0 351.0 249.0 600.0
30431 王磊 111.0 107.0 112.0 80.0 67.0 84.0 330.0 231.0 561.0
30432 王震霆 86.0 85.0 86.0 51.0 40.0 53.0 257.0 144.0 401.0
30433 韦昕澄 111.0 114.0 120.0 82.0 70.0 90.0 345.0 242.0 587.0
30434 魏桐曦 108.0 92.0 109.0 70.0 59.0 83.0 309.0 212.0 521.0
30435 翁铭捷 109.0 83.0 98.0 61.0 50.0 73.0 290.0 184.0 474.0
30436 吴洁兰 101.0 76.0 93.0 41.0 52.0 71.0 270.0 164.0 434.0
30437 吴婕洵 101.0 88.0 106.0 68.0 45.0 85.0 295.0 198.0 493.0
30438 吴郁楠 102.0 103.0 106.0 63.0 56.0 79.0 311.0 198.0 509.0
30439 吴泽峰 107.0 92.0 117.0 77.0 48.0 82.0 316.0 207.0 523.0
30440 吴植慧 86.0 38.0 88.0 38.0 38.0 58.0 212.0 134.0 346.0
30441 谢庆欣 108.0 76.0 114.0 59.0 52.0 77.0 298.0 188.0 486.0
30442 辛孜玫 108.0 94.0 107.0 53.0 52.0 66.0 309.0 171.0 480.0
30443 徐浩锴 103.0 73.0 107.0 46.0 59.0 73.0 283.0 178.0 461.0
30444 许可淳 119.0 116.0 123.0 95.0 83.0 91.0 358.0 269.0 627.0
30445 许林菁 102.0 105.0 101.0 64.0 59.0 85.0 308.0 208.0 516.0
30446 许统辉 92.0 84.0 100.0 63.0 54.0 79.0 276.0 196.0 472.0
30447 许旭东 128.0 116.0 126.0 77.0 76.0 92.0 370.0 245.0 615.0
30448 杨博锐 98.0 80.0 89.0 41.0 44.0 70.0 267.0 155.0 422.0
30449 杨乔 98.0 83.0 98.0 37.0 38.0 82.0 279.0 157.0 436.0
30450 杨宇镔 103.0 67.0 103.0 50.0 47.0 69.0 273.0 166.0 439.0
30451 杨芷涵 112.0 118.0 124.0 82.0 75.0 82.0 354.0 239.0 593.0
30452 姚楷炫 110.0 100.0 105.0 67.0 63.0 87.0 315.0 217.0 532.0
30453 张若涵 108.0 89.0 119.0 67.0 51.0 85.0 316.0 203.0 519.0
30454 张雪妍 96.0 77.0 102.0 64.0 47.0 79.0 275.0 190.0 465.0
30455 赵明明 98.0 90.0 126.0 55.0 70.0 82.0 314.0 207.0 521.0
30456 赵晓明 109.0 85.0 103.0 47.0 51.0 71.0 297.0 169.0 466.0
30457 郑沐林 109.0 101.0 126.0 90.0 72.0 91.0 336.0 253.0 589.0
30459 钟献彪 103.0 95.0 106.0 51.0 62.0 83.0 304.0 196.0 500.0
30460 周梓勃 96.0 97.0 105.0 74.0 62.0 76.0 298.0 212.0 510.0
30461 朱丹琪 107.0 104.0 113.0 61.0 64.0 81.0 324.0 206.0 530.0
30462 庄漪婷 101.0 88.0 89.0 58.0 38.0 63.0 278.0 159.0 437.0
30501 蔡苑虹 105.0 135.0 111.0 83.0 62.0 79.0 351.0 224.0 575.0
30502 陈福溢 104.0 90.0 114.0 58.0 48.0 75.0 308.0 181.0 489.0
30503 陈泓 101.0 71.0 117.0 35.0 27.0 56.0 289.0 118.0 407.0
30504 陈佳泓 111.0 110.0 107.0 51.0 52.0 73.0 328.0 176.0 504.0
30505 陈嘉胜 99.0 54.0 102.0 43.0 52.0 68.0 255.0 163.0 418.0
30506 陈丽娜 104.0 85.0 106.0 75.0 60.0 77.0 295.0 212.0 507.0
30507 陈沛震 97.0 113.0 92.0 44.0 48.0 76.0 302.0 168.0 470.0
30508 陈乔林 107.0 86.0 91.0 48.0 46.0 75.0 284.0 169.0 453.0
30509 陈疏桐 109.0 99.0 123.0 84.0 64.0 92.0 331.0 240.0 571.0
30510 陈欣洋 103.0 64.0 105.0 31.0 31.0 53.0 272.0 115.0 387.0
30511 陈雅琪 108.0 109.0 116.0 68.0 55.0 82.0 333.0 205.0 538.0
30512 陈一凡 107.0 117.0 90.0 91.0 76.0 92.0 314.0 259.0 573.0
30514 陈煜琳 125.0 110.0 120.0 78.0 58.0 85.0 355.0 221.0 576.0
30515 陈梓瀚 106.0 92.0 105.0 81.0 51.0 81.0 303.0 213.0 516.0
30516 陈梓霓 105.0 99.0 107.0 71.0 59.0 76.0 311.0 206.0 517.0
30517 陈梓宇 117.0 104.0 110.0 72.0 71.0 80.0 331.0 223.0 554.0
30518 方灿鸿 109.0 85.0 95.0 64.0 52.0 81.0 289.0 197.0 486.0
30519 郭梓淇 101.0 71.0 103.0 29.0 45.0 67.0 275.0 141.0 416.0
30520 黄泓鉴 108.0 129.0 114.0 77.0 70.0 82.0 351.0 229.0 580.0
30521 黄金涛 104.0 95.0 87.0 43.0 43.0 59.0 286.0 145.0 431.0
30522 黄式铨 110.0 102.0 100.0 85.0 53.0 83.0 312.0 221.0 533.0
30523 黄孜睿 102.0 68.0 117.0 71.0 76.0 77.0 287.0 224.0 511.0
30524 江卓聪 108.0 103.0 107.0 85.0 50.0 83.0 318.0 218.0 536.0
30525 李依璘 95.0 80.0 122.0 69.0 53.0 79.0 297.0 201.0 498.0
30526 李子聪 110.0 117.0 114.0 76.0 46.0 83.0 341.0 205.0 546.0
30527 林钡钡 107.0 110.0 106.0 71.0 60.0 80.0 323.0 211.0 534.0
30528 林洁萍 107.0 93.0 103.0 67.0 55.0 80.0 303.0 202.0 505.0
30529 林煜涛 96.0 107.0 88.0 73.0 60.0 79.0 291.0 212.0 503.0
30530 林泽滢 116.0 89.0 98.0 69.0 43.0 74.0 303.0 186.0 489.0
30531 刘榕飒 110.0 95.0 105.0 57.0 65.0 78.0 310.0 200.0 510.0
30532 陆凡冰 114.0 109.0 108.0 80.0 71.0 82.0 331.0 233.0 564.0
30533 马万里 93.0 88.0 102.0 32.0 39.0 59.0 283.0 130.0 413.0
30534 马伟涛 114.0 105.0 116.0 80.0 64.0 79.0 335.0 223.0 558.0
30535 潘俞霏 110.0 107.0 124.0 69.0 64.0 82.0 341.0 215.0 556.0
30536 沈哲沛 100.0 98.0 84.0 55.0 41.0 75.0 282.0 171.0 453.0
30537 孙玮 107.0 108.0 112.0 76.0 50.0 76.0 327.0 202.0 529.0
30539 王天乐 110.0 91.0 108.0 54.0 45.0 63.0 309.0 162.0 471.0
30540 吴博 113.0 113.0 120.0 87.0 59.0 81.0 346.0 227.0 573.0
30541 吴佳芸 107.0 80.0 101.0 55.0 45.0 64.0 288.0 164.0 452.0
30542 吴淇升 112.0 106.0 111.0 59.0 56.0 74.0 329.0 189.0 518.0
30543 吴易达 102.0 101.0 108.0 60.0 53.0 80.0 311.0 193.0 504.0
30544 肖泽楷 118.0 95.0 114.0 68.0 57.0 81.0 327.0 206.0 533.0
30545 谢函瀚 112.0 81.0 109.0 51.0 39.0 80.0 302.0 170.0 472.0
30547 谢思婷 108.0 95.0 116.0 71.0 52.0 83.0 319.0 206.0 525.0
30548 谢育锋 104.0 107.0 91.0 76.0 50.0 84.0 302.0 210.0 512.0
30549 徐芷欣 100.0 114.0 121.0 69.0 47.0 81.0 335.0 197.0 532.0
30550 杨昕 126.0 89.0 105.0 74.0 55.0 94.0 320.0 223.0 543.0
30551 姚雪萍 99.0 77.0 105.0 61.0 51.0 70.0 281.0 182.0 463.0
30552 姚逸峰 100.0 108.0 100.0 64.0 60.0 75.0 308.0 199.0 507.0
30553 余泓涛 93.0 97.0 76.0 59.0 42.0 68.0 266.0 169.0 435.0
30554 余珮镕 110.0 113.0 106.0 52.0 46.0 82.0 329.0 180.0 509.0
30555 曾烁 111.0 105.0 101.0 60.0 48.0 75.0 317.0 183.0 500.0
30556 张基烨 104.0 102.0 100.0 82.0 61.0 79.0 306.0 222.0 528.0
30557 张锦河 107.0 107.0 90.0 74.0 58.0 81.0 304.0 213.0 517.0
30558 张子斌 101.0 104.0 94.0 79.0 70.0 81.0 299.0 230.0 529.0
30559 张宗泽 110.0 117.0 108.0 72.0 77.0 78.0 335.0 227.0 562.0
30560 郑涵 114.0 99.0 125.0 76.0 70.0 90.0 338.0 236.0 574.0
30561 郑主加 102.0 92.0 88.0 45.0 40.0 75.0 282.0 160.0 442.0
30562 钟婉灵 104.0 92.0 111.0 73.0 52.0 66.0 307.0 191.0 498.0
30563 周哲 100.0 121.0 92.0 75.0 64.0 65.0 313.0 204.0 517.0
30601 蔡楚怡 107.0 79.0 104.0 57.0 53.0 76.0 290.0 186.0 476.0
30602 蔡瀚锋 106.0 84.0 97.0 69.0 50.0 77.0 287.0 196.0 483.0
30603 蔡弋炀 108.0 95.0 106.0 78.0 61.0 85.0 309.0 224.0 533.0
30604 陈金涛 105.0 112.0 88.0 83.0 60.0 81.0 305.0 224.0 529.0
30605 陈谨 107.0 71.0 113.0 45.0 42.0 61.0 291.0 148.0 439.0
30606 陈庆 91.0 87.0 76.0 65.0 51.0 82.0 254.0 198.0 452.0
30607 陈帅琦 101.0 0 0 0 0 0 0 0 0
30608 陈锶涛 89.0 84.0 85.0 37.0 38.0 56.0 258.0 131.0 389.0
30609 陈雅文 97.0 90.0 123.0 71.0 48.0 80.0 310.0 199.0 509.0
30610 陈妍 103.0 91.0 110.0 79.0 42.0 80.0 304.0 201.0 505.0
30611 陈振霖 102.0 107.0 87.0 66.0 49.0 71.0 296.0 186.0 482.0
30612 陈震寅 95.0 107.0 79.0 70.0 60.0 76.0 281.0 206.0 487.0
30613 陈梓泓 105.0 98.0 85.0 78.0 76.0 80.0 288.0 234.0 522.0
30614 陈梓演 107.0 93.0 100.0 66.0 54.0 82.0 300.0 202.0 502.0
30615 戴德燊 106.0 98.0 93.0 76.0 47.0 78.0 297.0 201.0 498.0
30616 方家浩 111.0 85.0 103.0 68.0 58.0 71.0 299.0 197.0 496.0
30617 方玮绚 108.0 88.0 107.0 76.0 65.0 79.0 303.0 220.0 523.0
30618 方小涵 100.0 61.0 113.0 48.0 46.0 71.0 274.0 165.0 439.0
30619 方梓昊 101.0 79.0 100.0 51.0 37.0 78.0 280.0 166.0 446.0
30620 郭悦宁 98.0 76.0 92.0 41.0 48.0 76.0 266.0 165.0 431.0
30621 郭滋涵 85.0 18.0 51.0 32.0 17.0 31.0 154.0 80.0 234.0
30622 洪斯沛 104.0 95.0 117.0 57.0 63.0 76.0 316.0 196.0 512.0
30623 黄蔓蔓 104.0 93.0 96.0 64.0 56.0 70.0 293.0 190.0 483.0
30624 黄树炫 106.0 86.0 112.0 81.0 69.0 78.0 304.0 228.0 532.0
30625 黄晚至 97.0 101.0 115.0 59.0 45.0 76.0 313.0 180.0 493.0
30626 黄粤奇 91.0 88.0 102.0 80.0 45.0 68.0 281.0 193.0 474.0
30627 李传璞 95.0 73.0 107.0 68.0 64.0 85.0 275.0 217.0 492.0
30628 李科谋 113.0 88.0 114.0 79.0 50.0 76.0 315.0 205.0 520.0
30629 李婉宜 115.0 108.0 101.0 76.0 62.0 88.0 324.0 226.0 550.0
30630 李心彤 102.0 71.0 101.0 31.0 39.0 60.0 274.0 130.0 404.0
30631 梁婧 100.0 70.0 98.0 59.0 57.0 69.0 268.0 185.0 453.0
30632 林琦 108.0 103.0 110.0 74.0 60.0 86.0 321.0 220.0 541.0
30633 林润峰 102.0 53.0 102.0 31.0 52.0 64.0 257.0 147.0 404.0
30634 林烁 106.0 107.0 105.0 49.0 54.0 70.0 318.0 173.0 491.0
30635 林钰祺 103.0 78.0 104.0 55.0 47.0 72.0 285.0 174.0 459.0
30636 林泽聪 106.0 113.0 91.0 79.0 70.0 87.0 310.0 236.0 546.0
30637 林泽娜 114.0 82.0 118.0 46.0 41.0 72.0 314.0 159.0 473.0
30638 刘学智 110.0 96.0 93.0 84.0 44.0 71.0 299.0 199.0 498.0
30639 马思奇 109.0 95.0 103.0 57.0 47.0 82.0 307.0 186.0 493.0
30640 佘卓键 93.0 94.0 101.0 69.0 61.0 73.0 288.0 203.0 491.0
30641 沈畅泳 109.0 115.0 116.0 62.0 59.0 87.0 340.0 208.0 548.0
30642 汤庆琳 106.0 55.0 114.0 35.0 32.0 60.0 275.0 127.0 402.0
30643 王嘉如 111.0 113.0 108.0 69.0 53.0 68.0 332.0 190.0 522.0
30644 王琳 108.0 82.0 112.0 59.0 54.0 80.0 302.0 193.0 495.0
30645 王梓渲 114.0 114.0 116.0 83.0 61.0 80.0 344.0 224.0 568.0
30646 吴文澜 95.0 86.0 99.0 40.0 48.0 71.0 280.0 159.0 439.0
30647 吴妍 109.0 112.0 110.0 68.0 63.0 79.0 331.0 210.0 541.0
30648 许夏帆 105.0 125.0 123.0 71.0 69.0 81.0 353.0 221.0 574.0
30649 许烨琪 102.0 98.0 105.0 52.0 42.0 72.0 305.0 166.0 471.0
30650 杨金满 101.0 116.0 119.0 71.0 81.0 87.0 336.0 239.0 575.0
30652 杨依云 100.0 95.0 109.0 61.0 60.0 69.0 304.0 190.0 494.0
30653 蚁维聪 110.0 98.0 93.0 73.0 54.0 76.0 301.0 203.0 504.0
30654 余信荣 112.0 115.0 128.0 81.0 75.0 89.0 355.0 245.0 600.0
30655 喻子韬 101.0 83.0 113.0 78.0 66.0 78.0 297.0 222.0 519.0
30656 詹育东 108.0 95.0 88.0 69.0 48.0 81.0 291.0 198.0 489.0
30657 张棣炫 103.0 85.0 102.0 76.0 52.0 77.0 290.0 205.0 495.0
30658 张欣悦 110.0 91.0 97.0 63.0 56.0 80.0 298.0 199.0 497.0
30659 郑东能 112.0 111.0 89.0 90.0 75.0 91.0 312.0 256.0 568.0
30660 郑凯元 93.0 80.0 116.0 66.0 37.0 70.0 289.0 173.0 462.0
30661 郑泽楠 97.0 93.0 102.0 71.0 61.0 73.0 292.0 205.0 497.0
30662 钟贝琪 95.0 99.0 107.0 59.0 66.0 71.0 301.0 196.0 497.0
30663 周盈贝 95.0 59.0 101.0 57.0 64.0 78.0 255.0 199.0 454.0
30701 蔡博涵 88.0 88.0 99.0 68.0 43.0 70.0 275.0 181.0 456.0
30702 蔡琪 94.0 94.0 98.0 51.0 54.0 61.0 286.0 166.0 452.0
30703 蔡淑熙 108.0 79.0 104.0 75.0 48.0 78.0 291.0 201.0 492.0
30704 蔡晓仪 110.0 104.0 107.0 76.0 52.0 82.0 321.0 210.0 531.0
30705 蔡泽莹 107.0 90.0 0 44.0 38.0 76.0 0 158.0 0
30707 蔡至钿 102.0 84.0 110.0 70.0 40.0 64.0 296.0 174.0 470.0
30708 陈畅 106.0 93.0 91.0 60.0 50.0 72.0 290.0 182.0 472.0
30709 陈铎仑 107.0 119.0 115.0 83.0 69.0 88.0 341.0 240.0 581.0
30710 陈俊成 109.0 115.0 110.0 91.0 74.0 81.0 334.0 246.0 580.0
30711 陈思冰 96.0 73.0 105.0 56.0 53.0 69.0 274.0 178.0 452.0
30712 陈思桦 97.0 69.0 91.0 59.0 50.0 53.0 257.0 162.0 419.0
30713 陈武杰 100.0 83.0 100.0 57.0 40.0 60.0 283.0 157.0 440.0
30714 陈晓雯 117.0 104.0 118.0 94.0 64.0 94.0 339.0 252.0 591.0
30715 陈奕纯 106.0 90.0 103.0 71.0 58.0 79.0 299.0 208.0 507.0
30716 陈钟之 102.0 107.0 103.0 73.0 60.0 76.0 312.0 209.0 521.0
30717 陈梓博 100.0 93.0 109.0 70.0 57.0 82.0 302.0 209.0 511.0
30719 丁烜 104.0 64.0 75.0 51.0 53.0 80.0 243.0 184.0 427.0
30720 杜昕 107.0 109.0 111.0 74.0 77.0 86.0 327.0 237.0 564.0
30721 杜展 111.0 117.0 93.0 89.0 61.0 83.0 321.0 233.0 554.0
30722 郭枫阳 115.0 121.0 113.0 80.0 55.0 85.0 349.0 220.0 569.0
30723 洪欣苑 94.0 64.0 99.0 47.0 55.0 72.0 257.0 174.0 431.0
30724 洪梓昂 109.0 102.0 116.0 78.0 46.0 85.0 327.0 209.0 536.0
30725 黄心婷 105.0 105.0 109.0 67.0 51.0 85.0 319.0 203.0 522.0
30726 黄芷琳 105.0 106.0 122.0 60.0 56.0 75.0 333.0 191.0 524.0
30727 李博恩 108.0 109.0 114.0 78.0 57.0 80.0 331.0 215.0 546.0
30728 李恺寰 108.0 104.0 108.0 81.0 55.0 89.0 320.0 225.0 545.0
30729 李沛熙 98.0 119.0 103.0 93.0 87.0 90.0 320.0 270.0 590.0
30730 李翊亨 114.0 90.0 112.0 61.0 48.0 83.0 316.0 192.0 508.0
30731 林宏杰 103.0 102.0 84.0 84.0 52.0 80.0 289.0 216.0 505.0
30732 林熙 96.0 78.0 95.0 59.0 58.0 68.0 269.0 185.0 454.0
30733 林映含 114.0 112.0 109.0 72.0 56.0 67.0 335.0 195.0 530.0
30734 林芸 108.0 86.0 101.0 67.0 62.0 87.0 295.0 216.0 511.0
30735 刘乐欣 100.0 103.0 113.0 74.0 60.0 72.0 316.0 206.0 522.0
30736 刘依雯 92.0 24.0 96.0 42.0 30.0 74.0 212.0 146.0 358.0
30737 刘雨奇 102.0 96.0 122.0 73.0 84.0 88.0 320.0 245.0 565.0
30738 刘子烁 108.0 58.0 96.0 69.0 44.0 80.0 262.0 193.0 455.0
30739 陆伟坤 105.0 88.0 97.0 67.0 56.0 77.0 290.0 200.0 490.0
30740 马学宽 103.0 94.0 111.0 69.0 51.0 64.0 308.0 184.0 492.0
30741 彭博澄 96.0 123.0 115.0 76.0 73.0 86.0 334.0 235.0 569.0
30742 邱可盈 101.0 109.0 107.0 62.0 50.0 74.0 317.0 186.0 503.0
30745 苏烁航 92.0 99.0 91.0 74.0 44.0 72.0 282.0 190.0 472.0
30746 苏斯楠 106.0 106.0 79.0 68.0 60.0 82.0 291.0 210.0 501.0
30747 孙润楷 113.0 94.0 101.0 70.0 59.0 79.0 308.0 208.0 516.0
30748 吴佳生 106.0 127.0 109.0 71.0 69.0 83.0 342.0 223.0 565.0
30749 吴昕 95.0 87.0 93.0 65.0 40.0 63.0 275.0 168.0 443.0
30750 谢伟坤 102.0 81.0 93.0 70.0 59.0 88.0 276.0 217.0 493.0
30751 谢宗泰 113.0 94.0 98.0 71.0 45.0 71.0 305.0 187.0 492.0
30752 徐子媛 101.0 84.0 113.0 59.0 40.0 73.0 298.0 172.0 470.0
30753 许楷扬 103.0 118.0 97.0 68.0 62.0 84.0 318.0 214.0 532.0
30754 许艺瀛 99.0 66.0 116.0 70.0 48.0 81.0 281.0 199.0 480.0
30755 杨深林 108.0 114.0 102.0 82.0 62.0 94.0 324.0 238.0 562.0
30756 杨烨爽 102.0 113.0 107.0 87.0 62.0 75.0 322.0 224.0 546.0
30757 叶乐萱 105.0 115.0 122.0 89.0 78.0 91.0 342.0 258.0 600.0
30758 张睿 99.0 115.0 98.0 67.0 45.0 82.0 312.0 194.0 506.0
30759 张少伟 98.0 99.0 88.0 60.0 46.0 66.0 285.0 172.0 457.0
30760 张煜坚 102.0 73.0 128.0 54.0 43.0 71.0 303.0 168.0 471.0
30761 郑逸晖 114.0 102.0 113.0 66.0 49.0 83.0 329.0 198.0 527.0
30762 钟耿钦 98.0 117.0 91.0 65.0 48.0 68.0 306.0 181.0 487.0
30801 蔡筱蕊 115.0 92.0 113.0 61.0 54.0 72.0 320.0 187.0 507.0
30802 蔡奕桐 103.0 73.0 115.0 59.0 51.0 79.0 291.0 189.0 480.0
30803 蔡泽泓 103.0 113.0 105.0 71.0 50.0 82.0 321.0 203.0 524.0
30804 陈达可 110.0 106.0 113.0 86.0 68.0 82.0 329.0 236.0 565.0
30805 陈丹仪 118.0 110.0 121.0 82.0 62.0 85.0 349.0 229.0 578.0
30806 陈锴榆 99.0 97.0 91.0 52.0 40.0 74.0 287.0 166.0 453.0
30807 陈润慷 93.0 105.0 107.0 76.0 65.0 79.0 305.0 220.0 525.0
30808 陈淑芳 100.0 103.0 97.0 33.0 45.0 64.0 300.0 142.0 442.0
30809 陈彦宇 96.0 82.0 101.0 54.0 52.0 62.0 279.0 168.0 447.0
30810 陈钰琦 108.0 82.0 99.0 38.0 30.0 71.0 289.0 139.0 428.0
30811 陈志航 98.0 67.0 77.0 41.0 27.0 49.0 242.0 117.0 359.0
30812 单浩铭 101.0 81.0 106.0 44.0 45.0 77.0 288.0 166.0 454.0
30813 董煜然 96.0 97.0 90.0 58.0 52.0 75.0 283.0 185.0 468.0
30814 杜庚育 107.0 108.0 108.0 80.0 77.0 91.0 323.0 248.0 571.0
30816 方殷锴 106.0 94.0 114.0 68.0 59.0 85.0 314.0 212.0 526.0
30817 葛颖 98.0 86.0 102.0 63.0 45.0 76.0 286.0 184.0 470.0
30818 郭粉红 103.0 89.0 98.0 67.0 56.0 72.0 290.0 195.0 485.0
30819 郭景瀚 102.0 86.0 101.0 63.0 40.0 74.0 289.0 177.0 466.0
30820 洪立强 109.0 74.0 107.0 49.0 36.0 56.0 290.0 141.0 431.0
30821 洪少锐 106.0 113.0 93.0 65.0 62.0 76.0 312.0 203.0 515.0
30822 黄端 91.0 113.0 108.0 86.0 65.0 76.0 312.0 227.0 539.0
30823 黄丰 102.0 90.0 99.0 73.0 0 78.0 291.0 0 0
30824 黄俊斐 93.0 124.0 97.0 76.0 66.0 82.0 314.0 224.0 538.0
30825 黄可欣 93.0 110.0 124.0 68.0 75.0 80.0 327.0 223.0 550.0
30826 金泽薰 108.0 95.0 108.0 74.0 55.0 82.0 311.0 211.0 522.0
30827 蓝旸 101.0 103.0 112.0 49.0 44.0 75.0 316.0 168.0 484.0
30828 林炳丽 116.0 106.0 118.0 87.0 66.0 89.0 340.0 242.0 582.0
30829 林栾荀 103.0 81.0 102.0 77.0 60.0 70.0 286.0 207.0 493.0
30830 林若彤 101.0 96.0 116.0 74.0 56.0 73.0 313.0 203.0 516.0
30831 林晓纯 110.0 98.0 114.0 79.0 59.0 83.0 322.0 221.0 543.0
30832 林钇 106.0 103.0 112.0 83.0 63.0 78.0 321.0 224.0 545.0
30833 林毓莹 106.0 89.0 99.0 47.0 46.0 68.0 294.0 161.0 455.0
30834 林泽凯 98.0 90.0 87.0 73.0 52.0 75.0 275.0 200.0 475.0
30835 刘尔嘉 106.0 119.0 113.0 73.0 45.0 74.0 338.0 192.0 530.0
30836 马旭宁 98.0 104.0 108.0 70.0 58.0 78.0 310.0 206.0 516.0
30837 彭诗妍 102.0 102.0 104.0 47.0 57.0 65.0 308.0 169.0 477.0
30838 宋洁榕 106.0 86.0 115.0 53.0 43.0 76.0 307.0 172.0 479.0
30839 王绿蔚 104.0 102.0 117.0 58.0 41.0 81.0 323.0 180.0 503.0
30840 王维佳 87.0 99.0 106.0 46.0 50.0 66.0 292.0 162.0 454.0
30841 王知往 100.0 64.0 100.0 59.0 49.0 68.0 264.0 176.0 440.0
30842 王志扬 94.0 94.0 87.0 69.0 57.0 88.0 275.0 214.0 489.0
30843 温一海 96.0 69.0 110.0 52.0 47.0 80.0 275.0 179.0 454.0
30844 吴丹妮 102.0 72.0 97.0 35.0 43.0 69.0 271.0 147.0 418.0
30845 吴赋 98.0 114.0 117.0 92.0 67.0 86.0 329.0 245.0 574.0
30846 吴润铭 107.0 74.0 86.0 67.0 45.0 75.0 267.0 187.0 454.0
30847 吴夏韵 92.0 116.0 93.0 48.0 50.0 61.0 301.0 159.0 460.0
30848 辛铄浩 103.0 101.0 100.0 73.0 66.0 75.0 304.0 214.0 518.0
30849 杨婷婷 106.0 69.0 104.0 45.0 55.0 84.0 279.0 184.0 463.0
30850 曾宇丹 103.0 135.0 118.0 88.0 68.0 86.0 356.0 242.0 598.0
30851 曾宇煌 104.0 90.0 100.0 65.0 51.0 72.0 294.0 188.0 482.0
30852 张晓斐 106.0 87.0 115.0 67.0 60.0 89.0 308.0 216.0 524.0
30853 张梓涵 94.0 87.0 119.0 66.0 59.0 87.0 300.0 212.0 512.0
30854 郑聪 102.0 91.0 107.0 66.0 61.0 80.0 300.0 207.0 507.0
30855 郑岱锋 97.0 71.0 93.0 44.0 44.0 56.0 261.0 144.0 405.0
30856 郑楷融 99.0 75.0 105.0 73.0 47.0 65.0 279.0 185.0 464.0
30857 郑欣琳 97.0 85.0 102.0 57.0 48.0 75.0 284.0 180.0 464.0
30858 郑宇平 95.0 81.0 105.0 70.0 43.0 66.0 281.0 179.0 460.0
30859 周弋钿 111.0 107.0 131.0 75.0 64.0 81.0 349.0 220.0 569.0
30861 庄先正 94.0 81.0 95.0 40.0 52.0 69.0 270.0 161.0 431.0
30862 邹彤彤 97.0 103.0 93.0 53.0 47.0 74.0 293.0 174.0 467.0
30901 蔡仰涵 104.0 106.0 103.0 74.0 62.0 84.0 313.0 220.0 533.0
30902 陈玳翊 98.0 87.0 87.0 64.0 54.0 76.0 272.0 194.0 466.0
30903 陈方梓淳 107.0 79.0 105.0 50.0 40.0 73.0 291.0 163.0 454.0
30904 陈俊锴 111.0 94.0 118.0 71.0 53.0 65.0 323.0 189.0 512.0
30905 陈铿 101.0 79.0 90.0 61.0 37.0 68.0 270.0 166.0 436.0
30906 陈琳 103.0 118.0 99.0 47.0 49.0 72.0 320.0 168.0 488.0
30907 陈淼泓 109.0 69.0 90.0 55.0 34.0 64.0 268.0 153.0 421.0
30908 陈诺 112.0 115.0 114.0 73.0 54.0 77.0 341.0 204.0 545.0
30909 陈申 106.0 111.0 106.0 73.0 67.0 80.0 323.0 220.0 543.0
30910 陈曦芃 108.0 86.0 111.0 56.0 59.0 81.0 305.0 196.0 501.0
30911 陈逸挺 84.0 76.0 81.0 36.0 25.0 56.0 241.0 117.0 358.0
30912 陈钰媛 107.0 97.0 100.0 52.0 42.0 68.0 304.0 162.0 466.0
30913 陈裕 91.0 74.0 98.0 45.0 43.0 72.0 263.0 160.0 423.0
30914 陈钊燚 110.0 107.0 99.0 84.0 58.0 81.0 316.0 223.0 539.0
30915 丁琪瑄 94.0 93.0 111.0 50.0 58.0 73.0 298.0 181.0 479.0
30916 丁泽晟 103.0 126.0 97.0 80.0 75.0 82.0 326.0 237.0 563.0
30917 董信步 107.0 105.0 94.0 80.0 51.0 87.0 306.0 218.0 524.0
30918 郭婉祺 101.0 103.0 113.0 65.0 53.0 82.0 317.0 200.0 517.0
30919 郭潇凯 107.0 108.0 107.0 82.0 58.0 81.0 322.0 221.0 543.0
30920 洪愿足 105.0 108.0 87.0 69.0 52.0 76.0 300.0 197.0 497.0
30921 黄川 105.0 100.0 100.0 76.0 59.0 84.0 305.0 219.0 524.0
30923 黄晓彤 100.0 42.0 102.0 27.0 37.0 44.0 244.0 108.0 352.0
30924 黄泽钦 97.0 115.0 103.0 82.0 53.0 74.0 315.0 209.0 524.0
30925 黄梓媛 117.0 91.0 113.0 51.0 45.0 81.0 321.0 177.0 498.0
30926 蓝菁 111.0 98.0 106.0 61.0 44.0 77.0 315.0 182.0 497.0
30927 李金洺 101.0 52.0 86.0 26.0 42.0 63.0 239.0 131.0 370.0
30928 李乐浩 96.0 107.0 96.0 49.0 57.0 74.0 299.0 180.0 479.0
30929 李泽銮 104.0 104.0 100.0 72.0 55.0 72.0 308.0 199.0 507.0
30930 林翰 106.0 98.0 102.0 44.0 44.0 76.0 306.0 164.0 470.0
30931 林洁娜 106.0 89.0 92.0 44.0 44.0 71.0 287.0 159.0 446.0
30932 林锦燕 107.0 82.0 112.0 73.0 58.0 83.0 301.0 214.0 515.0
30933 林仕居 95.0 95.0 120.0 67.0 52.0 89.0 310.0 208.0 518.0
30934 林铄浩 97.0 103.0 91.0 66.0 61.0 80.0 291.0 207.0 498.0
30935 林晓琪 116.0 90.0 112.0 60.0 51.0 81.0 318.0 192.0 510.0
30936 林依洁 100.0 86.0 103.0 66.0 42.0 72.0 289.0 180.0 469.0
30937 刘泳钊 110.0 50.0 97.0 56.0 22.0 38.0 257.0 116.0 373.0
30938 罗泽鑫 108.0 113.0 99.0 75.0 57.0 83.0 320.0 215.0 535.0
30939 欧阳苇航 104.0 101.0 93.0 86.0 71.0 86.0 298.0 243.0 541.0
30940 潘沛 115.0 88.0 105.0 54.0 49.0 75.0 308.0 178.0 486.0
30941 邱子涵 108.0 110.0 108.0 61.0 57.0 83.0 326.0 201.0 527.0
30942 芮滢 103.0 89.0 109.0 66.0 52.0 79.0 301.0 197.0 498.0
30943 沈子钦 96.0 78.0 104.0 71.0 38.0 75.0 278.0 184.0 462.0
30944 王逸楠 106.0 70.0 119.0 42.0 37.0 70.0 295.0 149.0 444.0
30945 王梓宜 103.0 89.0 82.0 77.0 59.0 75.0 274.0 211.0 485.0
30946 吴佳锡 97.0 98.0 96.0 74.0 57.0 80.0 291.0 211.0 502.0
30947 吴奕艾 89.0 82.0 83.0 51.0 48.0 72.0 254.0 171.0 425.0
30948 吴逸慈 120.0 150.0 136.0 98.0 95.0 88.0 406.0 281.0 687.0
30949 徐仰男 98.0 99.0 110.0 63.0 63.0 82.0 307.0 208.0 515.0
30950 杨亦茜 110.0 125.0 110.0 75.0 71.0 77.0 345.0 223.0 568.0
30951 姚炜琳 105.0 70.0 90.0 36.0 46.0 65.0 265.0 147.0 412.0
30952 余烁 95.0 100.0 110.0 64.0 49.0 81.0 305.0 194.0 499.0
30953 袁一欣 96.0 87.0 124.0 57.0 38.0 66.0 307.0 161.0 468.0
30954 曾慧宾 112.0 87.0 93.0 60.0 43.0 84.0 292.0 187.0 479.0
30955 张涵 108.0 123.0 107.0 86.0 59.0 92.0 338.0 237.0 575.0
30956 张禾 102.0 102.0 102.0 67.0 52.0 80.0 306.0 199.0 505.0
30957 郑瑞锐 107.0 117.0 110.0 89.0 70.0 90.0 334.0 249.0 583.0
30958 郑闻铎 91.0 89.0 89.0 75.0 32.0 76.0 269.0 183.0 452.0
30959 郑勋 104.0 80.0 116.0 44.0 40.0 78.0 300.0 162.0 462.0
30960 郑哲 105.0 48.0 104.0 46.0 42.0 50.0 257.0 138.0 395.0
30961 朱海平 101.0 92.0 100.0 62.0 49.0 80.0 293.0 191.0 484.0
30962 庄瑞临 102.0 96.0 109.0 65.0 56.0 76.0 307.0 197.0 504.0
31001 蔡凡 87.0 109.0 105.0 72.0 52.0 77.0 301.0 201.0 502.0
31002 蔡若珂 98.0 89.0 111.0 70.0 53.0 79.0 298.0 202.0 500.0
31004 蔡周峰 105.0 91.0 111.0 56.0 51.0 74.0 307.0 181.0 488.0
31005 陈蓓蓓 100.0 97.0 95.0 46.0 41.0 73.0 292.0 160.0 452.0
31006 陈钧哲 107.0 131.0 100.0 81.0 66.0 83.0 338.0 230.0 568.0
31007 陈树煜 109.0 107.0 87.0 70.0 43.0 83.0 303.0 196.0 499.0
31008 陈泰霖 104.0 102.0 103.0 76.0 62.0 84.0 309.0 222.0 531.0
31009 陈童菲 113.0 115.0 106.0 87.0 68.0 85.0 334.0 240.0 574.0
31010 陈泽锋 94.0 112.0 98.0 60.0 69.0 64.0 304.0 193.0 497.0
31011 陈泽锐 97.0 92.0 87.0 48.0 36.0 63.0 276.0 147.0 423.0
31012 池逸和 98.0 107.0 112.0 71.0 48.0 79.0 317.0 198.0 515.0
31013 杜鑫 103.0 102.0 112.0 89.0 41.0 87.0 317.0 217.0 534.0
31014 范冬倪 98.0 100.0 95.0 43.0 52.0 70.0 293.0 165.0 458.0
31015 房瑜仪 90.0 83.0 84.0 74.0 46.0 73.0 257.0 193.0 450.0
31016 高帅博 94.0 99.0 109.0 79.0 74.0 78.0 302.0 231.0 533.0
31017 黄钿津 86.0 101.0 96.0 29.0 28.0 37.0 283.0 94.0 377.0
31018 黄兰馨 105.0 79.0 111.0 55.0 54.0 77.0 295.0 186.0 481.0
31019 黄立涵 99.0 97.0 98.0 82.0 46.0 81.0 294.0 209.0 503.0
31020 黄泽瀚 103.0 109.0 113.0 89.0 55.0 78.0 325.0 222.0 547.0
31021 纪南帆 95.0 93.0 76.0 51.0 41.0 70.0 264.0 162.0 426.0
31022 纪欣格 100.0 99.0 91.0 58.0 64.0 64.0 290.0 186.0 476.0
31023 金敏桦 122.0 122.0 113.0 62.0 49.0 89.0 357.0 200.0 557.0
31024 李嘉桦 96.0 103.0 99.0 50.0 52.0 65.0 298.0 167.0 465.0
31025 李芷佳 105.0 100.0 109.0 53.0 52.0 83.0 314.0 188.0 502.0
31026 林翠环 104.0 103.0 104.0 61.0 56.0 79.0 311.0 196.0 507.0
31027 林丹娜 104.0 91.0 102.0 67.0 69.0 85.0 297.0 221.0 518.0
31028 林婷婷 107.0 94.0 115.0 75.0 45.0 89.0 316.0 209.0 525.0
31029 林钰 103.0 85.0 112.0 38.0 43.0 70.0 300.0 151.0 451.0
31030 林展锋 111.0 98.0 98.0 55.0 53.0 82.0 307.0 190.0 497.0
31031 林子潼 98.0 108.0 105.0 81.0 51.0 88.0 311.0 220.0 531.0
31032 刘派佳 97.0 95.0 85.0 42.0 45.0 67.0 277.0 154.0 431.0
31033 陆天宇 98.0 101.0 95.0 66.0 47.0 77.0 294.0 190.0 484.0
31034 马殊 99.0 82.0 106.0 54.0 47.0 73.0 287.0 174.0 461.0
31035 邱驰 87.0 100.0 120.0 82.0 48.0 76.0 307.0 206.0 513.0
31036 邱煜群 105.0 115.0 110.0 72.0 58.0 81.0 330.0 211.0 541.0
31037 王昊东 103.0 117.0 84.0 86.0 55.0 74.0 304.0 215.0 519.0
31038 王新荣 103.0 113.0 100.0 91.0 82.0 89.0 316.0 262.0 578.0
31039 王岳 107.0 81.0 92.0 57.0 54.0 65.0 280.0 176.0 456.0
31040 王芸 88.0 89.0 99.0 51.0 49.0 73.0 276.0 173.0 449.0
31041 翁培锴 109.0 111.0 109.0 77.0 52.0 76.0 329.0 205.0 534.0
31042 吴铭洵 107.0 79.0 99.0 51.0 49.0 68.0 285.0 168.0 453.0
31043 吴楠 103.0 110.0 108.0 67.0 60.0 82.0 321.0 209.0 530.0
31044 吴新仪 109.0 99.0 107.0 50.0 55.0 79.0 315.0 184.0 499.0
31045 夏立嘉 106.0 115.0 111.0 70.0 39.0 77.0 332.0 186.0 518.0
31046 辛焜媛 107.0 89.0 95.0 57.0 61.0 86.0 291.0 204.0 495.0
31047 辛源锋 91.0 56.0 0 43.0 24.0 52.0 0 119.0 0
31048 许思琪 95.0 87.0 95.0 60.0 56.0 76.0 277.0 192.0 469.0
31049 羊雪琪 101.0 111.0 117.0 67.0 70.0 85.0 329.0 222.0 551.0
31050 杨基石 100.0 93.0 110.0 46.0 52.0 68.0 303.0 166.0 469.0
31051 杨璐羽 104.0 81.0 108.0 64.0 61.0 75.0 293.0 200.0 493.0
31052 曾炀铃 99.0 96.0 104.0 60.0 58.0 80.0 299.0 198.0 497.0
31053 曾钰辉 103.0 105.0 89.0 66.0 43.0 66.0 297.0 175.0 472.0
31054 张森烔 104.0 107.0 98.0 52.0 46.0 82.0 309.0 180.0 489.0
31055 赵博瑄 95.0 72.0 108.0 38.0 40.0 49.0 275.0 127.0 402.0
31056 郑乐镔 103.0 103.0 104.0 71.0 41.0 68.0 310.0 180.0 490.0
31057 郑若晗 104.0 110.0 107.0 57.0 43.0 77.0 321.0 177.0 498.0
31059 郑伟纯 109.0 129.0 124.0 77.0 65.0 90.0 362.0 232.0 594.0
31060 周宇程 95.0 111.0 115.0 70.0 68.0 73.0 321.0 211.0 532.0
31061 周之祺 104.0 113.0 113.0 70.0 76.0 76.0 330.0 222.0 552.0
31062 庄杰涛 106.0 112.0 118.0 75.0 79.0 85.0 336.0 239.0 575.0
31101 蔡滨 106.0 94.0 116.0 74.0 72.0 89.0 316.0 235.0 551.0
31102 曹耿槟 101.0 81.0 99.0 47.0 31.0 74.0 281.0 152.0 433.0
31103 陈浩钦 118.0 123.0 99.0 79.0 56.0 87.0 340.0 222.0 562.0
31104 陈洪昱 106.0 108.0 86.0 83.0 57.0 78.0 300.0 218.0 518.0
31105 陈令烨 106.0 93.0 123.0 73.0 52.0 84.0 322.0 209.0 531.0
31106 陈斯昂 111.0 128.0 116.0 98.0 93.0 94.0 355.0 285.0 640.0
31107 陈逸南 110.0 105.0 108.0 77.0 60.0 85.0 323.0 222.0 545.0
31108 陈逸天 104.0 109.0 106.0 84.0 39.0 88.0 319.0 211.0 530.0
31109 陈詠萩 100.0 105.0 114.0 73.0 67.0 87.0 319.0 227.0 546.0
31110 代桂敏 98.0 78.0 97.0 43.0 43.0 79.0 273.0 165.0 438.0
31111 方江鑫 104.0 98.0 103.0 83.0 58.0 80.0 305.0 221.0 526.0
31112 方武智 104.0 76.0 93.0 47.0 32.0 65.0 273.0 144.0 417.0
31113 高亦婷 106.0 111.0 109.0 50.0 43.0 86.0 326.0 179.0 505.0
31114 郭林凯 93.0 87.0 92.0 44.0 28.0 63.0 272.0 135.0 407.0
31115 黄航 111.0 118.0 106.0 78.0 71.0 86.0 335.0 235.0 570.0
31116 黄腾 106.0 90.0 103.0 54.0 44.0 70.0 299.0 168.0 467.0
31117 黄钰涵 102.0 65.0 104.0 47.0 36.0 78.0 271.0 161.0 432.0
31118 黄仲铖 104.0 85.0 101.0 55.0 50.0 65.0 290.0 170.0 460.0
31120 李琳纯 104.0 79.0 103.0 43.0 46.0 63.0 286.0 152.0 438.0
31121 李世濠 105.0 71.0 106.0 74.0 56.0 77.0 282.0 207.0 489.0
31122 李晓琳 117.0 93.0 101.0 59.0 57.0 80.0 311.0 196.0 507.0
31123 李旭纯 104.0 87.0 122.0 67.0 63.0 93.0 313.0 223.0 536.0
31124 林德明 96.0 77.0 105.0 86.0 55.0 87.0 278.0 228.0 506.0
31125 林介山 111.0 113.0 84.0 78.0 63.0 82.0 308.0 223.0 531.0
31126 林琳 96.0 105.0 88.0 56.0 47.0 62.0 289.0 165.0 454.0
31127 林南裕 109.0 105.0 110.0 61.0 66.0 73.0 324.0 200.0 524.0
31128 林烁 98.0 94.0 99.0 59.0 52.0 64.0 291.0 175.0 466.0
31129 林媛 107.0 84.0 89.0 56.0 46.0 72.0 280.0 174.0 454.0
31130 林泽豪 112.0 115.0 109.0 70.0 55.0 91.0 336.0 216.0 552.0
31131 林曾越 102.0 93.0 107.0 70.0 58.0 80.0 302.0 208.0 510.0
31132 卢楠 96.0 66.0 103.0 43.0 45.0 59.0 265.0 147.0 412.0
31133 罗世跃 98.0 99.0 90.0 55.0 54.0 71.0 287.0 180.0 467.0
31134 佘晓洁 104.0 69.0 110.0 50.0 41.0 64.0 283.0 155.0 438.0
31135 宋畅 101.0 107.0 112.0 69.0 47.0 78.0 320.0 194.0 514.0
31136 苏梓禄 93.0 47.0 77.0 53.0 38.0 52.0 217.0 143.0 360.0
31137 孙可欣 107.0 128.0 117.0 80.0 68.0 89.0 352.0 237.0 589.0
31138 王冬梅 111.0 116.0 105.0 76.0 61.0 85.0 332.0 222.0 554.0
31139 王睿琪 102.0 87.0 104.0 63.0 50.0 78.0 293.0 191.0 484.0
31140 王松波 100.0 98.0 106.0 69.0 65.0 90.0 304.0 224.0 528.0
31141 王宇涵 111.0 117.0 128.0 83.0 59.0 85.0 356.0 227.0 583.0
31142 翁锐鹏 98.0 102.0 83.0 29.0 37.0 60.0 283.0 126.0 409.0
31143 翁慎喆 95.0 93.0 91.0 67.0 62.0 79.0 279.0 208.0 487.0
31144 吴吉莉 103.0 87.0 110.0 69.0 42.0 87.0 300.0 198.0 498.0
31145 吴锦涛 95.0 58.0 62.0 35.0 22.0 49.0 215.0 106.0 321.0
31146 吴泽钟 105.0 97.0 91.0 67.0 47.0 82.0 293.0 196.0 489.0
31147 肖涵 96.0 96.0 108.0 53.0 53.0 71.0 300.0 177.0 477.0
31148 肖芷雅 107.0 108.0 112.0 71.0 51.0 78.0 327.0 200.0 527.0
31149 谢冬纯 108.0 116.0 98.0 83.0 69.0 86.0 322.0 238.0 560.0
31150 谢晴 114.0 116.0 107.0 74.0 58.0 78.0 337.0 210.0 547.0
31151 徐子东 102.0 127.0 105.0 84.0 60.0 83.0 334.0 227.0 561.0
31152 杨薇 106.0 106.0 121.0 63.0 64.0 87.0 333.0 214.0 547.0
31153 杨艺霞 120.0 119.0 121.0 73.0 46.0 84.0 360.0 203.0 563.0
31154 姚曙凯 99.0 107.0 94.0 63.0 55.0 68.0 300.0 186.0 486.0
31155 曾扬航 91.0 102.0 112.0 57.0 69.0 77.0 305.0 203.0 508.0
31156 张新阳 95.0 101.0 101.0 75.0 59.0 80.0 297.0 214.0 511.0
31157 郑长河 97.0 82.0 102.0 54.0 34.0 75.0 281.0 163.0 444.0
31158 郑力中 113.0 98.0 128.0 77.0 59.0 84.0 339.0 220.0 559.0
31159 郑润华 106.0 98.0 105.0 65.0 54.0 81.0 309.0 200.0 509.0
31160 郑逸锋 111.0 122.0 103.0 80.0 58.0 86.0 336.0 224.0 560.0
31161 周锦煜 95.0 84.0 95.0 44.0 42.0 79.0 274.0 165.0 439.0
31201 陈健颖 109.0 107.0 100.0 88.0 86.0 87.0 316.0 261.0 577.0
31202 陈楠弘 106.0 89.0 102.0 54.0 46.0 75.0 297.0 175.0 472.0
31203 陈祈丹 100.0 64.0 96.0 48.0 29.0 67.0 260.0 144.0 404.0
31204 陈舒颖 97.0 112.0 109.0 77.0 83.0 88.0 318.0 248.0 566.0
31205 陈晓婷 102.0 76.0 110.0 52.0 55.0 75.0 288.0 182.0 470.0
31206 陈雅昕 102.0 94.0 114.0 70.0 80.0 92.0 310.0 242.0 552.0
31208 陈裕渊 115.0 101.0 116.0 88.0 66.0 82.0 332.0 236.0 568.0
31209 程梓 95.0 69.0 110.0 37.0 49.0 55.0 274.0 141.0 415.0
31211 高丹敏 101.0 107.0 111.0 56.0 69.0 81.0 319.0 206.0 525.0
31212 洪耿鑫 105.0 108.0 94.0 65.0 46.0 78.0 307.0 189.0 496.0
31213 洪泳琪 110.0 111.0 116.0 81.0 77.0 91.0 337.0 249.0 586.0
31214 黄骏涵 108.0 72.0 104.0 73.0 65.0 67.0 284.0 205.0 489.0
31215 黄丽楠 107.0 87.0 97.0 54.0 40.0 61.0 291.0 155.0 446.0
31216 黄绵煌 108.0 103.0 100.0 51.0 47.0 68.0 311.0 166.0 477.0
31217 黄曦宇 104.0 92.0 98.0 46.0 50.0 68.0 294.0 164.0 458.0
31218 李洁淳 108.0 103.0 98.0 49.0 56.0 65.0 309.0 170.0 479.0
31219 李晓波 107.0 84.0 94.0 59.0 64.0 79.0 285.0 202.0 487.0
31220 李育纯 111.0 87.0 111.0 54.0 76.0 76.0 309.0 206.0 515.0
31221 李云山 103.0 105.0 110.0 66.0 66.0 79.0 318.0 211.0 529.0
31222 林翰韬 107.0 94.0 111.0 60.0 66.0 79.0 312.0 205.0 517.0
31223 林靖 99.0 117.0 117.0 73.0 60.0 88.0 333.0 221.0 554.0
31224 林敏英 110.0 107.0 103.0 74.0 62.0 85.0 320.0 221.0 541.0
31225 林汪灏 104.0 47.0 90.0 38.0 38.0 66.0 241.0 142.0 383.0
31226 林晓仰 116.0 100.0 115.0 69.0 52.0 70.0 331.0 191.0 522.0
31227 刘陈婷 106.0 112.0 115.0 64.0 60.0 89.0 333.0 213.0 546.0
31228 刘淇文 91.0 74.0 105.0 56.0 47.0 80.0 270.0 183.0 453.0
31229 刘逸璋 100.0 107.0 112.0 57.0 71.0 80.0 319.0 208.0 527.0
31230 罗立扬 102.0 100.0 102.0 76.0 70.0 86.0 304.0 232.0 536.0
31231 马尚霖 107.0 71.0 103.0 31.0 47.0 70.0 281.0 148.0 429.0
31232 沈楠 98.0 58.0 100.0 72.0 55.0 76.0 256.0 203.0 459.0
31233 孙奇 115.0 123.0 126.0 94.0 87.0 87.0 364.0 268.0 632.0
31234 孙泽鑫 104.0 79.0 80.0 50.0 40.0 66.0 263.0 156.0 419.0
31235 王锴 104.0 110.0 113.0 73.0 72.0 85.0 327.0 230.0 557.0
31236 王婉仪 112.0 58.0 98.0 28.0 49.0 72.0 268.0 149.0 417.0
31237 王炜 92.0 110.0 111.0 87.0 64.0 82.0 313.0 233.0 546.0
31238 王志鹏 94.0 99.0 110.0 57.0 57.0 78.0 303.0 192.0 495.0
31239 王梓菁 107.0 95.0 102.0 82.0 53.0 89.0 304.0 224.0 528.0
31240 翁子腾 93.0 117.0 95.0 58.0 52.0 77.0 305.0 187.0 492.0
31241 吴宏振 107.0 65.0 99.0 36.0 49.0 75.0 271.0 160.0 431.0
31242 吴捷健 115.0 120.0 117.0 92.0 97.0 95.0 352.0 284.0 636.0
31243 吴晓杰 104.0 138.0 108.0 77.0 65.0 85.0 350.0 227.0 577.0
31244 肖扬秀 100.0 94.0 112.0 72.0 61.0 84.0 306.0 217.0 523.0
31245 谢艾津 103.0 79.0 106.0 55.0 47.0 69.0 288.0 171.0 459.0
31246 谢泽杰 109.0 116.0 104.0 68.0 71.0 87.0 329.0 226.0 555.0
31247 许涵英 106.0 92.0 108.0 72.0 78.0 68.0 306.0 218.0 524.0
31248 许佳森 96.0 68.0 62.0 49.0 36.0 75.0 226.0 160.0 386.0
31249 许桐辉 106.0 86.0 94.0 49.0 41.0 72.0 286.0 162.0 448.0
31250 杨时骅 96.0 51.0 94.0 30.0 32.0 54.0 241.0 116.0 357.0
31251 杨时颖 110.0 99.0 106.0 74.0 59.0 81.0 315.0 214.0 529.0
31252 余洢彤 106.0 74.0 99.0 59.0 60.0 69.0 279.0 188.0 467.0
31253 曾婵娟 107.0 120.0 119.0 69.0 71.0 84.0 346.0 224.0 570.0
31254 张漫卿 93.0 57.0 79.0 25.0 40.0 78.0 229.0 143.0 372.0
31255 张睿莹 102.0 98.0 105.0 74.0 68.0 88.0 305.0 230.0 535.0
31256 张艺涵 103.0 82.0 102.0 83.0 72.0 85.0 287.0 240.0 527.0
31257 郑思思 105.0 100.0 96.0 54.0 58.0 60.0 301.0 172.0 473.0
31258 郑希彦 105.0 75.0 93.0 60.0 55.0 71.0 273.0 186.0 459.0
31259 郑以豪 105.0 97.0 97.0 74.0 69.0 85.0 299.0 228.0 527.0
31260 周名弦 111.0 140.0 113.0 79.0 78.0 83.0 364.0 240.0 604.0
31261 朱源腾 107.0 102.0 100.0 58.0 49.0 79.0 309.0 186.0 495.0
31262 朱越 120.0 127.0 119.0 71.0 71.0 86.0 366.0 228.0 594.0
31301 蔡祎晖 110.0 106.0 78.0 56.0 57.0 79.0 294.0 192.0 486.0
31302 蔡永杰 81.0 66.0 103.0 54.0 48.0 81.0 250.0 183.0 433.0
31303 蔡泽莎 116.0 111.0 117.0 76.0 55.0 87.0 344.0 218.0 562.0
31304 蔡芝恬 104.0 94.0 108.0 69.0 53.0 80.0 306.0 202.0 508.0
31305 陈璐 104.0 96.0 111.0 61.0 43.0 80.0 311.0 184.0 495.0
31306 陈冉 108.0 101.0 122.0 56.0 52.0 89.0 331.0 197.0 528.0
31307 陈文博 106.0 126.0 105.0 100.0 84.0 88.0 337.0 272.0 609.0
31308 陈宇铭 102.0 90.0 113.0 81.0 52.0 89.0 305.0 222.0 527.0
31309 陈岳彬 103.0 109.0 90.0 71.0 53.0 76.0 302.0 200.0 502.0
31310 郭剑豪 109.0 114.0 120.0 63.0 51.0 81.0 343.0 195.0 538.0
31311 黄凯丽 99.0 97.0 108.0 63.0 46.0 81.0 304.0 190.0 494.0
31312 黄宇阳 114.0 109.0 117.0 80.0 85.0 88.0 340.0 253.0 593.0
31313 黄桢栩 109.0 113.0 108.0 73.0 57.0 72.0 330.0 202.0 532.0
31314 黄柱铭 94.0 87.0 86.0 65.0 48.0 78.0 267.0 191.0 458.0
31315 赖浩锋 103.0 121.0 119.0 79.0 67.0 90.0 343.0 236.0 579.0
31316 李斯涵 100.0 78.0 83.0 52.0 46.0 79.0 261.0 177.0 438.0
31317 林耿烨 104.0 105.0 112.0 55.0 53.0 79.0 321.0 187.0 508.0
31318 林炜钿 101.0 101.0 83.0 50.0 41.0 66.0 285.0 157.0 442.0
31319 林业渺 101.0 95.0 86.0 69.0 56.0 74.0 282.0 199.0 481.0
31320 林子棉 107.0 125.0 95.0 87.0 64.0 87.0 327.0 238.0 565.0
31321 刘佳彤 104.0 96.0 102.0 38.0 51.0 82.0 302.0 171.0 473.0
31322 刘珊 106.0 88.0 114.0 60.0 48.0 89.0 308.0 197.0 505.0
31323 陆齐 103.0 112.0 119.0 53.0 53.0 66.0 334.0 172.0 506.0
31324 马丹泓 102.0 83.0 79.0 60.0 28.0 86.0 264.0 174.0 438.0
31325 马伟根 110.0 122.0 109.0 95.0 87.0 89.0 341.0 271.0 612.0
31326 欧斐斐 96.0 92.0 121.0 68.0 66.0 85.0 309.0 219.0 528.0
31327 宋伊钿 104.0 91.0 111.0 74.0 49.0 79.0 306.0 202.0 508.0
31328 苏昉 105.0 85.0 112.0 78.0 67.0 85.0 302.0 230.0 532.0
31329 孙佳笙 104.0 91.0 106.0 50.0 64.0 66.0 301.0 180.0 481.0
31330 孙隽源 108.0 123.0 105.0 71.0 62.0 86.0 336.0 219.0 555.0
31331 吴国炀 99.0 97.0 88.0 54.0 50.0 78.0 284.0 182.0 466.0
31332 吴铭泓 107.0 105.0 112.0 81.0 70.0 89.0 324.0 240.0 564.0
31333 吴任诚 100.0 69.0 101.0 37.0 36.0 71.0 270.0 144.0 414.0
31334 吴之林 101.0 102.0 95.0 69.0 61.0 82.0 298.0 212.0 510.0
31335 肖林昕 96.0 51.0 108.0 21.0 46.0 60.0 255.0 127.0 382.0
31336 谢键焕 101.0 134.0 111.0 81.0 73.0 81.0 346.0 235.0 581.0
31338 徐略 98.0 42.0 91.0 39.0 38.0 53.0 231.0 130.0 361.0
31339 徐紫丹 96.0 98.0 95.0 48.0 58.0 67.0 289.0 173.0 462.0
31340 许锦涛 111.0 92.0 104.0 60.0 62.0 87.0 307.0 209.0 516.0
31341 许稚芝 102.0 91.0 101.0 60.0 45.0 82.0 294.0 187.0 481.0
31342 许宗蕾 88.0 67.0 86.0 30.0 37.0 61.0 241.0 128.0 369.0
31343 颜舒洁 109.0 72.0 110.0 34.0 32.0 76.0 291.0 142.0 433.0
31344 羊恩跃 106.0 122.0 75.0 60.0 64.0 83.0 303.0 207.0 510.0
31345 杨璐洁 102.0 108.0 116.0 55.0 46.0 86.0 326.0 187.0 513.0
31346 杨宓 108.0 112.0 121.0 54.0 56.0 83.0 341.0 193.0 534.0
31347 杨晓虹 109.0 87.0 100.0 29.0 57.0 77.0 296.0 163.0 459.0
31348 姚佳宜 99.0 102.0 102.0 79.0 49.0 86.0 303.0 214.0 517.0
31349 姚星宇 93.0 98.0 92.0 61.0 53.0 80.0 283.0 194.0 477.0
31350 姚映苗 105.0 96.0 118.0 61.0 56.0 80.0 319.0 197.0 516.0
31351 余嘉梓 108.0 115.0 95.0 57.0 49.0 79.0 318.0 185.0 503.0
31352 曾博宇 108.0 119.0 120.0 93.0 72.0 92.0 347.0 257.0 604.0
31354 曾坚锐 111.0 101.0 99.0 58.0 60.0 85.0 311.0 203.0 514.0
31355 曾妍 106.0 109.0 91.0 63.0 52.0 81.0 306.0 196.0 502.0
31356 詹海鹏 106.0 137.0 100.0 80.0 56.0 84.0 343.0 220.0 563.0
31357 詹絮素 112.0 75.0 105.0 34.0 49.0 60.0 292.0 143.0 435.0
31358 张泽恩 106.0 87.0 97.0 39.0 0 73.0 290.0 0 0
31359 章智秋 97.0 116.0 108.0 91.0 66.0 92.0 321.0 249.0 570.0
31360 郑少锐 94.0 100.0 97.0 47.0 43.0 78.0 291.0 168.0 459.0
31361 郑泽明 115.0 108.0 107.0 67.0 61.0 81.0 330.0 209.0 539.0
31362 庄鸿鑫 113.0 118.0 126.0 79.0 74.0 91.0 357.0 244.0 601.0
31401 陈岱芃 121.0 106.0 132.0 54.0 59.0 87.0 359.0 200.0 559.0
31402 陈端华 110.0 89.0 116.0 53.0 52.0 77.0 315.0 182.0 497.0
31403 陈挥遒 103.0 89.0 94.0 41.0 49.0 71.0 286.0 161.0 447.0
31404 陈建诚 95.0 114.0 111.0 76.0 66.0 86.0 320.0 228.0 548.0
31405 陈沛峰 101.0 70.0 74.0 49.0 48.0 62.0 245.0 159.0 404.0
31406 陈芃 105.0 109.0 102.0 72.0 63.0 79.0 316.0 214.0 530.0
31407 陈铄霓 98.0 89.0 100.0 49.0 51.0 75.0 287.0 175.0 462.0
31408 陈奕希 111.0 70.0 108.0 54.0 52.0 76.0 289.0 182.0 471.0
31409 陈泽伟 109.0 111.0 93.0 73.0 71.0 85.0 313.0 229.0 542.0
31410 陈喆慧 100.0 92.0 81.0 67.0 57.0 78.0 273.0 202.0 475.0
31411 陈至渲 103.0 116.0 116.0 64.0 76.0 87.0 335.0 227.0 562.0
31412 陈佐治 113.0 127.0 128.0 88.0 72.0 83.0 368.0 243.0 611.0
31413 邓昱聪 111.0 90.0 102.0 56.0 56.0 69.0 303.0 181.0 484.0
31414 邓泽淳 96.0 92.0 84.0 52.0 47.0 81.0 272.0 180.0 452.0
31415 冯嘉俊 102.0 106.0 94.0 67.0 53.0 88.0 302.0 208.0 510.0
31416 龚泽颖 121.0 88.0 116.0 72.0 66.0 93.0 325.0 231.0 556.0
31417 郭冰桦 112.0 107.0 119.0 51.0 48.0 88.0 338.0 187.0 525.0
31418 黄恩童 111.0 104.0 115.0 57.0 46.0 89.0 330.0 192.0 522.0
31419 黄桂凤 100.0 79.0 88.0 55.0 49.0 70.0 267.0 174.0 441.0
31420 江锦虹 105.0 91.0 109.0 64.0 63.0 87.0 305.0 214.0 519.0
31421 李佳晟 116.0 110.0 116.0 61.0 59.0 80.0 342.0 200.0 542.0
31422 李楠 115.0 106.0 113.0 69.0 39.0 86.0 334.0 194.0 528.0
31423 李舒婷 116.0 90.0 99.0 59.0 53.0 90.0 305.0 202.0 507.0
31424 李易熹 106.0 105.0 109.0 87.0 67.0 85.0 320.0 239.0 559.0
31425 林泓 105.0 123.0 96.0 79.0 56.0 81.0 324.0 216.0 540.0
31426 林可依 117.0 126.0 112.0 63.0 57.0 73.0 355.0 193.0 548.0
31427 林珮汝 97.0 111.0 110.0 54.0 52.0 76.0 318.0 182.0 500.0
31428 林心玥 95.0 79.0 109.0 30.0 29.0 72.0 283.0 131.0 414.0
31429 刘硕霓 105.0 122.0 110.0 78.0 49.0 89.0 337.0 216.0 553.0
31430 刘易恺 112.0 123.0 114.0 71.0 67.0 79.0 349.0 217.0 566.0
31431 卢琳绵 118.0 114.0 111.0 52.0 63.0 84.0 343.0 199.0 542.0
31432 吕远东 94.0 100.0 97.0 72.0 57.0 87.0 291.0 216.0 507.0
31433 马旭民 115.0 108.0 94.0 66.0 64.0 86.0 317.0 216.0 533.0
31434 麦泽涵 115.0 108.0 115.0 77.0 51.0 87.0 338.0 215.0 553.0
31435 邱鸿鑫 95.0 115.0 106.0 71.0 60.0 86.0 316.0 217.0 533.0
31436 邱诗钿 99.0 69.0 92.0 31.0 34.0 70.0 260.0 135.0 395.0
31437 邱梓妍 102.0 108.0 111.0 76.0 60.0 82.0 321.0 218.0 539.0
31438 谭妍真 99.0 99.0 91.0 61.0 47.0 86.0 289.0 194.0 483.0
31439 王毓佳 106.0 103.0 91.0 54.0 48.0 81.0 300.0 183.0 483.0
31440 吴昊 103.0 42.0 113.0 26.0 31.0 74.0 258.0 131.0 389.0
31441 吴浩瀚 99.0 105.0 94.0 75.0 64.0 79.0 298.0 218.0 516.0
31442 吴彤君 96.0 111.0 103.0 55.0 39.0 76.0 310.0 170.0 480.0
31443 肖培亮 112.0 107.0 100.0 89.0 69.0 91.0 319.0 249.0 568.0
31444 谢碧瑶 96.0 100.0 107.0 71.0 65.0 86.0 303.0 222.0 525.0
31445 辛杨淳 108.0 107.0 106.0 73.0 63.0 73.0 321.0 209.0 530.0
31446 徐国玮 104.0 94.0 99.0 69.0 46.0 86.0 297.0 201.0 498.0
31447 徐铤 115.0 119.0 115.0 79.0 69.0 84.0 349.0 232.0 581.0
31448 许凯涵 96.0 105.0 114.0 50.0 47.0 65.0 315.0 162.0 477.0
31449 许正纲 95.0 93.0 71.0 57.0 54.0 70.0 259.0 181.0 440.0
31450 杨琳 103.0 111.0 98.0 52.0 53.0 79.0 312.0 184.0 496.0
31451 杨泽仪 109.0 100.0 107.0 59.0 65.0 75.0 316.0 199.0 515.0
31452 姚广濠 107.0 92.0 120.0 86.0 62.0 84.0 319.0 232.0 551.0
31453 叶济东 119.0 110.0 112.0 56.0 62.0 80.0 341.0 198.0 539.0
31454 叶洋 98.0 83.0 79.0 62.0 52.0 80.0 260.0 194.0 454.0
31455 余旭玮 95.0 68.0 109.0 42.0 48.0 85.0 272.0 175.0 447.0
31456 曾思沛 107.0 74.0 105.0 84.0 62.0 71.0 286.0 217.0 503.0
31457 张睿博 96.0 112.0 102.0 81.0 55.0 81.0 310.0 217.0 527.0
31458 章炫锐 106.0 110.0 109.0 67.0 64.0 85.0 325.0 216.0 541.0
31459 章梓烨 107.0 79.0 116.0 39.0 40.0 72.0 302.0 151.0 453.0
31460 郑康 103.0 111.0 103.0 67.0 49.0 73.0 317.0 189.0 506.0
31461 郑宇婷 104.0 109.0 106.0 47.0 43.0 77.0 319.0 167.0 486.0
31462 庄泽达 91.0 37.0 82.0 14.0 25.0 22.0 210.0 61.0 271.0
31501 蔡嘉煜 94.0 107.0 87.0 65.0 54.0 78.0 288.0 197.0 485.0
31502 陈力 106.0 90.0 98.0 68.0 56.0 83.0 294.0 207.0 501.0
31503 陈梦琪 103.0 95.0 127.0 81.0 53.0 84.0 325.0 218.0 543.0
31504 陈培铭 103.0 95.0 101.0 62.0 62.0 88.0 299.0 212.0 511.0
31505 陈佩恋 92.0 100.0 85.0 42.0 57.0 86.0 277.0 185.0 462.0
31506 陈斯哲 86.0 79.0 68.0 54.0 36.0 77.0 233.0 167.0 400.0
31507 陈文浩 100.0 104.0 103.0 60.0 73.0 84.0 307.0 217.0 524.0
31508 陈漪皓 98.0 93.0 116.0 46.0 65.0 65.0 307.0 176.0 483.0
31509 陈溢煌 94.0 85.0 70.0 76.0 53.0 83.0 249.0 212.0 461.0
31510 陈梓轩 107.0 80.0 89.0 47.0 56.0 78.0 276.0 181.0 457.0
31511 程晓婷 118.0 114.0 114.0 81.0 75.0 88.0 346.0 244.0 590.0
31512 杜浜弘 93.0 65.0 94.0 40.0 36.0 65.0 252.0 141.0 393.0
31513 杜佳锴 95.0 112.0 97.0 71.0 63.0 73.0 304.0 207.0 511.0
31514 方宇驰 99.0 113.0 77.0 48.0 50.0 80.0 289.0 178.0 467.0
31515 高越 106.0 116.0 113.0 75.0 62.0 87.0 335.0 224.0 559.0
31516 洪戈 105.0 114.0 109.0 71.0 62.0 90.0 328.0 223.0 551.0
31517 黄向鸿 110.0 98.0 100.0 70.0 48.0 81.0 308.0 199.0 507.0
31518 黄泽山 98.0 88.0 77.0 47.0 35.0 63.0 263.0 145.0 408.0
31519 黄梓彤 102.0 86.0 105.0 62.0 51.0 85.0 293.0 198.0 491.0
31520 柯金宏 104.0 133.0 119.0 87.0 74.0 84.0 356.0 245.0 601.0
31521 赖炜豪 95.0 107.0 99.0 50.0 65.0 90.0 301.0 205.0 506.0
31522 李涵 100.0 96.0 97.0 72.0 49.0 83.0 293.0 204.0 497.0
31523 李沐峻 93.0 100.0 87.0 37.0 50.0 75.0 280.0 162.0 442.0
31524 李润熹 101.0 112.0 109.0 71.0 58.0 86.0 322.0 215.0 537.0
31525 李舒婷 107.0 86.0 118.0 57.0 63.0 86.0 311.0 206.0 517.0
31526 李梓煌 108.0 79.0 111.0 64.0 46.0 83.0 298.0 193.0 491.0
31527 林钗 113.0 100.0 99.0 60.0 45.0 85.0 312.0 190.0 502.0
31528 林若欣 107.0 110.0 123.0 76.0 61.0 80.0 340.0 217.0 557.0
31529 林爽 104.0 100.0 101.0 56.0 48.0 83.0 305.0 187.0 492.0
31530 刘粉婷 101.0 0 0 0 0 91.0 0 0 0
31531 刘烨桦 99.0 73.0 116.0 51.0 45.0 84.0 288.0 180.0 468.0
31532 彭瀚锟 102.0 102.0 86.0 56.0 73.0 80.0 290.0 209.0 499.0
31533 邱霜晓 109.0 92.0 102.0 42.0 46.0 73.0 303.0 161.0 464.0
31534 沈晓琦 104.0 113.0 105.0 70.0 74.0 78.0 322.0 222.0 544.0
31536 王泽翔 106.0 107.0 90.0 52.0 64.0 82.0 303.0 198.0 501.0
31537 翁梓洪 82.0 37.0 85.0 31.0 30.0 37.0 204.0 98.0 302.0
31538 吴林瀚 105.0 100.0 89.0 64.0 63.0 86.0 294.0 213.0 507.0
31539 夏梓斌 100.0 67.0 85.0 20.0 40.0 65.0 252.0 125.0 377.0
31540 谢梦霞 98.0 89.0 107.0 42.0 49.0 77.0 294.0 168.0 462.0
31541 谢泳凯 99.0 137.0 117.0 93.0 85.0 96.0 353.0 274.0 627.0
31542 谢植煌 107.0 95.0 72.0 63.0 49.0 72.0 274.0 184.0 458.0
31543 徐国瑞 99.0 100.0 80.0 54.0 47.0 76.0 279.0 177.0 456.0
31544 许欢 102.0 80.0 119.0 55.0 50.0 74.0 301.0 179.0 480.0
31545 许越 104.0 90.0 115.0 75.0 58.0 79.0 309.0 212.0 521.0
31546 杨小嬉 100.0 89.0 100.0 46.0 60.0 82.0 289.0 188.0 477.0
31547 杨铮楷 108.0 94.0 106.0 75.0 44.0 81.0 308.0 200.0 508.0
31549 袁若瑶 108.0 113.0 99.0 69.0 54.0 79.0 320.0 202.0 522.0
31550 曾少擎 106.0 87.0 113.0 55.0 58.0 82.0 306.0 195.0 501.0
31551 曾欣哲 109.0 121.0 110.0 72.0 56.0 88.0 340.0 216.0 556.0
31552 张志鹏 103.0 125.0 98.0 84.0 78.0 91.0 326.0 253.0 579.0
31553 赵晓冰 103.0 71.0 98.0 28.0 45.0 73.0 272.0 146.0 418.0
31554 郑帆 96.0 110.0 122.0 76.0 55.0 80.0 328.0 211.0 539.0
31555 郑杰 106.0 135.0 98.0 88.0 71.0 86.0 339.0 245.0 584.0
31556 郑婕 97.0 109.0 88.0 70.0 52.0 78.0 294.0 200.0 494.0
31557 郑钧璟 114.0 107.0 121.0 54.0 53.0 84.0 342.0 191.0 533.0
31558 郑丽璇 111.0 104.0 119.0 60.0 60.0 79.0 334.0 199.0 533.0
31559 郑婷芝 101.0 94.0 108.0 56.0 78.0 80.0 303.0 214.0 517.0
31560 郑鑫海 107.0 105.0 108.0 69.0 61.0 78.0 320.0 208.0 528.0
31561 周健驰 104.0 98.0 108.0 70.0 55.0 80.0 310.0 205.0 515.0
31562 邹丹纯 107.0 81.0 119.0 61.0 45.0 80.0 307.0 186.0 493.0
31601 蔡慈瀚 99.0 108.0 126.0 84.0 69.0 82.0 333.0 235.0 568.0
31602 蔡君悦 100.0 91.0 92.0 59.0 50.0 80.0 283.0 189.0 472.0
31603 陈东晗 108.0 92.0 110.0 71.0 53.0 76.0 310.0 200.0 510.0
31604 陈佳伶 113.0 101.0 104.0 67.0 57.0 72.0 318.0 196.0 514.0
31605 陈佳盈 107.0 101.0 102.0 74.0 71.0 78.0 310.0 223.0 533.0
31606 陈力 98.0 106.0 110.0 75.0 56.0 78.0 314.0 209.0 523.0
31607 陈敏儿 95.0 109.0 101.0 67.0 64.0 94.0 305.0 225.0 530.0
31608 陈派捷 95.0 104.0 97.0 66.0 55.0 75.0 296.0 196.0 492.0
31609 陈日 100.0 72.0 93.0 59.0 54.0 74.0 265.0 187.0 452.0
31610 陈逸镕 107.0 81.0 106.0 54.0 55.0 71.0 294.0 180.0 474.0
31611 陈莹 90.0 89.0 105.0 61.0 54.0 68.0 284.0 183.0 467.0
31612 陈滢 114.0 103.0 109.0 64.0 71.0 85.0 326.0 220.0 546.0
31613 陈梓鑫 111.0 77.0 103.0 47.0 38.0 85.0 291.0 170.0 461.0
31614 方浩锴 122.0 90.0 117.0 64.0 74.0 78.0 329.0 216.0 545.0
31615 黄谷 94.0 88.0 106.0 64.0 59.0 82.0 288.0 205.0 493.0
31616 黄浩扬 106.0 108.0 112.0 89.0 79.0 84.0 326.0 252.0 578.0
31617 黄锐敏 95.0 116.0 115.0 75.0 69.0 79.0 326.0 223.0 549.0
31618 黄少邑 96.0 96.0 101.0 56.0 50.0 74.0 293.0 180.0 473.0
31619 黄舒乐 98.0 72.0 97.0 50.0 39.0 60.0 267.0 149.0 416.0
31620 江佳仪 105.0 94.0 112.0 87.0 62.0 83.0 311.0 232.0 543.0
31621 李嘉鑫 99.0 101.0 95.0 58.0 49.0 76.0 295.0 183.0 478.0
31622 李琳丹 109.0 92.0 96.0 60.0 57.0 77.0 297.0 194.0 491.0
31623 李暄婷 107.0 106.0 90.0 58.0 40.0 64.0 303.0 162.0 465.0
31624 李奕 108.0 60.0 112.0 35.0 53.0 68.0 280.0 156.0 436.0
31625 廖骊涵 97.0 95.0 102.0 37.0 47.0 70.0 294.0 154.0 448.0
31626 廖澍镔 102.0 91.0 106.0 85.0 65.0 81.0 299.0 231.0 530.0
31627 林灿荣 97.0 112.0 112.0 57.0 48.0 71.0 321.0 176.0 497.0
31628 林冠之 96.0 97.0 106.0 81.0 65.0 85.0 299.0 231.0 530.0
31629 林楠 95.0 102.0 96.0 84.0 60.0 88.0 293.0 232.0 525.0
31630 林树红 109.0 94.0 113.0 55.0 51.0 83.0 316.0 189.0 505.0
31631 林仪 100.0 95.0 116.0 68.0 46.0 68.0 311.0 182.0 493.0
31632 林意 112.0 88.0 93.0 60.0 32.0 76.0 293.0 168.0 461.0
31633 刘思煌 111.0 123.0 110.0 86.0 85.0 93.0 344.0 264.0 608.0
31634 刘奕 111.0 88.0 94.0 61.0 47.0 78.0 293.0 186.0 479.0
31635 刘泽 95.0 68.0 70.0 42.0 50.0 62.0 233.0 154.0 387.0
31636 柳婷 113.0 108.0 124.0 94.0 73.0 89.0 345.0 256.0 601.0
31637 卢开书 108.0 101.0 107.0 82.0 63.0 82.0 316.0 227.0 543.0
31638 马润青 105.0 93.0 129.0 70.0 45.0 75.0 327.0 190.0 517.0
31639 彭灏 105.0 95.0 108.0 52.0 57.0 76.0 308.0 185.0 493.0
31640 孙熹珣 103.0 114.0 93.0 66.0 53.0 75.0 310.0 194.0 504.0
31641 孙烨 110.0 87.0 117.0 40.0 47.0 75.0 314.0 162.0 476.0
31642 王海槟 97.0 95.0 113.0 61.0 46.0 74.0 305.0 181.0 486.0
31643 王晓钟 112.0 112.0 103.0 84.0 71.0 88.0 327.0 243.0 570.0
31644 王雨青 101.0 93.0 94.0 61.0 67.0 73.0 288.0 201.0 489.0
31645 吴毅聪 91.0 90.0 103.0 41.0 56.0 64.0 284.0 161.0 445.0
31646 吴梓帆 96.0 116.0 120.0 80.0 74.0 81.0 332.0 235.0 567.0
31647 谢尘沐 105.0 85.0 102.0 62.0 51.0 83.0 292.0 196.0 488.0
31648 谢锦珮 112.0 68.0 115.0 37.0 37.0 73.0 295.0 147.0 442.0
31649 谢小雪 109.0 111.0 117.0 67.0 67.0 81.0 337.0 215.0 552.0
31650 谢奕纯 100.0 83.0 93.0 28.0 42.0 54.0 276.0 124.0 400.0
31651 杨涵 111.0 82.0 96.0 60.0 55.0 78.0 289.0 193.0 482.0
31652 姚采妮 92.0 65.0 98.0 44.0 42.0 70.0 255.0 156.0 411.0
31653 余泽泰 109.0 105.0 115.0 81.0 73.0 87.0 329.0 241.0 570.0
31654 张泽琳 109.0 119.0 118.0 75.0 63.0 91.0 346.0 229.0 575.0
31655 张泽宇 105.0 118.0 111.0 75.0 72.0 88.0 334.0 235.0 569.0
31656 章婉仪 98.0 78.0 127.0 57.0 52.0 81.0 303.0 190.0 493.0
31657 赵先铎 100.0 128.0 108.0 80.0 70.0 85.0 336.0 235.0 571.0
31658 郑涵禧 99.0 99.0 96.0 41.0 56.0 76.0 294.0 173.0 467.0
31659 郑林楷 86.0 112.0 94.0 71.0 53.0 61.0 292.0 185.0 477.0
31660 郑镇灏 106.0 107.0 105.0 55.0 61.0 77.0 318.0 193.0 511.0
31661 郑重 108.0 94.0 83.0 51.0 67.0 72.0 285.0 190.0 475.0
31662 朱俊宇 99.0 85.0 72.0 68.0 61.0 82.0 256.0 211.0 467.0
31663 庄声锐 88.0 67.0 86.0 59.0 50.0 52.0 241.0 161.0 402.0
31701 蔡金沛 96.0 99.0 87.0 56.0 48.0 73.0 282.0 177.0 459.0
31702 蔡俊峰 107.0 103.0 110.0 78.0 59.0 86.0 320.0 223.0 543.0
31703 曹宇韬 106.0 83.0 96.0 60.0 38.0 72.0 285.0 170.0 455.0
31704 陈大立 109.0 108.0 107.0 67.0 80.0 87.0 324.0 234.0 558.0
31705 陈浩杰 104.0 81.0 106.0 73.0 48.0 83.0 291.0 204.0 495.0
31706 陈沛润 99.0 109.0 96.0 76.0 64.0 82.0 304.0 222.0 526.0
31707 陈锐 108.0 100.0 112.0 78.0 73.0 82.0 320.0 233.0 553.0
31708 陈烁 104.0 106.0 80.0 65.0 49.0 74.0 290.0 188.0 478.0
31709 陈学诚 101.0 105.0 117.0 79.0 57.0 82.0 323.0 218.0 541.0
31710 陈韫颖 108.0 79.0 113.0 57.0 45.0 75.0 300.0 177.0 477.0
31711 陈泽鑫 91.0 58.0 0 35.0 28.0 36.0 0 99.0 0
31712 陈中一 117.0 93.0 110.0 70.0 56.0 77.0 320.0 203.0 523.0
31713 何伊慧 106.0 73.0 113.0 72.0 61.0 79.0 292.0 212.0 504.0
31714 侯思涵 113.0 105.0 109.0 53.0 41.0 78.0 327.0 172.0 499.0
31715 黄彬霆 116.0 105.0 104.0 58.0 57.0 75.0 325.0 190.0 515.0
31716 黄丹 89.0 25.0 61.0 17.0 29.0 14.0 175.0 60.0 235.0
31717 黄光炳 105.0 77.0 86.0 44.0 36.0 51.0 268.0 131.0 399.0
31718 黄慧敏 103.0 97.0 116.0 79.0 67.0 84.0 316.0 230.0 546.0
31719 黄思翰 97.0 102.0 112.0 74.0 68.0 67.0 311.0 209.0 520.0
31720 黄伟纯 112.0 93.0 108.0 46.0 46.0 81.0 313.0 173.0 486.0
31721 黄莹 105.0 94.0 101.0 71.0 59.0 80.0 300.0 210.0 510.0
31722 黄梓芸 104.0 60.0 92.0 28.0 28.0 57.0 256.0 113.0 369.0
31723 江相渝 106.0 72.0 76.0 33.0 46.0 77.0 254.0 156.0 410.0
31724 李洁瀚 103.0 111.0 102.0 74.0 63.0 81.0 316.0 218.0 534.0
31725 林仰 93.0 102.0 122.0 68.0 46.0 69.0 317.0 183.0 500.0
31726 林雍权 110.0 95.0 95.0 71.0 60.0 81.0 300.0 212.0 512.0
31727 刘嘉鑫 85.0 81.0 92.0 56.0 37.0 63.0 258.0 156.0 414.0
31728 卢荣泰 105.0 120.0 122.0 82.0 71.0 87.0 347.0 240.0 587.0
31729 卢仪蕊 109.0 92.0 102.0 52.0 46.0 75.0 303.0 173.0 476.0
31730 马学盈 114.0 103.0 98.0 65.0 56.0 81.0 315.0 202.0 517.0
31731 马直先 102.0 84.0 97.0 58.0 57.0 71.0 283.0 186.0 469.0
31732 麦博 113.0 101.0 117.0 77.0 54.0 76.0 331.0 207.0 538.0
31733 欧阳生 108.0 121.0 94.0 79.0 79.0 73.0 323.0 231.0 554.0
31734 彭琪 105.0 74.0 62.0 14.0 45.0 70.0 241.0 129.0 370.0
31735 佘晓环 98.0 85.0 108.0 56.0 40.0 73.0 291.0 169.0 460.0
31736 王基鸿 115.0 115.0 124.0 80.0 49.0 76.0 354.0 205.0 559.0
31737 王俊澎 107.0 92.0 107.0 83.0 58.0 82.0 306.0 223.0 529.0
31738 王烔毅 101.0 94.0 91.0 61.0 55.0 73.0 286.0 189.0 475.0
31739 王钰 108.0 68.0 113.0 44.0 40.0 74.0 289.0 158.0 447.0
31740 王真子 102.0 87.0 100.0 55.0 48.0 82.0 289.0 185.0 474.0
31741 吴俊翰 102.0 102.0 104.0 66.0 57.0 78.0 308.0 201.0 509.0
31742 吴彤沛 111.0 77.0 94.0 43.0 71.0 78.0 282.0 192.0 474.0
31743 吴伟霞 108.0 82.0 109.0 48.0 46.0 83.0 299.0 177.0 476.0
31744 谢锶琦 102.0 91.0 102.0 81.0 57.0 83.0 295.0 221.0 516.0
31745 许锶妍 114.0 104.0 116.0 55.0 41.0 74.0 334.0 170.0 504.0
31746 许奕烁 101.0 81.0 77.0 34.0 38.0 60.0 259.0 132.0 391.0
31747 许哲浩 112.0 97.0 110.0 72.0 69.0 80.0 319.0 221.0 540.0
31748 杨铠翔 112.0 110.0 88.0 63.0 58.0 74.0 310.0 195.0 505.0
31749 杨腾 94.0 23.0 83.0 37.0 36.0 72.0 200.0 145.0 345.0
31750 姚佳妮 114.0 91.0 102.0 59.0 65.0 94.0 307.0 218.0 525.0
31751 张纯 107.0 87.0 87.0 55.0 45.0 79.0 281.0 179.0 460.0
31752 张锐翰 109.0 52.0 82.0 56.0 29.0 64.0 243.0 149.0 392.0
31754 张奕 93.0 73.0 105.0 30.0 29.0 60.0 271.0 119.0 390.0
31755 张翼 100.0 90.0 115.0 75.0 52.0 82.0 305.0 209.0 514.0
31756 章家竣 110.0 97.0 109.0 84.0 71.0 89.0 316.0 244.0 560.0
31757 郑慈香 101.0 124.0 91.0 68.0 60.0 89.0 316.0 217.0 533.0
31758 郑曼燕 106.0 81.0 89.0 40.0 44.0 66.0 276.0 150.0 426.0
31759 郑铭 101.0 61.0 107.0 31.0 41.0 65.0 269.0 137.0 406.0
31761 周锴捷 100.0 90.0 120.0 69.0 58.0 73.0 310.0 200.0 510.0
31762 庄本熙 98.0 82.0 85.0 55.0 43.0 73.0 265.0 171.0 436.0
31763 黄钰莹 92.0 82.0 105.0 49.0 57.0 81.0 279.0 187.0 466.0
31764 王宏 113.0 103.0 107.0 69.0 57.0 83.0 323.0 209.0 532.0
31801 陈鸿飞 110.0 89.0 111.0 57.0 66.0 84.0 310.0 207.0 517.0
31802 陈家思 103.0 93.0 91.0 76.0 56.0 85.0 287.0 217.0 504.0
31803 陈立芃 0 92.0 102.0 56.0 55.0 0 0 0 0
31804 陈齐骏 78.0 35.0 16.0 0 0 33.0 129.0 0 0
31805 陈润铎 107.0 98.0 97.0 58.0 50.0 63.0 302.0 171.0 473.0
31806 陈润楷 94.0 103.0 120.0 51.0 57.0 76.0 317.0 184.0 501.0
31807 陈鑫冰 89.0 103.0 96.0 58.0 57.0 76.0 288.0 191.0 479.0
31808 陈永佳 111.0 101.0 99.0 75.0 68.0 87.0 311.0 230.0 541.0
31809 陈元嘉 113.0 92.0 88.0 80.0 55.0 80.0 293.0 215.0 508.0
31810 冯钰冰 105.0 62.0 84.0 42.0 37.0 75.0 251.0 154.0 405.0
31811 何畅 109.0 29.0 87.0 35.0 43.0 61.0 225.0 139.0 364.0
31812 黄怀瑶 103.0 97.0 102.0 42.0 54.0 69.0 302.0 165.0 467.0
31813 黄凯鹏 99.0 65.0 91.0 54.0 39.0 71.0 255.0 164.0 419.0
31814 黄昕仪 112.0 133.0 123.0 81.0 69.0 74.0 368.0 224.0 592.0
31815 黄泽宇 100.0 76.0 81.0 42.0 49.0 72.0 257.0 163.0 420.0
31816 康思妹 104.0 78.0 99.0 55.0 56.0 73.0 281.0 184.0 465.0
31817 孔雪欣 112.0 84.0 101.0 50.0 52.0 75.0 297.0 177.0 474.0
31818 赖淑凌 109.0 80.0 97.0 50.0 47.0 77.0 286.0 174.0 460.0
31819 李俊 108.0 71.0 116.0 43.0 60.0 69.0 295.0 172.0 467.0
31820 李楠 110.0 95.0 100.0 62.0 67.0 82.0 305.0 211.0 516.0
31821 李蔚东 95.0 121.0 99.0 81.0 84.0 88.0 315.0 253.0 568.0
31822 李昕 97.0 127.0 91.0 74.0 64.0 70.0 315.0 208.0 523.0
31823 连泓杰 99.0 100.0 108.0 56.0 54.0 79.0 307.0 189.0 496.0
31824 林泓 95.0 0 0 0 0 77.0 0 0 0
31825 林培润 92.0 47.0 93.0 46.0 49.0 59.0 232.0 154.0 386.0
31826 林绮娜 116.0 99.0 106.0 70.0 71.0 81.0 321.0 222.0 543.0
31827 林昕 115.0 122.0 100.0 58.0 55.0 79.0 337.0 192.0 529.0
31828 林奕敏 106.0 118.0 101.0 62.0 74.0 88.0 325.0 224.0 549.0
31829 林泽辉 108.0 97.0 94.0 58.0 52.0 82.0 299.0 192.0 491.0
31830 林泽炜 108.0 99.0 89.0 80.0 67.0 80.0 296.0 227.0 523.0
31831 林增瑞 109.0 101.0 103.0 67.0 64.0 69.0 313.0 200.0 513.0
31832 刘丁玮 111.0 104.0 112.0 76.0 81.0 86.0 327.0 243.0 570.0
31833 卢呈焕 94.0 97.0 92.0 57.0 56.0 63.0 283.0 176.0 459.0
31834 卢智扬 104.0 66.0 106.0 28.0 41.0 58.0 276.0 127.0 403.0
31835 罗亿权 104.0 78.0 93.0 44.0 39.0 55.0 275.0 138.0 413.0
31836 邱乐思 99.0 100.0 104.0 72.0 55.0 80.0 303.0 207.0 510.0
31837 佘涵 111.0 112.0 100.0 55.0 75.0 86.0 323.0 216.0 539.0
31838 汤钰瑛 99.0 88.0 107.0 48.0 46.0 77.0 294.0 171.0 465.0
31839 王佩佩 104.0 95.0 106.0 61.0 72.0 81.0 305.0 214.0 519.0
31840 王思佳 101.0 95.0 100.0 43.0 50.0 88.0 296.0 181.0 477.0
31841 王晓泽 100.0 85.0 85.0 49.0 43.0 57.0 270.0 149.0 419.0
31842 王振东 91.0 125.0 112.0 78.0 72.0 87.0 328.0 237.0 565.0
31843 王子瑜 103.0 89.0 98.0 54.0 68.0 70.0 290.0 192.0 482.0
31844 吴绍邦 105.0 111.0 113.0 67.0 61.0 82.0 329.0 210.0 539.0
31845 吴水滇 107.0 86.0 0 55.0 47.0 76.0 0 178.0 0
31846 吴晓琪 111.0 72.0 100.0 52.0 46.0 73.0 283.0 171.0 454.0
31847 吴昕 102.0 80.0 113.0 58.0 41.0 75.0 295.0 174.0 469.0
31848 谢昱康 104.0 103.0 111.0 66.0 61.0 80.0 318.0 207.0 525.0
31849 姚少云 110.0 78.0 75.0 51.0 45.0 72.0 263.0 168.0 431.0
31850 余博浩 86.0 74.0 96.0 59.0 34.0 63.0 256.0 156.0 412.0
31851 曾泓燊 98.0 125.0 104.0 68.0 54.0 83.0 327.0 205.0 532.0
31852 曾佳泓 95.0 101.0 85.0 58.0 55.0 67.0 281.0 180.0 461.0
31853 曾琳 99.0 92.0 103.0 46.0 65.0 74.0 294.0 185.0 479.0
31854 曾宪瀚 96.0 71.0 62.0 64.0 38.0 71.0 229.0 173.0 402.0
31855 曾伊琳 100.0 101.0 93.0 52.0 52.0 76.0 294.0 180.0 474.0
31856 张随娜 112.0 92.0 99.0 44.0 51.0 71.0 303.0 166.0 469.0
31857 张育铭 94.0 96.0 101.0 68.0 62.0 74.0 291.0 204.0 495.0
31858 章滢蓥 109.0 124.0 104.0 76.0 72.0 89.0 337.0 237.0 574.0
31859 郑任翔 103.0 91.0 115.0 65.0 56.0 75.0 309.0 196.0 505.0
31860 郑子昂 106.0 84.0 100.0 60.0 50.0 71.0 290.0 181.0 471.0
31861 钟浩川 116.0 106.0 100.0 68.0 79.0 82.0 322.0 229.0 551.0
31862 周苑婷 106.0 77.0 108.0 55.0 64.0 89.0 291.0 208.0 499.0
31863 庄妍 109.0 99.0 116.0 61.0 55.0 85.0 324.0 201.0 525.0
31901 蔡育铮 111.0 125.0 123.0 80.0 68.0 86.0 359.0 234.0 593.0
31902 蔡卓颖 101.0 89.0 105.0 62.0 55.0 79.0 295.0 196.0 491.0
31903 陈功超 89.0 53.0 84.0 20.0 42.0 45.0 226.0 107.0 333.0
31904 陈浩宇 103.0 109.0 87.0 86.0 50.0 83.0 299.0 219.0 518.0
31905 陈红 103.0 103.0 102.0 69.0 60.0 79.0 308.0 208.0 516.0
31906 陈嘉杭 110.0 84.0 102.0 53.0 46.0 80.0 296.0 179.0 475.0
31907 陈锴灏 103.0 123.0 100.0 68.0 59.0 80.0 326.0 207.0 533.0
31908 陈孟耀 97.0 64.0 86.0 32.0 28.0 61.0 247.0 121.0 368.0
31909 陈伟杰 113.0 132.0 112.0 88.0 77.0 79.0 357.0 244.0 601.0
31910 陈宇霏 96.0 96.0 104.0 50.0 47.0 77.0 296.0 174.0 470.0
31911 陈卓妮 106.0 99.0 104.0 40.0 52.0 48.0 309.0 140.0 449.0
31912 杜振超 105.0 101.0 102.0 79.0 79.0 84.0 308.0 242.0 550.0
31913 方家颖 103.0 78.0 98.0 38.0 50.0 75.0 279.0 163.0 442.0
31914 郭佳鑫 107.0 130.0 109.0 90.0 73.0 91.0 346.0 254.0 600.0
31915 黄超铄 106.0 95.0 87.0 66.0 68.0 79.0 288.0 213.0 501.0
31916 黄海铭 95.0 99.0 77.0 65.0 49.0 78.0 271.0 192.0 463.0
31917 黄融杰 92.0 117.0 98.0 89.0 63.0 91.0 307.0 243.0 550.0
31918 黄晓琦 101.0 82.0 103.0 54.0 61.0 66.0 286.0 181.0 467.0
31920 黄泽锴 91.0 19.0 59.0 41.0 27.0 28.0 169.0 96.0 265.0
31921 纪沛桐 92.0 94.0 112.0 70.0 49.0 71.0 298.0 190.0 488.0
31922 李岱谚 111.0 143.0 121.0 98.0 84.0 80.0 375.0 262.0 637.0
31923 李光泽 103.0 78.0 84.0 56.0 41.0 69.0 265.0 166.0 431.0
31924 李鸿 112.0 97.0 109.0 66.0 47.0 84.0 318.0 197.0 515.0
31925 李林昕 95.0 92.0 113.0 55.0 59.0 83.0 300.0 197.0 497.0
31926 李欣然 118.0 83.0 120.0 69.0 48.0 78.0 321.0 195.0 516.0
31927 李鑫 97.0 77.0 102.0 54.0 42.0 66.0 276.0 162.0 438.0
31928 李彦腾 99.0 113.0 95.0 68.0 46.0 61.0 307.0 175.0 482.0
31929 林坚生 109.0 103.0 98.0 51.0 56.0 79.0 310.0 186.0 496.0
31930 林乐贤 114.0 116.0 119.0 68.0 54.0 88.0 349.0 210.0 559.0
31931 林萌子 103.0 124.0 106.0 71.0 71.0 74.0 333.0 216.0 549.0
31932 林银虹 109.0 103.0 106.0 58.0 52.0 83.0 318.0 193.0 511.0
31933 林岳青 105.0 103.0 115.0 59.0 57.0 73.0 323.0 189.0 512.0
31934 卢晓杰 114.0 131.0 116.0 96.0 85.0 84.0 361.0 265.0 626.0
31935 马思昀 104.0 78.0 108.0 57.0 56.0 80.0 290.0 193.0 483.0
31936 彭丽妹 106.0 84.0 101.0 61.0 45.0 68.0 291.0 174.0 465.0
31937 彭扬帆 94.0 107.0 112.0 62.0 58.0 82.0 313.0 202.0 515.0
31938 沈桂菱 104.0 85.0 93.0 68.0 54.0 83.0 282.0 205.0 487.0
31939 沈益聪 103.0 121.0 124.0 53.0 45.0 77.0 348.0 175.0 523.0
31940 苏思澄 99.0 105.0 86.0 75.0 51.0 78.0 290.0 204.0 494.0
31941 苏泽坤 99.0 92.0 68.0 39.0 53.0 62.0 259.0 154.0 413.0
31942 王璐 110.0 106.0 108.0 62.0 69.0 86.0 324.0 217.0 541.0
31943 王梓琦 95.0 93.0 0 54.0 53.0 77.0 0 184.0 0
31944 文渲 105.0 78.0 91.0 58.0 53.0 80.0 274.0 191.0 465.0
31945 翁涵 115.0 100.0 101.0 78.0 60.0 79.0 316.0 217.0 533.0
31946 吴虹燕 99.0 73.0 87.0 41.0 32.0 68.0 259.0 141.0 400.0
31947 吴佳銮 118.0 109.0 115.0 57.0 52.0 82.0 342.0 191.0 533.0
31948 吴怡玫 113.0 82.0 101.0 68.0 51.0 75.0 296.0 194.0 490.0
31949 谢罗瀚 92.0 69.0 63.0 43.0 56.0 75.0 224.0 174.0 398.0
31950 谢泽钊 81.0 80.0 84.0 70.0 45.0 63.0 245.0 178.0 423.0
31951 徐润峰 96.0 86.0 78.0 61.0 61.0 76.0 260.0 198.0 458.0
31952 许滨楠 106.0 112.0 125.0 72.0 65.0 85.0 343.0 222.0 565.0
31953 许玫 107.0 112.0 126.0 67.0 68.0 77.0 345.0 212.0 557.0
31954 许子源 103.0 96.0 66.0 34.0 54.0 59.0 265.0 147.0 412.0
31955 杨利秋 122.0 108.0 97.0 65.0 66.0 82.0 327.0 213.0 540.0
31956 余子涵 103.0 97.0 106.0 67.0 56.0 72.0 306.0 195.0 501.0
31957 曾奕楠 100.0 66.0 99.0 37.0 51.0 69.0 265.0 157.0 422.0
31958 张超逸 102.0 113.0 86.0 50.0 50.0 77.0 301.0 177.0 478.0
31959 张曼琪 102.0 85.0 104.0 45.0 47.0 71.0 291.0 163.0 454.0
31960 赵彦纯 107.0 118.0 98.0 62.0 69.0 82.0 323.0 213.0 536.0
31961 郑钧漾 100.0 85.0 78.0 61.0 52.0 78.0 263.0 191.0 454.0
31962 郑玮涛 111.0 114.0 99.0 73.0 54.0 85.0 324.0 212.0 536.0
31963 郑锨淇 106.0 127.0 106.0 84.0 57.0 78.0 339.0 219.0 558.0
31964 庄开翔 102.0 90.0 99.0 75.0 69.0 83.0 291.0 227.0 518.0
32001 蔡佳琪 97.0 66.0 96.0 43.0 48.0 76.0 259.0 167.0 426.0
32002 蔡淑玲 107.0 94.0 110.0 60.0 50.0 77.0 311.0 187.0 498.0
32003 蔡伟龙 94.0 101.0 105.0 58.0 51.0 72.0 300.0 181.0 481.0
32004 陈博涵 103.0 115.0 88.0 74.0 74.0 81.0 306.0 229.0 535.0
32005 陈畅洪 99.0 94.0 89.0 35.0 61.0 60.0 282.0 156.0 438.0
32006 陈润洋 99.0 115.0 106.0 78.0 65.0 84.0 320.0 227.0 547.0
32007 陈思桦 96.0 81.0 115.0 58.0 45.0 75.0 292.0 178.0 470.0
32008 陈雪仪 105.0 104.0 105.0 75.0 56.0 90.0 314.0 221.0 535.0
32009 洪奕祥 84.0 118.0 110.0 72.0 85.0 83.0 312.0 240.0 552.0
32010 胡期升 107.0 90.0 126.0 73.0 51.0 78.0 323.0 202.0 525.0
32011 黄斌伟 101.0 87.0 104.0 75.0 65.0 82.0 292.0 222.0 514.0
32012 黄洪雯 98.0 104.0 102.0 55.0 44.0 78.0 304.0 177.0 481.0
32013 黄敏华 104.0 77.0 99.0 56.0 55.0 73.0 280.0 184.0 464.0
32014 黄舜娴 100.0 96.0 101.0 72.0 52.0 88.0 297.0 212.0 509.0
32015 黄于峻 89.0 66.0 74.0 55.0 39.0 60.0 229.0 154.0 383.0
32016 纪梓荣 93.0 120.0 93.0 37.0 38.0 67.0 306.0 142.0 448.0
32017 李东烁 111.0 112.0 87.0 70.0 60.0 74.0 310.0 204.0 514.0
32018 李洁 109.0 125.0 115.0 78.0 72.0 84.0 349.0 234.0 583.0
32019 李易霖 83.0 94.0 109.0 65.0 62.0 74.0 286.0 201.0 487.0
32020 李治 109.0 113.0 116.0 86.0 80.0 76.0 338.0 242.0 580.0
32021 李卓明 105.0 108.0 102.0 73.0 80.0 88.0 315.0 241.0 556.0
32022 林佳煌 108.0 124.0 94.0 67.0 64.0 82.0 326.0 213.0 539.0
32023 林钦鸿 110.0 114.0 103.0 68.0 76.0 78.0 327.0 222.0 549.0
32024 林小琪 107.0 91.0 102.0 72.0 66.0 86.0 300.0 224.0 524.0
32025 林烨 104.0 94.0 111.0 62.0 61.0 72.0 309.0 195.0 504.0
32026 刘艾莉 110.0 109.0 120.0 94.0 79.0 89.0 339.0 262.0 601.0
32027 刘旭东 108.0 104.0 98.0 79.0 77.0 86.0 310.0 242.0 552.0
32028 刘依菁 107.0 96.0 114.0 83.0 56.0 90.0 317.0 229.0 546.0
32029 刘悦韵 103.0 115.0 113.0 65.0 73.0 73.0 331.0 211.0 542.0
32030 马洪量 105.0 80.0 109.0 54.0 48.0 84.0 294.0 186.0 480.0
32031 马茵茵 80.0 64.0 85.0 37.0 47.0 62.0 229.0 146.0 375.0
32032 潘莹涵 99.0 99.0 82.0 45.0 32.0 51.0 280.0 128.0 408.0
32033 沈敏勇 111.0 114.0 109.0 87.0 76.0 82.0 334.0 245.0 579.0
32034 沈晓燕 111.0 96.0 112.0 71.0 68.0 85.0 319.0 224.0 543.0
32035 苏诚章 111.0 95.0 111.0 74.0 68.0 82.0 317.0 224.0 541.0
32036 唐梦洋 97.0 42.0 74.0 22.0 28.0 51.0 213.0 101.0 314.0
32037 王灿杜 106.0 113.0 96.0 73.0 75.0 79.0 315.0 227.0 542.0
32038 王鸿吉 102.0 93.0 100.0 40.0 52.0 65.0 295.0 157.0 452.0
32039 王杰鑫 104.0 109.0 110.0 78.0 59.0 87.0 323.0 224.0 547.0
32040 王泽锴 99.0 79.0 89.0 29.0 46.0 44.0 267.0 119.0 386.0
32041 王子铟 105.0 93.0 118.0 68.0 68.0 80.0 316.0 216.0 532.0
32042 吴斯彤 102.0 82.0 92.0 58.0 48.0 76.0 276.0 182.0 458.0
32043 吴泽锐 111.0 125.0 121.0 92.0 75.0 81.0 357.0 248.0 605.0
32044 谢锦珊 111.0 115.0 99.0 60.0 69.0 85.0 325.0 214.0 539.0
32045 谢铠羽 92.0 79.0 109.0 59.0 52.0 76.0 280.0 187.0 467.0
32046 谢婉婷 108.0 111.0 107.0 32.0 47.0 73.0 326.0 152.0 478.0
32047 谢懿锐 103.0 115.0 105.0 72.0 50.0 85.0 323.0 207.0 530.0
32048 徐英芸 95.0 86.0 115.0 51.0 62.0 72.0 296.0 185.0 481.0
32049 许晓刚 111.0 119.0 114.0 70.0 66.0 82.0 344.0 218.0 562.0
32050 许永泓 110.0 128.0 111.0 83.0 67.0 88.0 349.0 238.0 587.0
32051 颜莞尔 113.0 70.0 102.0 53.0 55.0 86.0 285.0 194.0 479.0
32052 姚树耿 101.0 117.0 101.0 82.0 69.0 81.0 319.0 232.0 551.0
32053 姚悦扬 110.0 105.0 100.0 44.0 62.0 70.0 315.0 176.0 491.0
32054 余钊 104.0 56.0 93.0 51.0 46.0 71.0 253.0 168.0 421.0
32055 詹金伟 91.0 89.0 77.0 46.0 55.0 50.0 257.0 151.0 408.0
32056 张皓洵 100.0 98.0 115.0 63.0 62.0 76.0 313.0 201.0 514.0
32057 张扬 104.0 92.0 98.0 47.0 76.0 86.0 294.0 209.0 503.0
32058 张奕欣 97.0 82.0 96.0 26.0 41.0 59.0 275.0 126.0 401.0
32059 郑铠 106.0 102.0 89.0 72.0 58.0 89.0 297.0 219.0 516.0
32060 郑哲然 105.0 130.0 114.0 86.0 75.0 72.0 349.0 233.0 582.0
32061 周泽妍 105.0 92.0 92.0 58.0 64.0 79.0 289.0 201.0 490.0
32062 周子毓 102.0 91.0 99.0 76.0 54.0 73.0 292.0 203.0 495.0
