30401 陈柏林 101.0 79.0 111.0 82.0 77.0 65.0 291.0 224.0 515.0
30402 陈东晓 93.0 108.0 117.0 80.0 63.0 52.0 318.0 195.0 513.0
30403 陈冬仪 110.0 94.0 118.0 51.0 73.0 60.0 322.0 184.0 506.0
30404 陈金洲 97.0 110.0 127.0 89.0 82.0 84.0 334.0 255.0 589.0
30405 陈淑妍 100.0 96.0 131.0 90.0 84.0 75.0 327.0 249.0 576.0
30406 胡楷宇 101.0 112.0 116.0 62.0 76.0 70.0 329.0 208.0 537.0
30407 胡昱 103.0 103.0 131.0 81.0 87.0 89.0 337.0 257.0 594.0
30408 黄艾琪 113.0 119.0 134.0 74.0 88.0 92.0 366.0 254.0 620.0
30409 黄狄林 106.0 124.0 125.0 74.0 91.0 72.0 355.0 237.0 592.0
30410 黄琳婷 108.0 77.0 122.0 46.0 62.0 68.0 307.0 176.0 483.0
30411 黄云进 102.0 107.0 124.0 86.0 92.0 64.0 333.0 242.0 575.0
30412 纪慧煊 110.0 109.0 111.0 80.0 87.0 80.0 330.0 247.0 577.0
30413 蓝玉奇 110.0 85.0 122.0 76.0 85.0 65.0 317.0 226.0 543.0
30414 李宏森 101.0 93.0 101.0 41.0 74.0 57.0 295.0 172.0 467.0
30415 李艺晴 104.0 115.0 131.0 83.0 88.0 75.0 350.0 246.0 596.0
30416 李兆捷 98.0 116.0 121.0 96.0 92.0 93.0 335.0 281.0 616.0
30417 林达 102.0 90.0 123.0 87.0 87.0 72.0 315.0 246.0 561.0
30418 林镜辉 102.0 85.0 114.0 60.0 71.0 78.0 301.0 209.0 510.0
30419 林永佳 106.0 74.0 119.0 64.0 69.0 45.0 299.0 178.0 477.0
30420 林昱霖 100.0 129.0 114.0 91.0 92.0 82.0 343.0 265.0 608.0
30421 林泽楷 108.0 98.0 115.0 83.0 86.0 82.0 321.0 251.0 572.0
30422 刘琳菲 101.0 113.0 122.0 74.0 80.0 67.0 336.0 221.0 557.0
30424 卢涵 106.0 81.0 122.0 80.0 73.0 67.0 309.0 220.0 529.0
30425 卢昕玥 112.0 123.0 126.0 66.0 88.0 80.0 361.0 234.0 595.0
30426 卢彦宇 107.0 112.0 127.0 74.0 89.0 73.0 346.0 236.0 582.0
30427 罗亦宋 104.0 90.0 126.0 64.0 77.0 71.0 320.0 212.0 532.0
30428 麦扬 114.0 91.0 112.0 67.0 89.0 76.0 317.0 232.0 549.0
30429 邵彦程 110.0 56.0 99.0 47.0 68.0 55.0 265.0 170.0 435.0
30430 沈丹琼 108.0 107.0 137.0 82.0 86.0 83.0 352.0 251.0 603.0
30431 王磊 104.0 100.0 125.0 89.0 93.0 81.0 329.0 263.0 592.0
30432 王震霆 88.0 94.0 101.0 46.0 47.0 42.0 283.0 135.0 418.0
30433 韦昕澄 109.0 107.0 136.0 97.0 93.0 88.0 352.0 278.0 630.0
30434 魏桐曦 107.0 121.0 117.0 89.0 88.0 75.0 345.0 252.0 597.0
30435 翁铭捷 102.0 93.0 116.0 57.0 72.0 65.0 311.0 194.0 505.0
30436 吴洁兰 107.0 82.0 110.0 71.0 72.0 67.0 299.0 210.0 509.0
30437 吴婕洵 112.0 117.0 118.0 84.0 87.0 80.0 347.0 251.0 598.0
30438 吴郁楠 92.0 93.0 113.0 71.0 81.0 68.0 298.0 220.0 518.0
30439 吴泽峰 101.0 98.0 123.0 81.0 82.0 75.0 322.0 238.0 560.0
30440 吴植慧 104.0 74.0 117.0 41.0 60.0 61.0 295.0 162.0 457.0
30441 谢庆欣 111.0 95.0 127.0 68.0 82.0 73.0 333.0 223.0 556.0
30442 辛孜玫 116.0 91.0 110.0 71.0 82.0 58.0 317.0 211.0 528.0
30443 徐浩锴 114.0 99.0 124.0 77.0 82.0 70.0 337.0 229.0 566.0
30444 许可淳 110.0 145.0 130.0 85.0 98.0 92.0 385.0 275.0 660.0
30445 许林菁 113.0 107.0 115.0 76.0 79.0 73.0 335.0 228.0 563.0
30446 许统辉 96.0 62.0 109.0 77.0 82.0 60.0 267.0 219.0 486.0
30447 许旭东 111.0 121.0 141.0 89.0 88.0 77.0 373.0 254.0 627.0
30448 杨博锐 92.0 79.0 117.0 50.0 69.0 55.0 288.0 174.0 462.0
30449 杨乔 98.0 94.0 116.0 61.0 67.0 64.0 308.0 192.0 500.0
30450 杨宇镔 101.0 88.0 110.0 58.0 72.0 69.0 299.0 199.0 498.0
30451 杨芷涵 114.0 105.0 133.0 96.0 95.0 94.0 352.0 285.0 637.0
30452 姚楷炫 112.0 102.0 120.0 84.0 96.0 82.0 334.0 262.0 596.0
30453 张若涵 109.0 104.0 123.0 76.0 89.0 65.0 336.0 230.0 566.0
30454 张雪妍 102.0 92.0 122.0 56.0 73.0 66.0 316.0 195.0 511.0
30455 赵明明 117.0 78.0 121.0 68.0 82.0 72.0 316.0 222.0 538.0
30456 赵晓明 113.0 91.0 122.0 47.0 83.0 62.0 326.0 192.0 518.0
30457 郑沐林 106.0 107.0 132.0 91.0 92.0 83.0 345.0 266.0 611.0
30459 钟献彪 102.0 111.0 113.0 60.0 87.0 66.0 326.0 213.0 539.0
30460 周梓勃 108.0 115.0 127.0 78.0 89.0 79.0 350.0 246.0 596.0
30461 朱丹琪 114.0 107.0 125.0 71.0 93.0 74.0 346.0 238.0 584.0
30462 庄漪婷 98.0 91.0 128.0 77.0 70.0 65.0 317.0 212.0 529.0
30501 蔡苑虹 106.0 120.0 114.0 75.0 86.0 80.0 340.0 241.0 581.0
30502 陈福溢 117.0 79.0 116.0 65.0 72.0 73.0 312.0 210.0 522.0
30503 陈泓 96.0 78.0 126.0 66.0 45.0 62.0 300.0 173.0 473.0
30504 陈佳泓 107.0 109.0 118.0 76.0 86.0 82.0 334.0 244.0 578.0
30505 陈嘉胜 101.0 101.0 112.0 31.0 51.0 65.0 314.0 147.0 461.0
30506 陈丽娜 108.0 90.0 121.0 82.0 86.0 55.0 319.0 223.0 542.0
30507 陈沛震 96.0 80.0 108.0 51.0 90.0 66.0 284.0 207.0 491.0
30508 陈乔林 96.0 83.0 122.0 88.0 75.0 67.0 301.0 230.0 531.0
30509 陈疏桐 115.0 121.0 131.0 97.0 96.0 86.0 367.0 279.0 646.0
30510 陈欣洋 104.0 85.0 114.0 31.0 18.0 38.0 303.0 87.0 390.0
30511 陈雅琪 107.0 106.0 127.0 83.0 80.0 77.0 340.0 240.0 580.0
30512 陈一凡 105.0 115.0 111.0 98.0 86.0 90.0 331.0 274.0 605.0
30514 陈煜琳 114.0 109.0 130.0 82.0 83.0 75.0 353.0 240.0 593.0
30515 陈梓瀚 106.0 100.0 118.0 78.0 69.0 77.0 324.0 224.0 548.0
30516 陈梓霓 101.0 101.0 112.0 67.0 75.0 69.0 314.0 211.0 525.0
30517 陈梓宇 102.0 106.0 121.0 75.0 90.0 85.0 329.0 250.0 579.0
30518 方灿鸿 101.0 109.0 118.0 83.0 75.0 67.0 328.0 225.0 553.0
30519 郭梓淇 105.0 73.0 119.0 53.0 52.0 60.0 297.0 165.0 462.0
30520 黄泓鉴 107.0 125.0 119.0 96.0 85.0 74.0 351.0 255.0 606.0
30521 黄金涛 100.0 73.0 117.0 67.0 43.0 45.0 290.0 155.0 445.0
30522 黄式铨 103.0 108.0 129.0 80.0 77.0 73.0 340.0 230.0 570.0
30523 黄孜睿 100.0 89.0 125.0 65.0 86.0 65.0 314.0 216.0 530.0
30524 江卓聪 100.0 88.0 133.0 82.0 82.0 70.0 321.0 234.0 555.0
30525 李依璘 97.0 78.0 127.0 74.0 72.0 78.0 302.0 224.0 526.0
30526 李子聪 117.0 110.0 125.0 94.0 76.0 76.0 352.0 246.0 598.0
30527 林钡钡 112.0 130.0 117.0 91.0 86.0 75.0 359.0 252.0 611.0
30528 林洁萍 109.0 83.0 133.0 71.0 84.0 64.0 325.0 219.0 544.0
30529 林煜涛 100.0 114.0 115.0 91.0 64.0 60.0 329.0 215.0 544.0
30530 林泽滢 110.0 81.0 111.0 78.0 80.0 68.0 302.0 226.0 528.0
30531 刘榕飒 98.0 75.0 124.0 66.0 79.0 67.0 297.0 212.0 509.0
30532 陆凡冰 104.0 120.0 115.0 86.0 89.0 73.0 339.0 248.0 587.0
30533 马万里 95.0 97.0 122.0 51.0 77.0 48.0 314.0 176.0 490.0
30534 马伟涛 104.0 131.0 122.0 96.0 85.0 72.0 357.0 253.0 610.0
30535 潘俞霏 110.0 92.0 118.0 91.0 91.0 68.0 320.0 250.0 570.0
30536 沈哲沛 99.0 82.0 119.0 63.0 73.0 56.0 300.0 192.0 492.0
30537 孙玮 103.0 116.0 120.0 75.0 74.0 69.0 339.0 218.0 557.0
30538 王楠 96.0 38.0 129.0 26.0 33.0 24.0 263.0 83.0 346.0
30539 王天乐 101.0 86.0 105.0 49.0 63.0 54.0 292.0 166.0 458.0
30540 吴博 108.0 104.0 131.0 77.0 87.0 78.0 343.0 242.0 585.0
30541 吴佳芸 106.0 85.0 116.0 57.0 70.0 69.0 307.0 196.0 503.0
30542 吴淇升 116.0 89.0 118.0 74.0 77.0 52.0 323.0 203.0 526.0
30543 吴易达 102.0 107.0 125.0 79.0 86.0 64.0 334.0 229.0 563.0
30544 肖泽楷 108.0 80.0 125.0 77.0 74.0 72.0 313.0 223.0 536.0
30545 谢函瀚 101.0 58.0 122.0 62.0 66.0 79.0 281.0 207.0 488.0
30547 谢思婷 109.0 87.0 117.0 82.0 77.0 67.0 313.0 226.0 539.0
30548 谢育锋 103.0 110.0 103.0 86.0 85.0 74.0 316.0 245.0 561.0
30549 徐芷欣 116.0 75.0 130.0 80.0 84.0 67.0 321.0 231.0 552.0
30550 杨昕 112.0 87.0 129.0 72.0 76.0 76.0 328.0 224.0 552.0
30551 姚雪萍 97.0 81.0 117.0 53.0 69.0 57.0 295.0 179.0 474.0
30552 姚逸峰 103.0 89.0 109.0 79.0 78.0 75.0 301.0 232.0 533.0
30553 余泓涛 99.0 80.0 111.0 52.0 65.0 69.0 290.0 186.0 476.0
30554 余珮镕 114.0 92.0 123.0 65.0 69.0 61.0 329.0 195.0 524.0
30555 曾烁 113.0 83.0 112.0 62.0 74.0 66.0 308.0 202.0 510.0
30556 张基烨 99.0 90.0 107.0 71.0 84.0 82.0 296.0 237.0 533.0
30557 张锦河 105.0 106.0 113.0 83.0 89.0 78.0 324.0 250.0 574.0
30558 张子斌 103.0 102.0 115.0 85.0 88.0 78.0 320.0 251.0 571.0
30559 张宗泽 97.0 112.0 123.0 89.0 91.0 73.0 332.0 253.0 585.0
30560 郑涵 113.0 104.0 131.0 83.0 94.0 88.0 348.0 265.0 613.0
30561 郑主加 111.0 71.0 112.0 61.0 45.0 64.0 294.0 170.0 464.0
30562 钟婉灵 104.0 96.0 121.0 72.0 67.0 75.0 321.0 214.0 535.0
30563 周哲 95.0 112.0 111.0 94.0 83.0 49.0 318.0 226.0 544.0
30601 蔡楚怡 109.0 104.0 126.0 89.0 76.0 57.0 339.0 222.0 561.0
30602 蔡瀚锋 115.0 108.0 112.0 81.0 75.0 66.0 335.0 222.0 557.0
30603 蔡弋炀 103.0 121.0 120.0 76.0 89.0 90.0 344.0 255.0 599.0
30604 陈金涛 103.0 119.0 123.0 64.0 89.0 59.0 345.0 212.0 557.0
30605 陈谨 119.0 76.0 122.0 58.0 53.0 49.0 317.0 160.0 477.0
30606 陈庆 106.0 98.0 103.0 64.0 67.0 59.0 307.0 190.0 497.0
30607 陈帅琦 102.0 90.0 116.0 62.0 79.0 65.0 308.0 206.0 514.0
30608 陈锶涛 94.0 73.0 100.0 46.0 33.0 33.0 267.0 112.0 379.0
30609 陈雅文 114.0 94.0 131.0 75.0 84.0 74.0 339.0 233.0 572.0
30610 陈妍 106.0 88.0 121.0 75.0 76.0 65.0 315.0 216.0 531.0
30611 陈振霖 113.0 103.0 121.0 72.0 72.0 74.0 337.0 218.0 555.0
30612 陈震寅 103.0 120.0 96.0 76.0 71.0 72.0 319.0 219.0 538.0
30613 陈梓泓 103.0 117.0 117.0 79.0 76.0 78.0 337.0 233.0 570.0
30614 陈梓演 98.0 74.0 121.0 68.0 89.0 62.0 293.0 219.0 512.0
30615 戴德燊 113.0 112.0 110.0 86.0 72.0 69.0 335.0 227.0 562.0
30616 方家浩 110.0 87.0 121.0 83.0 82.0 67.0 318.0 232.0 550.0
30617 方玮绚 108.0 98.0 124.0 66.0 77.0 74.0 330.0 217.0 547.0
30618 方小涵 99.0 93.0 128.0 42.0 50.0 52.0 320.0 144.0 464.0
30619 方梓昊 101.0 89.0 120.0 53.0 67.0 71.0 310.0 191.0 501.0
30620 郭悦宁 113.0 74.0 113.0 62.0 61.0 65.0 300.0 188.0 488.0
30621 郭滋涵 79.0 40.0 75.0 28.0 22.0 39.0 194.0 89.0 283.0
30622 洪斯沛 112.0 85.0 128.0 70.0 80.0 72.0 325.0 222.0 547.0
30623 黄蔓蔓 106.0 109.0 108.0 61.0 76.0 67.0 323.0 204.0 527.0
30624 黄树炫 105.0 99.0 134.0 77.0 87.0 82.0 338.0 246.0 584.0
30625 黄晚至 116.0 97.0 126.0 69.0 89.0 65.0 339.0 223.0 562.0
30626 黄粤奇 96.0 86.0 104.0 71.0 58.0 65.0 286.0 194.0 480.0
30627 李传璞 107.0 96.0 125.0 62.0 82.0 72.0 328.0 216.0 544.0
30628 李科谋 110.0 102.0 121.0 81.0 84.0 71.0 333.0 236.0 569.0
30629 李婉宜 108.0 118.0 126.0 78.0 91.0 84.0 352.0 253.0 605.0
30630 李心彤 106.0 63.0 117.0 49.0 44.0 63.0 286.0 156.0 442.0
30631 梁婧 108.0 94.0 118.0 73.0 77.0 76.0 320.0 226.0 546.0
30632 林琦 120.0 99.0 117.0 78.0 87.0 71.0 336.0 236.0 572.0
30633 林润峰 101.0 72.0 123.0 68.0 64.0 67.0 296.0 199.0 495.0
30634 林烁 114.0 90.0 118.0 72.0 88.0 81.0 322.0 241.0 563.0
30635 林钰祺 107.0 91.0 115.0 68.0 75.0 67.0 313.0 210.0 523.0
30636 林泽聪 101.0 118.0 124.0 80.0 92.0 69.0 343.0 241.0 584.0
30637 林泽娜 108.0 44.0 115.0 69.0 59.0 48.0 267.0 176.0 443.0
30638 刘学智 107.0 104.0 122.0 78.0 79.0 71.0 333.0 228.0 561.0
30639 马思奇 108.0 74.0 111.0 73.0 76.0 64.0 293.0 213.0 506.0
30640 佘卓键 104.0 82.0 126.0 71.0 75.0 74.0 312.0 220.0 532.0
30641 沈畅泳 110.0 131.0 118.0 87.0 78.0 73.0 359.0 238.0 597.0
30642 汤庆琳 103.0 77.0 125.0 51.0 54.0 55.0 305.0 160.0 465.0
30643 王嘉如 99.0 94.0 122.0 72.0 81.0 64.0 315.0 217.0 532.0
30644 王琳 110.0 87.0 125.0 63.0 78.0 54.0 322.0 195.0 517.0
30645 王梓渲 105.0 104.0 122.0 86.0 75.0 74.0 331.0 235.0 566.0
30646 吴文澜 107.0 90.0 121.0 57.0 66.0 64.0 318.0 187.0 505.0
30647 吴妍 119.0 101.0 128.0 80.0 89.0 73.0 348.0 242.0 590.0
30648 许夏帆 119.0 127.0 130.0 85.0 90.0 73.0 376.0 248.0 624.0
30649 许烨琪 107.0 89.0 121.0 68.0 76.0 58.0 317.0 202.0 519.0
30650 杨金满 110.0 129.0 130.0 99.0 89.0 86.0 369.0 274.0 643.0
30652 杨依云 107.0 78.0 121.0 0 0 0 306.0 0 0
30653 蚁维聪 115.0 100.0 116.0 76.0 84.0 68.0 331.0 228.0 559.0
30654 余信荣 113.0 112.0 124.0 96.0 93.0 75.0 349.0 264.0 613.0
30655 喻子韬 106.0 93.0 117.0 72.0 80.0 67.0 316.0 219.0 535.0
30656 詹育东 107.0 86.0 110.0 78.0 81.0 69.0 303.0 228.0 531.0
30657 张棣炫 99.0 102.0 116.0 71.0 60.0 58.0 317.0 189.0 506.0
30658 张欣悦 118.0 93.0 117.0 67.0 87.0 84.0 328.0 238.0 566.0
30659 郑东能 116.0 128.0 114.0 95.0 85.0 78.0 358.0 258.0 616.0
30660 郑凯元 105.0 96.0 132.0 79.0 70.0 68.0 333.0 217.0 550.0
30661 郑泽楠 96.0 93.0 115.0 66.0 82.0 74.0 304.0 222.0 526.0
30662 钟贝琪 108.0 94.0 125.0 70.0 88.0 80.0 327.0 238.0 565.0
30663 周盈贝 109.0 67.0 108.0 63.0 77.0 63.0 284.0 203.0 487.0
30701 蔡博涵 101.0 84.0 104.0 66.0 80.0 70.0 289.0 216.0 505.0
30702 蔡琪 99.0 88.0 114.0 65.0 52.0 51.0 301.0 168.0 469.0
30703 蔡淑熙 107.0 86.0 121.0 62.0 73.0 66.0 314.0 201.0 515.0
30704 蔡晓仪 115.0 105.0 118.0 78.0 90.0 71.0 338.0 239.0 577.0
30705 蔡泽莹 107.0 103.0 117.0 79.0 64.0 70.0 327.0 213.0 540.0
30707 蔡至钿 99.0 107.0 126.0 62.0 73.0 62.0 332.0 197.0 529.0
30708 陈畅 116.0 99.0 122.0 71.0 69.0 64.0 337.0 204.0 541.0
30709 陈铎仑 107.0 111.0 104.0 81.0 76.0 78.0 322.0 235.0 557.0
30710 陈俊成 102.0 123.0 124.0 89.0 89.0 72.0 349.0 250.0 599.0
30711 陈思冰 107.0 81.0 121.0 56.0 60.0 64.0 309.0 180.0 489.0
30712 陈思桦 105.0 84.0 111.0 49.0 64.0 58.0 300.0 171.0 471.0
30713 陈武杰 101.0 96.0 122.0 69.0 66.0 55.0 319.0 190.0 509.0
30714 陈晓雯 123.0 120.0 128.0 81.0 87.0 90.0 371.0 258.0 629.0
30715 陈奕纯 108.0 101.0 126.0 82.0 85.0 69.0 335.0 236.0 571.0
30716 陈钟之 100.0 98.0 130.0 82.0 82.0 79.0 328.0 243.0 571.0
30717 陈梓博 113.0 90.0 113.0 86.0 78.0 72.0 316.0 236.0 552.0
30719 丁烜 101.0 81.0 104.0 42.0 63.0 64.0 286.0 169.0 455.0
30720 杜昕 109.0 84.0 125.0 75.0 78.0 76.0 318.0 229.0 547.0
30721 杜展 108.0 103.0 116.0 92.0 87.0 76.0 327.0 255.0 582.0
30722 郭枫阳 122.0 112.0 118.0 84.0 91.0 72.0 352.0 247.0 599.0
30723 洪欣苑 104.0 83.0 114.0 58.0 70.0 73.0 301.0 201.0 502.0
30724 洪梓昂 114.0 87.0 126.0 84.0 69.0 75.0 327.0 228.0 555.0
30725 黄心婷 104.0 104.0 123.0 73.0 79.0 69.0 331.0 221.0 552.0
30726 黄芷琳 112.0 84.0 126.0 59.0 85.0 72.0 322.0 216.0 538.0
30727 李博恩 107.0 106.0 119.0 82.0 87.0 67.0 332.0 236.0 568.0
30728 李恺寰 115.0 91.0 130.0 81.0 74.0 87.0 336.0 242.0 578.0
30729 李沛熙 102.0 116.0 116.0 98.0 92.0 85.0 334.0 275.0 609.0
30730 李翊亨 112.0 92.0 113.0 76.0 80.0 71.0 317.0 227.0 544.0
30731 林宏杰 108.0 97.0 106.0 89.0 66.0 70.0 311.0 225.0 536.0
30732 林熙 104.0 87.0 125.0 68.0 72.0 60.0 316.0 200.0 516.0
30733 林映含 111.0 108.0 127.0 84.0 74.0 66.0 346.0 224.0 570.0
30734 林芸 106.0 105.0 119.0 73.0 82.0 71.0 330.0 226.0 556.0
30735 刘乐欣 112.0 115.0 123.0 77.0 70.0 66.0 350.0 213.0 563.0
30736 刘依雯 95.0 55.0 121.0 49.0 37.0 60.0 271.0 146.0 417.0
30737 刘雨奇 113.0 113.0 132.0 77.0 95.0 79.0 358.0 251.0 609.0
30738 刘子烁 100.0 65.0 118.0 80.0 72.0 60.0 283.0 212.0 495.0
30739 陆伟坤 111.0 107.0 112.0 72.0 72.0 82.0 330.0 226.0 556.0
30740 马学宽 111.0 79.0 116.0 67.0 81.0 73.0 306.0 221.0 527.0
30741 彭博澄 109.0 116.0 130.0 87.0 81.0 83.0 355.0 251.0 606.0
30742 邱可盈 112.0 93.0 120.0 82.0 72.0 58.0 325.0 212.0 537.0
30743 佘晓仪 103.0 75.0 117.0 43.0 44.0 56.0 295.0 143.0 438.0
30745 苏烁航 108.0 94.0 106.0 89.0 64.0 48.0 308.0 201.0 509.0
30746 苏斯楠 108.0 88.0 122.0 79.0 79.0 66.0 318.0 224.0 542.0
30747 孙润楷 109.0 84.0 119.0 75.0 89.0 71.0 312.0 235.0 547.0
30748 吴佳生 109.0 107.0 115.0 87.0 90.0 68.0 331.0 245.0 576.0
30749 吴昕 102.0 68.0 115.0 58.0 72.0 60.0 285.0 190.0 475.0
30750 谢伟坤 114.0 91.0 128.0 82.0 78.0 70.0 333.0 230.0 563.0
30751 谢宗泰 99.0 102.0 103.0 86.0 57.0 67.0 304.0 210.0 514.0
30752 徐子媛 115.0 87.0 123.0 75.0 70.0 56.0 325.0 201.0 526.0
30753 许楷扬 98.0 94.0 122.0 67.0 87.0 54.0 314.0 208.0 522.0
30754 许艺瀛 100.0 93.0 117.0 71.0 64.0 65.0 310.0 200.0 510.0
30755 杨深林 107.0 93.0 118.0 86.0 94.0 79.0 318.0 259.0 577.0
30756 杨烨爽 100.0 111.0 117.0 94.0 79.0 68.0 328.0 241.0 569.0
30757 叶乐萱 124.0 111.0 141.0 93.0 94.0 88.0 376.0 275.0 651.0
30758 张睿 106.0 96.0 117.0 67.0 72.0 69.0 319.0 208.0 527.0
30759 张少伟 108.0 79.0 109.0 75.0 76.0 67.0 296.0 218.0 514.0
30760 张煜坚 107.0 78.0 131.0 65.0 64.0 60.0 316.0 189.0 505.0
30761 郑逸晖 98.0 97.0 130.0 94.0 79.0 70.0 325.0 243.0 568.0
30762 钟耿钦 95.0 106.0 118.0 60.0 74.0 64.0 319.0 198.0 517.0
30801 蔡筱蕊 106.0 104.0 117.0 69.0 80.0 67.0 327.0 216.0 543.0
30802 蔡奕桐 109.0 85.0 123.0 69.0 56.0 65.0 317.0 190.0 507.0
30803 蔡泽泓 107.0 109.0 124.0 72.0 81.0 68.0 340.0 221.0 561.0
30804 陈达可 101.0 114.0 132.0 94.0 90.0 76.0 347.0 260.0 607.0
30805 陈丹仪 106.0 116.0 125.0 87.0 88.0 86.0 347.0 261.0 608.0
30806 陈锴榆 101.0 82.0 112.0 72.0 62.0 59.0 295.0 193.0 488.0
30807 陈润慷 105.0 110.0 113.0 97.0 77.0 60.0 328.0 234.0 562.0
30808 陈淑芳 115.0 85.0 109.0 72.0 64.0 56.0 309.0 192.0 501.0
30809 陈彦宇 97.0 95.0 123.0 60.0 78.0 65.0 315.0 203.0 518.0
30810 陈钰琦 108.0 59.0 115.0 37.0 44.0 57.0 282.0 138.0 420.0
30811 陈志航 99.0 56.0 110.0 58.0 48.0 51.0 265.0 157.0 422.0
30812 单浩铭 103.0 89.0 116.0 60.0 55.0 73.0 308.0 188.0 496.0
30813 董煜然 99.0 99.0 121.0 69.0 76.0 66.0 319.0 211.0 530.0
30814 杜庚育 105.0 99.0 125.0 85.0 91.0 87.0 329.0 263.0 592.0
30815 方淑钰 60.0 19.0 54.0 24.0 20.0 23.0 133.0 67.0 200.0
30816 方殷锴 100.0 93.0 125.0 80.0 87.0 72.0 318.0 239.0 557.0
30817 葛颖 107.0 97.0 121.0 80.0 69.0 66.0 325.0 215.0 540.0
30818 郭粉红 111.0 83.0 118.0 62.0 81.0 61.0 312.0 204.0 516.0
30819 郭景瀚 112.0 86.0 119.0 71.0 76.0 58.0 317.0 205.0 522.0
30820 洪立强 108.0 94.0 130.0 74.0 65.0 67.0 332.0 206.0 538.0
30821 洪少锐 106.0 100.0 123.0 81.0 80.0 65.0 329.0 226.0 555.0
30822 黄端 103.0 104.0 120.0 92.0 87.0 80.0 327.0 259.0 586.0
30823 黄丰 111.0 87.0 122.0 76.0 66.0 56.0 320.0 198.0 518.0
30824 黄俊斐 99.0 104.0 124.0 94.0 77.0 59.0 327.0 230.0 557.0
30825 黄可欣 104.0 104.0 130.0 89.0 87.0 72.0 338.0 248.0 586.0
30826 金泽薰 96.0 108.0 126.0 79.0 91.0 83.0 330.0 253.0 583.0
30827 蓝旸 100.0 96.0 122.0 70.0 83.0 60.0 318.0 213.0 531.0
30828 林炳丽 103.0 114.0 126.0 90.0 86.0 82.0 343.0 258.0 601.0
30829 林栾荀 106.0 84.0 113.0 79.0 91.0 79.0 303.0 249.0 552.0
30830 林若彤 115.0 96.0 125.0 69.0 77.0 56.0 336.0 202.0 538.0
30831 林晓纯 114.0 115.0 132.0 82.0 93.0 76.0 361.0 251.0 612.0
30832 林钇 104.0 101.0 126.0 86.0 93.0 77.0 331.0 256.0 587.0
30833 林毓莹 110.0 81.0 129.0 60.0 71.0 56.0 320.0 187.0 507.0
30834 林泽凯 95.0 97.0 104.0 79.0 72.0 71.0 296.0 222.0 518.0
30835 刘尔嘉 108.0 110.0 132.0 98.0 83.0 72.0 350.0 253.0 603.0
30836 马旭宁 114.0 97.0 117.0 82.0 74.0 72.0 328.0 228.0 556.0
30837 彭诗妍 102.0 79.0 110.0 52.0 80.0 61.0 291.0 193.0 484.0
30838 宋洁榕 121.0 74.0 123.0 67.0 64.0 67.0 318.0 198.0 516.0
30839 王绿蔚 111.0 88.0 125.0 77.0 74.0 64.0 324.0 215.0 539.0
30840 王维佳 106.0 95.0 118.0 45.0 68.0 45.0 319.0 158.0 477.0
30841 王知往 108.0 79.0 125.0 74.0 71.0 77.0 312.0 222.0 534.0
30842 王志扬 93.0 101.0 112.0 61.0 87.0 66.0 306.0 214.0 520.0
30843 温一海 110.0 78.0 125.0 67.0 71.0 69.0 313.0 207.0 520.0
30844 吴丹妮 101.0 72.0 107.0 58.0 58.0 59.0 280.0 175.0 455.0
30845 吴赋 108.0 112.0 117.0 89.0 78.0 79.0 337.0 246.0 583.0
30846 吴润铭 115.0 75.0 107.0 69.0 67.0 49.0 297.0 185.0 482.0
30847 吴夏韵 94.0 97.0 105.0 61.0 69.0 47.0 296.0 177.0 473.0
30848 辛铄浩 102.0 104.0 111.0 83.0 88.0 56.0 317.0 227.0 544.0
30849 杨婷婷 103.0 85.0 116.0 57.0 63.0 56.0 304.0 176.0 480.0
30850 曾宇丹 102.0 104.0 135.0 90.0 90.0 78.0 341.0 258.0 599.0
30851 曾宇煌 107.0 89.0 118.0 70.0 53.0 64.0 314.0 187.0 501.0
30852 张晓斐 111.0 105.0 126.0 74.0 83.0 76.0 342.0 233.0 575.0
30853 张梓涵 104.0 68.0 126.0 84.0 84.0 63.0 298.0 231.0 529.0
30854 郑聪 105.0 73.0 119.0 66.0 78.0 65.0 297.0 209.0 506.0
30855 郑岱锋 100.0 83.0 118.0 52.0 49.0 53.0 301.0 154.0 455.0
30856 郑楷融 109.0 81.0 117.0 63.0 69.0 60.0 307.0 192.0 499.0
30857 郑欣琳 98.0 69.0 121.0 63.0 76.0 61.0 288.0 200.0 488.0
30858 郑宇平 114.0 110.0 122.0 77.0 66.0 52.0 346.0 195.0 541.0
30859 周弋钿 108.0 102.0 136.0 87.0 89.0 91.0 346.0 267.0 613.0
30861 庄先正 90.0 65.0 119.0 63.0 53.0 77.0 274.0 193.0 467.0
30862 邹彤彤 107.0 81.0 130.0 53.0 72.0 75.0 318.0 200.0 518.0
30901 蔡仰涵 111.0 101.0 118.0 87.0 88.0 84.0 330.0 259.0 589.0
30902 陈玳翊 107.0 100.0 100.0 74.0 72.0 53.0 307.0 199.0 506.0
30903 陈方梓淳 110.0 113.0 127.0 62.0 83.0 57.0 350.0 202.0 552.0
30904 陈俊锴 117.0 90.0 125.0 80.0 91.0 57.0 332.0 228.0 560.0
30905 陈铿 97.0 100.0 111.0 61.0 67.0 54.0 308.0 182.0 490.0
30906 陈琳 100.0 95.0 125.0 57.0 73.0 74.0 320.0 204.0 524.0
30907 陈淼泓 111.0 68.0 117.0 46.0 57.0 56.0 296.0 159.0 455.0
30908 陈诺 120.0 105.0 123.0 78.0 89.0 76.0 348.0 243.0 591.0
30909 陈申 113.0 98.0 121.0 76.0 78.0 78.0 332.0 232.0 564.0
30910 陈曦芃 116.0 88.0 127.0 71.0 68.0 73.0 331.0 212.0 543.0
30911 陈逸挺 92.0 87.0 94.0 67.0 45.0 48.0 273.0 160.0 433.0
30912 陈钰媛 107.0 95.0 121.0 59.0 75.0 57.0 323.0 191.0 514.0
30913 陈裕 96.0 86.0 118.0 68.0 71.0 47.0 300.0 186.0 486.0
30914 陈钊燚 115.0 102.0 117.0 83.0 67.0 82.0 334.0 232.0 566.0
30915 丁琪瑄 99.0 94.0 121.0 60.0 78.0 42.0 314.0 180.0 494.0
30916 丁泽晟 105.0 118.0 117.0 99.0 95.0 70.0 340.0 264.0 604.0
30917 董信步 86.0 86.0 119.0 83.0 85.0 68.0 291.0 236.0 527.0
30918 郭婉祺 110.0 136.0 128.0 93.0 83.0 70.0 374.0 246.0 620.0
30919 郭潇凯 107.0 105.0 123.0 69.0 84.0 72.0 335.0 225.0 560.0
30920 洪愿足 105.0 106.0 106.0 76.0 89.0 74.0 317.0 239.0 556.0
30921 黄川 104.0 124.0 123.0 90.0 84.0 59.0 351.0 233.0 584.0
30923 黄晓彤 100.0 45.0 121.0 37.0 40.0 41.0 266.0 118.0 384.0
30924 黄泽钦 103.0 128.0 116.0 86.0 90.0 76.0 347.0 252.0 599.0
30925 黄梓媛 109.0 109.0 127.0 74.0 77.0 68.0 345.0 219.0 564.0
30926 蓝菁 102.0 101.0 121.0 66.0 63.0 54.0 324.0 183.0 507.0
30927 李金洺 109.0 73.0 112.0 42.0 38.0 52.0 294.0 132.0 426.0
30928 李乐浩 103.0 102.0 123.0 53.0 60.0 61.0 328.0 174.0 502.0
30929 李泽銮 101.0 90.0 122.0 62.0 77.0 69.0 313.0 208.0 521.0
30930 林翰 102.0 66.0 104.0 62.0 60.0 62.0 272.0 184.0 456.0
30931 林洁娜 115.0 101.0 107.0 58.0 59.0 57.0 323.0 174.0 497.0
30932 林锦燕 115.0 101.0 118.0 82.0 85.0 68.0 334.0 235.0 569.0
30933 林仕居 100.0 122.0 128.0 89.0 88.0 66.0 350.0 243.0 593.0
30934 林铄浩 112.0 106.0 116.0 86.0 77.0 84.0 334.0 247.0 581.0
30935 林晓琪 111.0 105.0 119.0 75.0 89.0 68.0 335.0 232.0 567.0
30936 林依洁 96.0 90.0 124.0 72.0 75.0 64.0 310.0 211.0 521.0
30937 刘泳钊 103.0 31.0 119.0 87.0 35.0 53.0 253.0 175.0 428.0
30938 罗泽鑫 107.0 110.0 115.0 81.0 88.0 68.0 332.0 237.0 569.0
30939 欧阳苇航 101.0 99.0 112.0 94.0 85.0 84.0 312.0 263.0 575.0
30940 潘沛 108.0 80.0 117.0 72.0 73.0 60.0 305.0 205.0 510.0
30941 邱子涵 108.0 102.0 127.0 79.0 88.0 66.0 337.0 233.0 570.0
30942 芮滢 110.0 100.0 127.0 82.0 89.0 75.0 337.0 246.0 583.0
30943 沈子钦 102.0 76.0 117.0 82.0 57.0 61.0 295.0 200.0 495.0
30944 王逸楠 109.0 104.0 117.0 61.0 53.0 55.0 330.0 169.0 499.0
30945 王梓宜 97.0 85.0 100.0 75.0 74.0 65.0 282.0 214.0 496.0
30946 吴佳锡 101.0 133.0 113.0 84.0 84.0 74.0 347.0 242.0 589.0
30947 吴奕艾 101.0 86.0 101.0 47.0 66.0 65.0 288.0 178.0 466.0
30948 吴逸慈 104.0 140.0 128.0 76.0 94.0 88.0 372.0 258.0 630.0
30949 徐仰男 103.0 82.0 125.0 74.0 80.0 71.0 310.0 225.0 535.0
30950 杨亦茜 114.0 116.0 125.0 77.0 83.0 68.0 355.0 228.0 583.0
30951 姚炜琳 97.0 71.0 107.0 45.0 63.0 56.0 275.0 164.0 439.0
30952 余烁 106.0 97.0 123.0 78.0 80.0 68.0 326.0 226.0 552.0
30953 袁一欣 104.0 107.0 132.0 61.0 80.0 56.0 343.0 197.0 540.0
30954 曾慧宾 110.0 93.0 118.0 88.0 79.0 87.0 321.0 254.0 575.0
30955 张涵 120.0 133.0 126.0 86.0 87.0 88.0 379.0 261.0 640.0
30956 张禾 113.0 99.0 125.0 63.0 83.0 71.0 337.0 217.0 554.0
30957 郑瑞锐 105.0 118.0 128.0 100.0 87.0 76.0 351.0 263.0 614.0
30958 郑闻铎 96.0 100.0 114.0 75.0 64.0 67.0 310.0 206.0 516.0
30959 郑勋 103.0 78.0 131.0 68.0 61.0 49.0 312.0 178.0 490.0
30960 郑哲 107.0 73.0 121.0 49.0 66.0 37.0 301.0 152.0 453.0
30961 朱海平 103.0 60.0 119.0 64.0 57.0 71.0 282.0 192.0 474.0
30962 庄瑞临 117.0 101.0 123.0 75.0 91.0 75.0 341.0 241.0 582.0
31001 蔡凡 99.0 106.0 109.0 62.0 73.0 73.0 314.0 208.0 522.0
31002 蔡若珂 108.0 99.0 132.0 71.0 90.0 59.0 339.0 220.0 559.0
31004 蔡周峰 100.0 80.0 115.0 66.0 81.0 72.0 295.0 219.0 514.0
31005 陈蓓蓓 103.0 88.0 115.0 38.0 70.0 59.0 306.0 167.0 473.0
31006 陈钧哲 108.0 140.0 118.0 83.0 90.0 71.0 366.0 244.0 610.0
31007 陈树煜 103.0 113.0 109.0 83.0 75.0 74.0 325.0 232.0 557.0
31008 陈泰霖 115.0 120.0 117.0 80.0 87.0 80.0 352.0 247.0 599.0
31009 陈童菲 108.0 133.0 117.0 89.0 91.0 80.0 358.0 260.0 618.0
31010 陈泽锋 92.0 108.0 114.0 47.0 80.0 70.0 314.0 197.0 511.0
31011 陈泽锐 92.0 83.0 109.0 63.0 67.0 59.0 284.0 189.0 473.0
31012 池逸和 112.0 94.0 134.0 79.0 83.0 77.0 340.0 239.0 579.0
31013 杜鑫 108.0 105.0 129.0 82.0 78.0 61.0 342.0 221.0 563.0
31014 范冬倪 101.0 91.0 118.0 70.0 67.0 65.0 310.0 202.0 512.0
31015 房瑜仪 97.0 114.0 111.0 80.0 71.0 66.0 322.0 217.0 539.0
31016 高帅博 96.0 88.0 121.0 82.0 85.0 57.0 305.0 224.0 529.0
31017 黄钿津 95.0 111.0 101.0 32.0 39.0 30.0 307.0 101.0 408.0
31018 黄兰馨 105.0 102.0 123.0 87.0 67.0 57.0 330.0 211.0 541.0
31019 黄立涵 93.0 106.0 110.0 93.0 90.0 59.0 309.0 242.0 551.0
31020 黄泽瀚 101.0 99.0 126.0 86.0 84.0 69.0 326.0 239.0 565.0
31021 纪南帆 103.0 66.0 107.0 58.0 75.0 51.0 276.0 184.0 460.0
31022 纪欣格 108.0 108.0 127.0 69.0 84.0 58.0 343.0 211.0 554.0
31023 金敏桦 109.0 117.0 130.0 81.0 66.0 78.0 356.0 225.0 581.0
31024 李嘉桦 104.0 83.0 111.0 59.0 62.0 59.0 298.0 180.0 478.0
31025 李芷佳 104.0 105.0 134.0 60.0 76.0 65.0 343.0 201.0 544.0
31026 林翠环 107.0 110.0 113.0 72.0 85.0 79.0 330.0 236.0 566.0
31027 林丹娜 106.0 91.0 120.0 90.0 92.0 73.0 317.0 255.0 572.0
31028 林婷婷 117.0 101.0 139.0 77.0 86.0 77.0 357.0 240.0 597.0
31029 林钰 116.0 77.0 137.0 64.0 57.0 66.0 330.0 187.0 517.0
31030 林展锋 101.0 102.0 124.0 78.0 81.0 67.0 327.0 226.0 553.0
31031 林子潼 109.0 103.0 132.0 86.0 67.0 83.0 344.0 236.0 580.0
31032 刘派佳 101.0 67.0 126.0 71.0 58.0 58.0 294.0 187.0 481.0
31033 陆天宇 99.0 107.0 111.0 83.0 81.0 83.0 317.0 247.0 564.0
31034 马殊 117.0 79.0 134.0 71.0 74.0 60.0 330.0 205.0 535.0
31035 邱驰 88.0 104.0 129.0 89.0 86.0 52.0 321.0 227.0 548.0
31036 邱煜群 100.0 85.0 117.0 86.0 78.0 74.0 302.0 238.0 540.0
31037 王昊东 108.0 87.0 112.0 76.0 80.0 63.0 307.0 219.0 526.0
31038 王新荣 112.0 128.0 115.0 95.0 89.0 87.0 355.0 271.0 626.0
31039 王岳 108.0 68.0 112.0 56.0 55.0 68.0 288.0 179.0 467.0
31040 王芸 103.0 68.0 113.0 59.0 64.0 55.0 284.0 178.0 462.0
31041 翁培锴 102.0 112.0 127.0 74.0 85.0 72.0 341.0 231.0 572.0
31042 吴铭洵 104.0 79.0 124.0 65.0 71.0 40.0 307.0 176.0 483.0
31043 吴楠 97.0 92.0 117.0 86.0 70.0 55.0 306.0 211.0 517.0
31044 吴新仪 100.0 109.0 123.0 61.0 78.0 69.0 332.0 208.0 540.0
31045 夏立嘉 107.0 119.0 123.0 89.0 84.0 68.0 349.0 241.0 590.0
31046 辛焜媛 118.0 105.0 121.0 69.0 84.0 80.0 344.0 233.0 577.0
31048 许思琪 96.0 97.0 117.0 72.0 54.0 70.0 310.0 196.0 506.0
31049 羊雪琪 113.0 131.0 124.0 85.0 89.0 78.0 368.0 252.0 620.0
31050 杨基石 103.0 99.0 119.0 69.0 63.0 58.0 321.0 190.0 511.0
31051 杨璐羽 102.0 95.0 114.0 71.0 81.0 76.0 311.0 228.0 539.0
31052 曾炀铃 118.0 81.0 123.0 70.0 74.0 65.0 322.0 209.0 531.0
31053 曾钰辉 105.0 91.0 110.0 63.0 60.0 78.0 306.0 201.0 507.0
31054 张森烔 101.0 84.0 122.0 68.0 57.0 57.0 307.0 182.0 489.0
31055 赵博瑄 96.0 70.0 102.0 50.0 52.0 60.0 268.0 162.0 430.0
31056 郑乐镔 115.0 98.0 115.0 67.0 67.0 65.0 328.0 199.0 527.0
31057 郑若晗 104.0 96.0 121.0 84.0 51.0 52.0 321.0 187.0 508.0
31059 郑伟纯 112.0 128.0 122.0 73.0 87.0 92.0 362.0 252.0 614.0
31060 周宇程 103.0 91.0 113.0 61.0 54.0 47.0 307.0 162.0 469.0
31061 周之祺 111.0 115.0 126.0 68.0 85.0 73.0 352.0 226.0 578.0
31062 庄杰涛 113.0 129.0 133.0 94.0 84.0 83.0 375.0 261.0 636.0
31101 蔡滨 108.0 117.0 131.0 84.0 93.0 85.0 356.0 262.0 618.0
31102 曹耿槟 98.0 83.0 122.0 59.0 59.0 58.0 303.0 176.0 479.0
31103 陈浩钦 110.0 114.0 123.0 84.0 78.0 71.0 347.0 233.0 580.0
31104 陈洪昱 102.0 109.0 109.0 79.0 85.0 70.0 320.0 234.0 554.0
31105 陈令烨 100.0 99.0 131.0 78.0 76.0 55.0 330.0 209.0 539.0
31106 陈斯昂 111.0 139.0 134.0 95.0 99.0 94.0 384.0 288.0 672.0
31107 陈逸南 114.0 82.0 113.0 92.0 82.0 77.0 309.0 251.0 560.0
31108 陈逸天 108.0 95.0 118.0 77.0 78.0 79.0 321.0 234.0 555.0
31109 陈詠萩 111.0 120.0 135.0 84.0 86.0 72.0 366.0 242.0 608.0
31110 代桂敏 101.0 75.0 117.0 49.0 73.0 76.0 293.0 198.0 491.0
31111 方江鑫 110.0 111.0 121.0 78.0 84.0 82.0 342.0 244.0 586.0
31112 方武智 94.0 80.0 115.0 50.0 61.0 60.0 289.0 171.0 460.0
31113 高亦婷 119.0 94.0 126.0 56.0 58.0 58.0 339.0 172.0 511.0
31115 黄航 108.0 115.0 120.0 89.0 83.0 75.0 343.0 247.0 590.0
31116 黄腾 100.0 88.0 123.0 61.0 52.0 46.0 311.0 159.0 470.0
31117 黄钰涵 99.0 48.0 113.0 65.0 65.0 80.0 260.0 210.0 470.0
31118 黄仲铖 97.0 90.0 109.0 62.0 79.0 49.0 296.0 190.0 486.0
31120 李琳纯 112.0 85.0 130.0 49.0 67.0 50.0 327.0 166.0 493.0
31121 李世濠 100.0 99.0 114.0 84.0 92.0 82.0 313.0 258.0 571.0
31122 李晓琳 112.0 83.0 125.0 67.0 65.0 58.0 320.0 190.0 510.0
31123 李旭纯 112.0 102.0 130.0 83.0 93.0 80.0 344.0 256.0 600.0
31124 林德明 106.0 95.0 98.0 84.0 92.0 83.0 299.0 259.0 558.0
31125 林介山 111.0 110.0 116.0 93.0 78.0 79.0 337.0 250.0 587.0
31126 林琳 104.0 84.0 119.0 63.0 79.0 60.0 307.0 202.0 509.0
31127 林南裕 95.0 90.0 114.0 88.0 78.0 72.0 299.0 238.0 537.0
31128 林烁 97.0 99.0 114.0 64.0 68.0 64.0 310.0 196.0 506.0
31129 林媛 104.0 79.0 113.0 78.0 68.0 59.0 296.0 205.0 501.0
31130 林泽豪 103.0 117.0 129.0 80.0 96.0 78.0 349.0 254.0 603.0
31131 林曾越 105.0 116.0 119.0 73.0 87.0 83.0 340.0 243.0 583.0
31132 卢楠 111.0 71.0 103.0 51.0 54.0 52.0 285.0 157.0 442.0
31133 罗世跃 96.0 97.0 102.0 69.0 0 0 295.0 0 0
31134 佘晓洁 117.0 66.0 125.0 62.0 52.0 63.0 308.0 177.0 485.0
31135 宋畅 106.0 81.0 122.0 82.0 71.0 56.0 309.0 209.0 518.0
31136 苏梓禄 87.0 61.0 103.0 39.0 45.0 46.0 251.0 130.0 381.0
31137 孙可欣 120.0 134.0 128.0 93.0 91.0 75.0 382.0 259.0 641.0
31138 王冬梅 114.0 117.0 117.0 74.0 89.0 76.0 348.0 239.0 587.0
31139 王睿琪 110.0 102.0 120.0 80.0 78.0 66.0 332.0 224.0 556.0
31140 王松波 112.0 79.0 120.0 80.0 92.0 82.0 311.0 254.0 565.0
31141 王宇涵 114.0 92.0 126.0 83.0 90.0 77.0 332.0 250.0 582.0
31142 翁锐鹏 98.0 56.0 94.0 58.0 51.0 51.0 248.0 160.0 408.0
31143 翁慎喆 104.0 99.0 118.0 63.0 68.0 55.0 321.0 186.0 507.0
31144 吴吉莉 97.0 63.0 126.0 71.0 69.0 75.0 286.0 215.0 501.0
31145 吴锦涛 101.0 60.0 80.0 47.0 48.0 36.0 241.0 131.0 372.0
31146 吴泽钟 105.0 73.0 124.0 78.0 80.0 64.0 302.0 222.0 524.0
31147 肖涵 115.0 86.0 124.0 65.0 77.0 55.0 325.0 197.0 522.0
31148 肖芷雅 104.0 100.0 120.0 82.0 60.0 66.0 324.0 208.0 532.0
31149 谢冬纯 114.0 112.0 126.0 85.0 96.0 83.0 352.0 264.0 616.0
31150 谢晴 116.0 84.0 124.0 74.0 78.0 73.0 324.0 225.0 549.0
31151 徐子东 105.0 119.0 129.0 89.0 89.0 79.0 353.0 257.0 610.0
31152 杨薇 116.0 98.0 126.0 78.0 87.0 81.0 340.0 246.0 586.0
31153 杨艺霞 110.0 109.0 127.0 82.0 80.0 64.0 346.0 226.0 572.0
31154 姚曙凯 93.0 102.0 108.0 73.0 85.0 64.0 303.0 222.0 525.0
31155 曾扬航 101.0 113.0 119.0 74.0 92.0 70.0 333.0 236.0 569.0
31156 张新阳 106.0 99.0 111.0 86.0 78.0 52.0 316.0 216.0 532.0
31157 郑长河 102.0 91.0 117.0 62.0 74.0 69.0 310.0 205.0 515.0
31158 郑力中 101.0 99.0 134.0 69.0 84.0 82.0 334.0 235.0 569.0
31159 郑润华 106.0 100.0 121.0 76.0 88.0 69.0 327.0 233.0 560.0
31160 郑逸锋 93.0 126.0 107.0 83.0 87.0 74.0 326.0 244.0 570.0
31161 周锦煜 107.0 82.0 124.0 60.0 65.0 60.0 313.0 185.0 498.0
31201 陈健颖 106.0 126.0 117.0 81.0 92.0 72.0 349.0 245.0 594.0
31202 陈楠弘 110.0 74.0 116.0 55.0 72.0 58.0 300.0 185.0 485.0
31203 陈祈丹 97.0 83.0 100.0 62.0 33.0 48.0 280.0 143.0 423.0
31204 陈舒颖 116.0 107.0 128.0 84.0 91.0 72.0 351.0 247.0 598.0
31205 陈晓婷 102.0 91.0 122.0 56.0 88.0 75.0 315.0 219.0 534.0
31206 陈雅昕 95.0 117.0 123.0 79.0 93.0 81.0 335.0 253.0 588.0
31208 陈裕渊 104.0 121.0 125.0 79.0 90.0 83.0 350.0 252.0 602.0
31209 程梓 96.0 85.0 110.0 59.0 54.0 59.0 291.0 172.0 463.0
31210 池霖锋 113.0 110.0 108.0 81.0 89.0 56.0 331.0 226.0 557.0
31211 高丹敏 102.0 92.0 118.0 77.0 78.0 76.0 312.0 231.0 543.0
31212 洪耿鑫 103.0 95.0 97.0 86.0 84.0 71.0 295.0 241.0 536.0
31213 洪泳琪 111.0 111.0 122.0 73.0 90.0 77.0 344.0 240.0 584.0
31214 黄骏涵 105.0 73.0 79.0 70.0 58.0 70.0 257.0 198.0 455.0
31215 黄丽楠 100.0 89.0 106.0 65.0 69.0 54.0 295.0 188.0 483.0
31216 黄绵煌 101.0 88.0 114.0 71.0 61.0 69.0 303.0 201.0 504.0
31217 黄曦宇 100.0 78.0 115.0 57.0 58.0 74.0 293.0 189.0 482.0
31218 李洁淳 104.0 119.0 120.0 50.0 73.0 60.0 343.0 183.0 526.0
31219 李晓波 104.0 98.0 104.0 76.0 89.0 68.0 306.0 233.0 539.0
31220 李育纯 103.0 76.0 125.0 70.0 78.0 67.0 304.0 215.0 519.0
31221 李云山 100.0 118.0 121.0 79.0 86.0 76.0 339.0 241.0 580.0
31222 林翰韬 97.0 78.0 133.0 61.0 82.0 67.0 308.0 210.0 518.0
31223 林靖 103.0 97.0 125.0 95.0 89.0 80.0 325.0 264.0 589.0
31224 林敏英 113.0 92.0 120.0 80.0 87.0 78.0 325.0 245.0 570.0
31225 林汪灏 96.0 68.0 111.0 54.0 53.0 50.0 275.0 157.0 432.0
31226 林晓仰 100.0 100.0 126.0 79.0 63.0 76.0 326.0 218.0 544.0
31227 刘陈婷 115.0 96.0 122.0 78.0 76.0 80.0 333.0 234.0 567.0
31228 刘淇文 104.0 96.0 111.0 59.0 82.0 64.0 311.0 205.0 516.0
31229 刘逸璋 105.0 105.0 122.0 54.0 75.0 70.0 332.0 199.0 531.0
31230 罗立扬 101.0 104.0 121.0 85.0 91.0 72.0 326.0 248.0 574.0
31231 马尚霖 106.0 86.0 115.0 59.0 69.0 62.0 307.0 190.0 497.0
31232 沈楠 109.0 83.0 128.0 64.0 73.0 72.0 320.0 209.0 529.0
31233 孙奇 103.0 118.0 128.0 99.0 94.0 79.0 349.0 272.0 621.0
31234 孙泽鑫 90.0 83.0 84.0 68.0 58.0 47.0 257.0 173.0 430.0
31235 王锴 113.0 111.0 120.0 83.0 94.0 87.0 344.0 264.0 608.0
31236 王婉仪 102.0 81.0 114.0 36.0 66.0 53.0 297.0 155.0 452.0
31237 王炜 103.0 121.0 123.0 89.0 92.0 76.0 347.0 257.0 604.0
31238 王志鹏 112.0 103.0 130.0 66.0 89.0 70.0 345.0 225.0 570.0
31239 王梓菁 114.0 96.0 120.0 71.0 94.0 72.0 330.0 237.0 567.0
31240 翁子腾 90.0 95.0 127.0 87.0 72.0 60.0 312.0 219.0 531.0
31241 吴宏振 99.0 67.0 117.0 51.0 67.0 64.0 283.0 182.0 465.0
31242 吴捷健 113.0 128.0 131.0 98.0 92.0 87.0 372.0 277.0 649.0
31243 吴晓杰 104.0 105.0 123.0 74.0 88.0 80.0 332.0 242.0 574.0
31244 肖扬秀 107.0 108.0 123.0 78.0 90.0 80.0 338.0 248.0 586.0
31245 谢艾津 103.0 84.0 121.0 67.0 80.0 61.0 308.0 208.0 516.0
31246 谢泽杰 116.0 102.0 118.0 77.0 89.0 78.0 336.0 244.0 580.0
31247 许涵英 103.0 109.0 128.0 73.0 92.0 61.0 340.0 226.0 566.0
31248 许佳森 105.0 67.0 93.0 58.0 68.0 44.0 265.0 170.0 435.0
31249 许桐辉 102.0 82.0 102.0 67.0 79.0 55.0 286.0 201.0 487.0
31250 杨时骅 103.0 47.0 113.0 17.0 31.0 45.0 263.0 93.0 356.0
31251 杨时颖 103.0 87.0 121.0 61.0 85.0 81.0 311.0 227.0 538.0
31252 余洢彤 100.0 93.0 126.0 52.0 75.0 62.0 319.0 189.0 508.0
31253 曾婵娟 115.0 104.0 127.0 91.0 91.0 80.0 346.0 262.0 608.0
31254 张漫卿 111.0 79.0 117.0 37.0 60.0 54.0 307.0 151.0 458.0
31255 张睿莹 98.0 93.0 122.0 75.0 93.0 78.0 313.0 246.0 559.0
31256 张艺涵 106.0 94.0 118.0 72.0 87.0 81.0 318.0 240.0 558.0
31257 郑思思 95.0 77.0 106.0 61.0 68.0 50.0 278.0 179.0 457.0
31258 郑希彦 106.0 77.0 117.0 67.0 87.0 76.0 300.0 230.0 530.0
31259 郑以豪 104.0 86.0 108.0 69.0 86.0 69.0 298.0 224.0 522.0
31260 周名弦 108.0 130.0 126.0 89.0 77.0 72.0 364.0 238.0 602.0
31261 朱源腾 120.0 108.0 120.0 67.0 82.0 73.0 348.0 222.0 570.0
31262 朱越 113.0 85.0 128.0 88.0 81.0 74.0 326.0 243.0 569.0
31301 蔡祎晖 104.0 102.0 107.0 76.0 94.0 68.0 313.0 238.0 551.0
31302 蔡永杰 104.0 77.0 118.0 48.0 79.0 60.0 299.0 187.0 486.0
31303 蔡泽莎 107.0 90.0 125.0 58.0 84.0 85.0 322.0 227.0 549.0
31304 蔡芝恬 98.0 79.0 114.0 66.0 84.0 66.0 291.0 216.0 507.0
31305 陈璐 111.0 98.0 121.0 61.0 76.0 72.0 330.0 209.0 539.0
31306 陈冉 104.0 79.0 135.0 74.0 81.0 72.0 318.0 227.0 545.0
31307 陈文博 111.0 130.0 125.0 90.0 95.0 87.0 366.0 272.0 638.0
31308 陈宇铭 106.0 85.0 127.0 57.0 87.0 64.0 318.0 208.0 526.0
31309 陈岳彬 101.0 90.0 121.0 79.0 81.0 61.0 312.0 221.0 533.0
31310 郭剑豪 102.0 101.0 123.0 67.0 65.0 72.0 326.0 204.0 530.0
31311 黄凯丽 110.0 108.0 118.0 56.0 80.0 54.0 336.0 190.0 526.0
31312 黄宇阳 112.0 116.0 135.0 90.0 90.0 88.0 363.0 268.0 631.0
31313 黄桢栩 108.0 93.0 130.0 74.0 85.0 75.0 331.0 234.0 565.0
31314 黄柱铭 100.0 89.0 102.0 67.0 68.0 62.0 291.0 197.0 488.0
31315 赖浩锋 105.0 128.0 132.0 90.0 93.0 77.0 365.0 260.0 625.0
31317 林耿烨 103.0 109.0 127.0 81.0 87.0 68.0 339.0 236.0 575.0
31318 林炜钿 106.0 76.0 97.0 55.0 71.0 65.0 279.0 191.0 470.0
31319 林业渺 101.0 89.0 95.0 63.0 72.0 68.0 285.0 203.0 488.0
31320 林子棉 97.0 106.0 111.0 82.0 91.0 88.0 314.0 261.0 575.0
31321 刘佳彤 107.0 84.0 113.0 66.0 77.0 62.0 304.0 205.0 509.0
31322 刘珊 97.0 98.0 118.0 71.0 85.0 83.0 313.0 239.0 552.0
31323 陆齐 104.0 106.0 134.0 79.0 80.0 60.0 344.0 219.0 563.0
31324 马丹泓 105.0 56.0 92.0 60.0 34.0 59.0 253.0 153.0 406.0
31325 马伟根 106.0 115.0 125.0 81.0 90.0 78.0 346.0 249.0 595.0
31326 欧斐斐 103.0 108.0 133.0 64.0 90.0 76.0 344.0 230.0 574.0
31327 宋伊钿 106.0 87.0 115.0 66.0 66.0 49.0 308.0 181.0 489.0
31328 苏昉 110.0 79.0 121.0 69.0 86.0 71.0 310.0 226.0 536.0
31329 孙佳笙 113.0 77.0 122.0 70.0 90.0 65.0 312.0 225.0 537.0
31330 孙隽源 104.0 125.0 128.0 85.0 87.0 80.0 357.0 252.0 609.0
31331 吴国炀 107.0 81.0 120.0 66.0 73.0 69.0 308.0 208.0 516.0
31332 吴铭泓 105.0 89.0 119.0 85.0 92.0 74.0 313.0 251.0 564.0
31333 吴任诚 103.0 68.0 126.0 48.0 49.0 49.0 297.0 146.0 443.0
31334 吴之林 115.0 94.0 114.0 64.0 80.0 76.0 323.0 220.0 543.0
31335 肖林昕 93.0 39.0 118.0 33.0 37.0 62.0 250.0 132.0 382.0
31336 谢键焕 101.0 129.0 117.0 84.0 93.0 70.0 347.0 247.0 594.0
31338 徐略 107.0 65.0 103.0 41.0 46.0 60.0 275.0 147.0 422.0
31339 徐紫丹 104.0 82.0 118.0 63.0 78.0 59.0 304.0 200.0 504.0
31340 许锦涛 111.0 96.0 107.0 73.0 91.0 84.0 314.0 248.0 562.0
31341 许稚芝 102.0 93.0 122.0 62.0 72.0 73.0 317.0 207.0 524.0
31342 许宗蕾 88.0 59.0 114.0 42.0 58.0 46.0 261.0 146.0 407.0
31343 颜舒洁 110.0 79.0 123.0 39.0 49.0 63.0 312.0 151.0 463.0
31344 羊恩跃 104.0 123.0 112.0 77.0 85.0 71.0 339.0 233.0 572.0
31345 杨璐洁 119.0 90.0 118.0 62.0 76.0 74.0 327.0 212.0 539.0
31346 杨宓 113.0 95.0 126.0 69.0 83.0 73.0 334.0 225.0 559.0
31347 杨晓虹 119.0 86.0 123.0 56.0 76.0 66.0 328.0 198.0 526.0
31348 姚佳宜 107.0 102.0 117.0 85.0 83.0 69.0 326.0 237.0 563.0
31349 姚星宇 104.0 94.0 125.0 58.0 86.0 57.0 323.0 201.0 524.0
31350 姚映苗 103.0 105.0 129.0 66.0 84.0 76.0 337.0 226.0 563.0
31351 余嘉梓 114.0 86.0 115.0 82.0 78.0 67.0 315.0 227.0 542.0
31352 曾博宇 110.0 127.0 135.0 94.0 94.0 81.0 372.0 269.0 641.0
31354 曾坚锐 115.0 90.0 113.0 66.0 84.0 59.0 318.0 209.0 527.0
31355 曾妍 108.0 84.0 116.0 73.0 86.0 51.0 308.0 210.0 518.0
31356 詹海鹏 110.0 115.0 117.0 86.0 89.0 72.0 342.0 247.0 589.0
31357 詹絮素 94.0 85.0 121.0 59.0 82.0 62.0 300.0 203.0 503.0
31358 张泽恩 102.0 90.0 110.0 39.0 68.0 62.0 302.0 169.0 471.0
31359 章智秋 105.0 124.0 106.0 86.0 94.0 77.0 335.0 257.0 592.0
31360 郑少锐 94.0 77.0 101.0 63.0 70.0 61.0 272.0 194.0 466.0
31361 郑泽明 117.0 104.0 119.0 73.0 90.0 68.0 340.0 231.0 571.0
31362 庄鸿鑫 112.0 111.0 123.0 93.0 93.0 82.0 346.0 268.0 614.0
31401 陈岱芃 112.0 94.0 137.0 80.0 83.0 73.0 343.0 236.0 579.0
31402 陈端华 99.0 103.0 121.0 69.0 76.0 61.0 323.0 206.0 529.0
31403 陈挥遒 95.0 92.0 114.0 47.0 76.0 52.0 301.0 175.0 476.0
31404 陈建诚 107.0 117.0 126.0 87.0 73.0 85.0 350.0 245.0 595.0
31405 陈沛峰 105.0 87.0 100.0 66.0 70.0 39.0 292.0 175.0 467.0
31406 陈芃 105.0 92.0 121.0 73.0 87.0 58.0 318.0 218.0 536.0
31407 陈铄霓 114.0 92.0 120.0 68.0 76.0 67.0 326.0 211.0 537.0
31409 陈泽伟 100.0 94.0 124.0 82.0 92.0 75.0 318.0 249.0 567.0
31410 陈喆慧 107.0 78.0 109.0 75.0 83.0 63.0 294.0 221.0 515.0
31411 陈至渲 114.0 102.0 127.0 90.0 82.0 89.0 343.0 261.0 604.0
31412 陈佐治 115.0 129.0 130.0 99.0 85.0 70.0 374.0 254.0 628.0
31413 邓昱聪 107.0 107.0 123.0 69.0 70.0 70.0 337.0 209.0 546.0
31414 邓泽淳 103.0 75.0 116.0 74.0 66.0 63.0 294.0 203.0 497.0
31415 冯嘉俊 102.0 86.0 109.0 85.0 84.0 87.0 297.0 256.0 553.0
31416 龚泽颖 115.0 95.0 122.0 78.0 89.0 78.0 332.0 245.0 577.0
31417 郭冰桦 112.0 95.0 135.0 70.0 86.0 63.0 342.0 219.0 561.0
31418 黄恩童 115.0 89.0 121.0 50.0 84.0 65.0 325.0 199.0 524.0
31419 黄桂凤 113.0 95.0 112.0 63.0 56.0 61.0 320.0 180.0 500.0
31420 江锦虹 105.0 97.0 116.0 89.0 87.0 87.0 318.0 263.0 581.0
31421 李佳晟 107.0 103.0 134.0 59.0 81.0 68.0 344.0 208.0 552.0
31422 李楠 99.0 100.0 121.0 86.0 80.0 78.0 320.0 244.0 564.0
31423 李舒婷 101.0 88.0 115.0 63.0 78.0 72.0 304.0 213.0 517.0
31424 李易熹 123.0 71.0 137.0 82.0 81.0 77.0 331.0 240.0 571.0
31425 林泓 97.0 119.0 105.0 76.0 86.0 54.0 321.0 216.0 537.0
31426 林可依 112.0 109.0 121.0 66.0 68.0 59.0 342.0 193.0 535.0
31427 林珮汝 105.0 105.0 114.0 81.0 80.0 63.0 324.0 224.0 548.0
31428 林心玥 106.0 71.0 127.0 49.0 65.0 62.0 304.0 176.0 480.0
31429 刘硕霓 110.0 99.0 121.0 78.0 96.0 82.0 330.0 256.0 586.0
31430 刘易恺 99.0 131.0 125.0 73.0 85.0 69.0 355.0 227.0 582.0
31431 卢琳绵 97.0 88.0 122.0 72.0 71.0 77.0 307.0 220.0 527.0
31432 吕远东 109.0 102.0 119.0 75.0 81.0 62.0 330.0 218.0 548.0
31433 马旭民 101.0 118.0 119.0 92.0 86.0 76.0 338.0 254.0 592.0
31434 麦泽涵 120.0 122.0 118.0 91.0 93.0 73.0 360.0 257.0 617.0
31435 邱鸿鑫 102.0 82.0 126.0 74.0 85.0 66.0 310.0 225.0 535.0
31436 邱诗钿 108.0 89.0 107.0 42.0 44.0 57.0 304.0 143.0 447.0
31437 邱梓妍 107.0 99.0 125.0 73.0 75.0 75.0 331.0 223.0 554.0
31438 谭妍真 105.0 87.0 116.0 67.0 77.0 69.0 308.0 213.0 521.0
31439 王毓佳 99.0 99.0 110.0 68.0 68.0 76.0 308.0 212.0 520.0
31440 吴昊 105.0 56.0 127.0 34.0 37.0 39.0 288.0 110.0 398.0
31441 吴浩瀚 104.0 85.0 105.0 79.0 80.0 62.0 294.0 221.0 515.0
31442 吴彤君 98.0 100.0 122.0 57.0 54.0 45.0 320.0 156.0 476.0
31443 肖培亮 115.0 91.0 129.0 93.0 93.0 81.0 335.0 267.0 602.0
31444 谢碧瑶 115.0 115.0 121.0 66.0 88.0 75.0 351.0 229.0 580.0
31445 辛杨淳 105.0 124.0 115.0 65.0 75.0 67.0 344.0 207.0 551.0
31446 徐国玮 110.0 104.0 124.0 75.0 80.0 72.0 338.0 227.0 565.0
31447 徐铤 114.0 120.0 126.0 90.0 94.0 64.0 360.0 248.0 608.0
31448 许凯涵 102.0 105.0 127.0 62.0 75.0 53.0 334.0 190.0 524.0
31449 许正纲 102.0 85.0 90.0 51.0 64.0 61.0 277.0 176.0 453.0
31450 杨琳 108.0 69.0 115.0 47.0 80.0 67.0 292.0 194.0 486.0
31451 杨泽仪 115.0 90.0 123.0 68.0 88.0 56.0 328.0 212.0 540.0
31452 姚广濠 116.0 121.0 129.0 85.0 85.0 73.0 366.0 243.0 609.0
31453 叶济东 100.0 80.0 132.0 66.0 65.0 64.0 312.0 195.0 507.0
31454 叶洋 100.0 70.0 116.0 67.0 74.0 53.0 286.0 194.0 480.0
31455 余旭玮 106.0 94.0 117.0 46.0 65.0 56.0 317.0 167.0 484.0
31456 曾思沛 97.0 109.0 106.0 72.0 84.0 70.0 312.0 226.0 538.0
31457 张睿博 103.0 102.0 113.0 74.0 81.0 69.0 318.0 224.0 542.0
31458 章炫锐 117.0 113.0 126.0 82.0 92.0 80.0 356.0 254.0 610.0
31459 章梓烨 99.0 84.0 116.0 52.0 52.0 50.0 299.0 154.0 453.0
31460 郑康 95.0 101.0 113.0 70.0 83.0 70.0 309.0 223.0 532.0
31461 郑宇婷 106.0 87.0 117.0 55.0 81.0 73.0 310.0 209.0 519.0
31462 庄泽达 105.0 30.0 102.0 23.0 18.0 18.0 237.0 59.0 296.0
31501 蔡嘉煜 106.0 73.0 107.0 70.0 74.0 54.0 286.0 198.0 484.0
31502 陈力 103.0 76.0 111.0 80.0 69.0 76.0 290.0 225.0 515.0
31503 陈梦琪 111.0 108.0 124.0 79.0 91.0 79.0 343.0 249.0 592.0
31504 陈培铭 112.0 102.0 122.0 76.0 90.0 81.0 336.0 247.0 583.0
31505 陈佩恋 104.0 95.0 118.0 74.0 68.0 82.0 317.0 224.0 541.0
31506 陈斯哲 107.0 110.0 119.0 94.0 94.0 79.0 336.0 267.0 603.0
31507 陈文浩 114.0 113.0 129.0 83.0 91.0 80.0 356.0 254.0 610.0
31508 陈漪皓 103.0 93.0 119.0 65.0 78.0 45.0 315.0 188.0 503.0
31509 陈溢煌 102.0 98.0 110.0 78.0 75.0 74.0 310.0 227.0 537.0
31510 陈梓轩 105.0 78.0 111.0 78.0 65.0 65.0 294.0 208.0 502.0
31511 程晓婷 114.0 126.0 128.0 82.0 88.0 81.0 368.0 251.0 619.0
31512 杜浜弘 92.0 76.0 112.0 59.0 51.0 62.0 280.0 172.0 452.0
31513 杜佳锴 101.0 117.0 103.0 54.0 82.0 56.0 321.0 192.0 513.0
31514 方宇驰 96.0 102.0 110.0 74.0 81.0 70.0 308.0 225.0 533.0
31515 高越 102.0 110.0 123.0 79.0 86.0 70.0 335.0 235.0 570.0
31516 洪戈 111.0 119.0 122.0 73.0 87.0 81.0 352.0 241.0 593.0
31517 黄向鸿 108.0 122.0 113.0 54.0 63.0 57.0 343.0 174.0 517.0
31518 黄泽山 99.0 92.0 87.0 58.0 65.0 50.0 278.0 173.0 451.0
31519 黄梓彤 119.0 106.0 124.0 71.0 81.0 56.0 349.0 208.0 557.0
31520 柯金宏 113.0 121.0 120.0 85.0 76.0 75.0 354.0 236.0 590.0
31521 赖炜豪 97.0 99.0 116.0 86.0 94.0 74.0 312.0 254.0 566.0
31522 李涵 106.0 93.0 114.0 87.0 71.0 63.0 313.0 221.0 534.0
31523 李沐峻 90.0 92.0 115.0 64.0 68.0 53.0 297.0 185.0 482.0
31524 李润熹 97.0 111.0 128.0 73.0 84.0 71.0 336.0 228.0 564.0
31525 李舒婷 114.0 91.0 131.0 72.0 86.0 80.0 336.0 238.0 574.0
31526 李梓煌 106.0 74.0 112.0 77.0 82.0 76.0 292.0 235.0 527.0
31527 林钗 97.0 99.0 124.0 57.0 81.0 66.0 320.0 204.0 524.0
31528 林若欣 103.0 106.0 129.0 62.0 88.0 70.0 338.0 220.0 558.0
31529 林爽 100.0 96.0 127.0 71.0 80.0 70.0 323.0 221.0 544.0
31530 刘粉婷 101.0 120.0 123.0 88.0 88.0 71.0 344.0 247.0 591.0
31531 刘烨桦 96.0 88.0 130.0 61.0 70.0 63.0 314.0 194.0 508.0
31532 彭瀚锟 107.0 91.0 96.0 56.0 73.0 71.0 294.0 200.0 494.0
31533 邱霜晓 96.0 85.0 112.0 54.0 72.0 57.0 293.0 183.0 476.0
31534 沈晓琦 107.0 102.0 120.0 82.0 83.0 63.0 329.0 228.0 557.0
31535 王曙丹 105.0 97.0 123.0 58.0 84.0 57.0 325.0 199.0 524.0
31536 王泽翔 94.0 93.0 108.0 67.0 78.0 69.0 295.0 214.0 509.0
31537 翁梓洪 99.0 66.0 90.0 37.0 26.0 53.0 255.0 116.0 371.0
31538 吴林瀚 107.0 105.0 101.0 75.0 87.0 64.0 313.0 226.0 539.0
31539 夏梓斌 101.0 57.0 96.0 42.0 52.0 53.0 254.0 147.0 401.0
31540 谢梦霞 110.0 83.0 119.0 57.0 75.0 75.0 312.0 207.0 519.0
31541 谢泳凯 111.0 133.0 132.0 100.0 96.0 94.0 376.0 290.0 666.0
31542 谢植煌 99.0 91.0 110.0 69.0 77.0 62.0 300.0 208.0 508.0
31543 徐国瑞 106.0 95.0 120.0 78.0 82.0 59.0 321.0 219.0 540.0
31544 许欢 105.0 79.0 118.0 65.0 71.0 84.0 302.0 220.0 522.0
31545 许越 99.0 87.0 125.0 65.0 73.0 60.0 311.0 198.0 509.0
31546 杨小嬉 99.0 91.0 126.0 56.0 81.0 73.0 316.0 210.0 526.0
31547 杨铮楷 114.0 96.0 113.0 63.0 83.0 76.0 323.0 222.0 545.0
31548 姚喆仪 107.0 105.0 111.0 68.0 84.0 80.0 323.0 232.0 555.0
31549 袁若瑶 121.0 113.0 119.0 68.0 70.0 79.0 353.0 217.0 570.0
31550 曾少擎 98.0 101.0 120.0 62.0 80.0 76.0 319.0 218.0 537.0
31551 曾欣哲 110.0 104.0 130.0 76.0 78.0 65.0 344.0 219.0 563.0
31552 张志鹏 99.0 101.0 114.0 85.0 92.0 85.0 314.0 262.0 576.0
31553 赵晓冰 107.0 67.0 120.0 53.0 66.0 77.0 294.0 196.0 490.0
31554 郑帆 105.0 102.0 123.0 80.0 84.0 75.0 330.0 239.0 569.0
31555 郑杰 101.0 125.0 121.0 96.0 93.0 86.0 347.0 275.0 622.0
31556 郑婕 111.0 104.0 125.0 73.0 81.0 62.0 340.0 216.0 556.0
31557 郑钧璟 108.0 101.0 137.0 70.0 84.0 64.0 346.0 218.0 564.0
31558 郑丽璇 105.0 108.0 128.0 78.0 86.0 77.0 341.0 241.0 582.0
31559 郑婷芝 106.0 115.0 112.0 76.0 87.0 54.0 333.0 217.0 550.0
31560 郑鑫海 113.0 101.0 120.0 68.0 73.0 75.0 334.0 216.0 550.0
31561 周健驰 103.0 89.0 110.0 75.0 82.0 79.0 302.0 236.0 538.0
31562 邹丹纯 116.0 83.0 131.0 54.0 71.0 67.0 330.0 192.0 522.0
31601 蔡慈瀚 112.0 126.0 129.0 93.0 86.0 69.0 367.0 248.0 615.0
31602 蔡君悦 111.0 89.0 116.0 60.0 71.0 62.0 316.0 193.0 509.0
31603 陈东晗 98.0 92.0 125.0 86.0 79.0 57.0 315.0 222.0 537.0
31604 陈佳伶 108.0 96.0 123.0 85.0 69.0 67.0 327.0 221.0 548.0
31605 陈佳盈 111.0 97.0 115.0 69.0 81.0 57.0 323.0 207.0 530.0
31606 陈力 105.0 101.0 130.0 81.0 90.0 68.0 336.0 239.0 575.0
31607 陈敏儿 107.0 117.0 123.0 82.0 93.0 78.0 347.0 253.0 600.0
31608 陈派捷 97.0 104.0 112.0 70.0 76.0 57.0 313.0 203.0 516.0
31609 陈日 102.0 82.0 109.0 74.0 56.0 74.0 293.0 204.0 497.0
31611 陈莹 104.0 88.0 125.0 55.0 75.0 76.0 317.0 206.0 523.0
31612 陈滢 107.0 89.0 119.0 70.0 92.0 76.0 315.0 238.0 553.0
31613 陈梓鑫 101.0 85.0 123.0 62.0 61.0 63.0 309.0 186.0 495.0
31614 方浩锴 101.0 103.0 128.0 63.0 83.0 68.0 332.0 214.0 546.0
31615 黄谷 106.0 89.0 125.0 73.0 75.0 67.0 320.0 215.0 535.0
31616 黄浩扬 110.0 128.0 128.0 81.0 84.0 81.0 366.0 246.0 612.0
31617 黄锐敏 100.0 110.0 128.0 76.0 75.0 67.0 338.0 218.0 556.0
31618 黄少邑 107.0 79.0 126.0 66.0 80.0 72.0 312.0 218.0 530.0
31619 黄舒乐 106.0 68.0 116.0 47.0 66.0 57.0 290.0 170.0 460.0
31620 江佳仪 105.0 106.0 120.0 84.0 90.0 78.0 331.0 252.0 583.0
31621 李嘉鑫 101.0 83.0 110.0 73.0 83.0 80.0 294.0 236.0 530.0
31622 李琳丹 120.0 95.0 109.0 63.0 69.0 79.0 324.0 211.0 535.0
31623 李暄婷 105.0 100.0 124.0 46.0 62.0 63.0 329.0 171.0 500.0
31624 李奕 102.0 51.0 125.0 50.0 52.0 54.0 278.0 156.0 434.0
31625 廖骊涵 107.0 102.0 126.0 65.0 71.0 65.0 335.0 201.0 536.0
31626 廖澍镔 103.0 111.0 123.0 92.0 95.0 88.0 337.0 275.0 612.0
31627 林灿荣 104.0 102.0 115.0 77.0 59.0 68.0 321.0 204.0 525.0
31628 林冠之 109.0 90.0 116.0 69.0 77.0 79.0 315.0 225.0 540.0
31629 林楠 100.0 99.0 106.0 84.0 84.0 68.0 305.0 236.0 541.0
31630 林树红 106.0 97.0 123.0 62.0 86.0 68.0 326.0 216.0 542.0
31631 林仪 104.0 67.0 122.0 51.0 67.0 65.0 293.0 183.0 476.0
31632 林意 108.0 103.0 122.0 39.0 80.0 69.0 333.0 188.0 521.0
31633 刘思煌 115.0 117.0 129.0 85.0 94.0 87.0 361.0 266.0 627.0
31634 刘奕 104.0 82.0 116.0 82.0 66.0 71.0 302.0 219.0 521.0
31635 刘泽 99.0 91.0 86.0 67.0 77.0 64.0 276.0 208.0 484.0
31636 柳婷 115.0 117.0 125.0 99.0 97.0 88.0 357.0 284.0 641.0
31637 卢开书 107.0 119.0 137.0 81.0 77.0 68.0 363.0 226.0 589.0
31638 马润青 110.0 118.0 131.0 91.0 86.0 62.0 359.0 239.0 598.0
31639 彭灏 105.0 83.0 123.0 76.0 75.0 69.0 311.0 220.0 531.0
31640 孙熹珣 117.0 109.0 117.0 65.0 74.0 78.0 343.0 217.0 560.0
31641 孙烨 107.0 87.0 136.0 75.0 86.0 66.0 330.0 227.0 557.0
31642 王海槟 101.0 110.0 120.0 80.0 79.0 83.0 331.0 242.0 573.0
31643 王晓钟 105.0 103.0 117.0 86.0 87.0 72.0 325.0 245.0 570.0
31644 王雨青 103.0 115.0 115.0 63.0 88.0 64.0 333.0 215.0 548.0
31645 吴毅聪 102.0 78.0 111.0 55.0 74.0 56.0 291.0 185.0 476.0
31646 吴梓帆 108.0 121.0 119.0 95.0 92.0 79.0 348.0 266.0 614.0
31647 谢尘沐 107.0 77.0 124.0 73.0 81.0 72.0 308.0 226.0 534.0
31648 谢锦珮 104.0 71.0 118.0 27.0 60.0 61.0 293.0 148.0 441.0
31649 谢小雪 117.0 87.0 126.0 90.0 80.0 81.0 330.0 251.0 581.0
31650 谢奕纯 102.0 92.0 117.0 33.0 61.0 56.0 311.0 150.0 461.0
31651 杨涵 95.0 67.0 112.0 70.0 77.0 68.0 274.0 215.0 489.0
31652 姚采妮 103.0 87.0 114.0 69.0 83.0 73.0 304.0 225.0 529.0
31653 余泽泰 102.0 101.0 121.0 80.0 97.0 76.0 324.0 253.0 577.0
31654 张泽琳 111.0 118.0 138.0 69.0 88.0 79.0 367.0 236.0 603.0
31655 张泽宇 109.0 98.0 128.0 82.0 86.0 76.0 335.0 244.0 579.0
31656 章婉仪 118.0 94.0 128.0 79.0 86.0 72.0 340.0 237.0 577.0
31657 赵先铎 101.0 125.0 124.0 90.0 88.0 84.0 350.0 262.0 612.0
31658 郑涵禧 109.0 87.0 117.0 63.0 73.0 65.0 313.0 201.0 514.0
31660 郑镇灏 103.0 95.0 112.0 70.0 84.0 66.0 310.0 220.0 530.0
31661 郑重 97.0 110.0 102.0 67.0 80.0 60.0 309.0 207.0 516.0
31662 朱俊宇 97.0 73.0 101.0 52.0 72.0 76.0 271.0 200.0 471.0
31663 庄声锐 93.0 76.0 106.0 57.0 36.0 50.0 275.0 143.0 418.0
31701 蔡金沛 102.0 92.0 116.0 58.0 82.0 54.0 310.0 194.0 504.0
31702 蔡俊峰 104.0 93.0 122.0 83.0 69.0 72.0 319.0 224.0 543.0
31703 曹宇韬 107.0 82.0 108.0 56.0 61.0 63.0 297.0 180.0 477.0
31704 陈大立 104.0 106.0 114.0 75.0 92.0 73.0 324.0 240.0 564.0
31705 陈浩杰 96.0 64.0 116.0 71.0 74.0 75.0 276.0 220.0 496.0
31706 陈沛润 108.0 107.0 115.0 79.0 78.0 78.0 330.0 235.0 565.0
31707 陈锐 106.0 104.0 132.0 82.0 81.0 76.0 342.0 239.0 581.0
31708 陈烁 95.0 84.0 105.0 60.0 84.0 67.0 284.0 211.0 495.0
31709 陈学诚 107.0 89.0 126.0 83.0 85.0 71.0 322.0 239.0 561.0
31710 陈韫颖 101.0 88.0 132.0 48.0 64.0 60.0 321.0 172.0 493.0
31711 陈泽鑫 87.0 63.0 103.0 34.0 34.0 25.0 253.0 93.0 346.0
31712 陈中一 105.0 111.0 108.0 90.0 83.0 72.0 324.0 245.0 569.0
31713 何伊慧 111.0 93.0 126.0 74.0 83.0 67.0 330.0 224.0 554.0
31714 侯思涵 118.0 83.0 118.0 69.0 57.0 78.0 319.0 204.0 523.0
31715 黄彬霆 107.0 83.0 116.0 77.0 78.0 65.0 306.0 220.0 526.0
31716 黄丹 69.0 26.0 90.0 26.0 18.0 20.0 185.0 64.0 249.0
31717 黄光炳 15.0 0 0 0 0 0 0 0 0
31718 黄慧敏 104.0 112.0 120.0 83.0 86.0 86.0 336.0 255.0 591.0
31719 黄思翰 105.0 127.0 113.0 77.0 84.0 73.0 345.0 234.0 579.0
31720 黄伟纯 112.0 79.0 112.0 71.0 78.0 64.0 303.0 213.0 516.0
31721 黄莹 108.0 117.0 112.0 79.0 70.0 63.0 337.0 212.0 549.0
31722 黄梓芸 101.0 70.0 114.0 38.0 48.0 51.0 285.0 137.0 422.0
31723 江相渝 103.0 77.0 100.0 53.0 80.0 68.0 280.0 201.0 481.0
31724 李洁瀚 92.0 118.0 123.0 76.0 86.0 73.0 333.0 235.0 568.0
31725 林仰 107.0 93.0 122.0 72.0 79.0 69.0 322.0 220.0 542.0
31726 林雍权 104.0 84.0 112.0 85.0 83.0 78.0 300.0 246.0 546.0
31727 刘嘉鑫 110.0 59.0 105.0 50.0 56.0 55.0 274.0 161.0 435.0
31728 卢荣泰 110.0 115.0 122.0 88.0 97.0 79.0 347.0 264.0 611.0
31729 卢仪蕊 109.0 91.0 119.0 67.0 74.0 58.0 319.0 199.0 518.0
31730 马学盈 125.0 96.0 122.0 58.0 91.0 73.0 343.0 222.0 565.0
31731 马直先 103.0 91.0 114.0 71.0 87.0 70.0 308.0 228.0 536.0
31732 麦博 107.0 122.0 133.0 77.0 88.0 87.0 362.0 252.0 614.0
31733 欧阳生 105.0 121.0 115.0 78.0 89.0 74.0 341.0 241.0 582.0
31734 彭琪 104.0 119.0 98.0 71.0 66.0 81.0 321.0 218.0 539.0
31735 佘晓环 104.0 94.0 113.0 61.0 66.0 56.0 311.0 183.0 494.0
31736 王基鸿 110.0 110.0 113.0 85.0 90.0 84.0 333.0 259.0 592.0
31737 王俊澎 110.0 84.0 123.0 92.0 87.0 85.0 317.0 264.0 581.0
31738 王烔毅 104.0 89.0 98.0 67.0 87.0 74.0 291.0 228.0 519.0
31739 王钰 111.0 94.0 115.0 58.0 69.0 66.0 320.0 193.0 513.0
31740 王真子 113.0 103.0 120.0 67.0 77.0 70.0 336.0 214.0 550.0
31741 吴俊翰 109.0 103.0 113.0 72.0 83.0 84.0 325.0 239.0 564.0
31742 吴彤沛 96.0 63.0 109.0 48.0 81.0 76.0 268.0 205.0 473.0
31743 吴伟霞 111.0 98.0 125.0 61.0 84.0 73.0 334.0 218.0 552.0
31744 谢锶琦 103.0 106.0 118.0 75.0 71.0 65.0 327.0 211.0 538.0
31745 许锶妍 116.0 95.0 120.0 68.0 67.0 46.0 331.0 181.0 512.0
31746 许奕烁 103.0 74.0 111.0 37.0 50.0 53.0 288.0 140.0 428.0
31747 许哲浩 101.0 91.0 120.0 80.0 80.0 77.0 312.0 237.0 549.0
31748 杨铠翔 106.0 99.0 92.0 83.0 84.0 72.0 297.0 239.0 536.0
31749 杨腾 100.0 68.0 110.0 28.0 24.0 60.0 278.0 112.0 390.0
31750 姚佳妮 109.0 92.0 116.0 64.0 75.0 88.0 317.0 227.0 544.0
31751 张纯 98.0 105.0 123.0 77.0 76.0 73.0 326.0 226.0 552.0
31752 张锐翰 109.0 65.0 115.0 40.0 63.0 52.0 289.0 155.0 444.0
31754 张奕 98.0 63.0 116.0 40.0 49.0 56.0 277.0 145.0 422.0
31755 张翼 105.0 93.0 111.0 82.0 70.0 65.0 309.0 217.0 526.0
31756 章家竣 105.0 102.0 121.0 88.0 92.0 82.0 328.0 262.0 590.0
31757 郑慈香 109.0 91.0 112.0 56.0 77.0 70.0 312.0 203.0 515.0
31758 郑曼燕 105.0 80.0 122.0 49.0 88.0 47.0 307.0 184.0 491.0
31759 郑铭 105.0 95.0 112.0 49.0 49.0 51.0 312.0 149.0 461.0
31761 周锴捷 100.0 88.0 126.0 77.0 94.0 76.0 314.0 247.0 561.0
31762 庄本熙 101.0 89.0 107.0 81.0 63.0 64.0 297.0 208.0 505.0
31763 黄钰莹 105.0 94.0 115.0 70.0 95.0 60.0 314.0 225.0 539.0
31764 王宏 99.0 87.0 128.0 78.0 83.0 79.0 314.0 240.0 554.0
31801 陈鸿飞 110.0 90.0 109.0 57.0 83.0 70.0 309.0 210.0 519.0
31802 陈家思 103.0 90.0 109.0 77.0 88.0 67.0 302.0 232.0 534.0
31803 陈立芃 102.0 88.0 125.0 75.0 69.0 57.0 315.0 201.0 516.0
31804 陈齐骏 35.0 48.0 0 0 0 42.0 0 0 0
31805 陈润铎 103.0 86.0 112.0 48.0 64.0 64.0 301.0 176.0 477.0
31806 陈润楷 102.0 111.0 123.0 81.0 72.0 60.0 336.0 213.0 549.0
31807 陈鑫冰 113.0 81.0 116.0 49.0 69.0 79.0 310.0 197.0 507.0
31808 陈永佳 110.0 95.0 118.0 90.0 94.0 77.0 323.0 261.0 584.0
31809 陈元嘉 103.0 100.0 102.0 78.0 83.0 62.0 305.0 223.0 528.0
31810 冯钰冰 104.0 71.0 122.0 55.0 59.0 63.0 297.0 177.0 474.0
31811 何畅 97.0 51.0 107.0 30.0 34.0 35.0 255.0 99.0 354.0
31812 黄怀瑶 111.0 90.0 119.0 49.0 77.0 67.0 320.0 193.0 513.0
31813 黄凯鹏 0 0 108.0 0 0 0 0 0 0
31814 黄昕仪 110.0 129.0 135.0 80.0 85.0 81.0 374.0 246.0 620.0
31815 黄泽宇 105.0 83.0 111.0 45.0 65.0 65.0 299.0 175.0 474.0
31816 康思妹 112.0 72.0 119.0 50.0 84.0 77.0 303.0 211.0 514.0
31817 孔雪欣 101.0 90.0 119.0 53.0 82.0 59.0 310.0 194.0 504.0
31818 赖淑凌 99.0 89.0 110.0 58.0 80.0 51.0 298.0 189.0 487.0
31819 李俊 101.0 97.0 120.0 67.0 79.0 57.0 318.0 203.0 521.0
31820 李楠 110.0 108.0 120.0 72.0 90.0 75.0 338.0 237.0 575.0
31821 李蔚东 99.0 120.0 131.0 93.0 91.0 70.0 350.0 254.0 604.0
31822 李昕 96.0 108.0 108.0 77.0 70.0 77.0 312.0 224.0 536.0
31823 连泓杰 102.0 108.0 126.0 78.0 88.0 63.0 336.0 229.0 565.0
31824 林泓 92.0 91.0 122.0 77.0 87.0 61.0 305.0 225.0 530.0
31825 林培润 100.0 88.0 104.0 41.0 55.0 53.0 292.0 149.0 441.0
31826 林绮娜 115.0 113.0 119.0 70.0 91.0 91.0 347.0 252.0 599.0
31827 林昕 113.0 100.0 128.0 62.0 89.0 73.0 341.0 224.0 565.0
31828 林奕敏 99.0 103.0 113.0 72.0 93.0 82.0 315.0 247.0 562.0
31829 林泽辉 92.0 106.0 108.0 70.0 83.0 82.0 306.0 235.0 541.0
31830 林泽炜 111.0 110.0 114.0 90.0 88.0 82.0 335.0 260.0 595.0
31831 林增瑞 107.0 93.0 119.0 68.0 82.0 69.0 319.0 219.0 538.0
31832 刘丁玮 82.0 115.0 120.0 91.0 92.0 70.0 317.0 253.0 570.0
31833 卢呈焕 85.0 97.0 104.0 62.0 77.0 62.0 286.0 201.0 487.0
31834 卢智扬 100.0 77.0 119.0 46.0 47.0 57.0 296.0 150.0 446.0
31835 罗亿权 98.0 76.0 119.0 39.0 72.0 53.0 293.0 164.0 457.0
31836 邱乐思 110.0 86.0 126.0 77.0 87.0 77.0 322.0 241.0 563.0
31837 佘涵 119.0 90.0 121.0 66.0 90.0 68.0 330.0 224.0 554.0
31838 汤钰瑛 103.0 64.0 118.0 59.0 64.0 64.0 285.0 187.0 472.0
31839 王佩佩 114.0 97.0 125.0 88.0 86.0 87.0 336.0 261.0 597.0
31840 王思佳 113.0 100.0 123.0 87.0 89.0 73.0 336.0 249.0 585.0
31841 王晓泽 109.0 83.0 102.0 65.0 52.0 58.0 294.0 175.0 469.0
31842 王振东 98.0 130.0 117.0 98.0 93.0 85.0 345.0 276.0 621.0
31843 王子瑜 106.0 103.0 116.0 67.0 71.0 71.0 325.0 209.0 534.0
31844 吴绍邦 96.0 94.0 122.0 74.0 86.0 76.0 312.0 236.0 548.0
31845 吴水滇 106.0 100.0 112.0 61.0 79.0 50.0 318.0 190.0 508.0
31846 吴晓琪 101.0 77.0 114.0 66.0 76.0 57.0 292.0 199.0 491.0
31847 吴昕 110.0 82.0 121.0 67.0 63.0 54.0 313.0 184.0 497.0
31848 谢昱康 110.0 100.0 110.0 92.0 79.0 75.0 320.0 246.0 566.0
31849 姚少云 107.0 75.0 95.0 57.0 52.0 61.0 277.0 170.0 447.0
31850 余博浩 75.0 80.0 104.0 66.0 62.0 36.0 259.0 164.0 423.0
31851 曾泓燊 102.0 105.0 116.0 79.0 93.0 69.0 323.0 241.0 564.0
31852 曾佳泓 103.0 70.0 106.0 72.0 79.0 69.0 279.0 220.0 499.0
31853 曾琳 110.0 88.0 124.0 65.0 76.0 62.0 322.0 203.0 525.0
31854 曾宪瀚 105.0 77.0 92.0 48.0 58.0 65.0 274.0 171.0 445.0
31855 曾伊琳 96.0 82.0 116.0 58.0 64.0 56.0 294.0 178.0 472.0
31856 张随娜 102.0 84.0 125.0 61.0 83.0 60.0 311.0 204.0 515.0
31857 张育铭 97.0 94.0 115.0 71.0 90.0 68.0 306.0 229.0 535.0
31858 章滢蓥 115.0 106.0 124.0 79.0 90.0 80.0 345.0 249.0 594.0
31859 郑任翔 97.0 107.0 130.0 60.0 89.0 68.0 334.0 217.0 551.0
31860 郑子昂 105.0 83.0 117.0 56.0 68.0 57.0 305.0 181.0 486.0
31861 钟浩川 108.0 100.0 118.0 81.0 96.0 69.0 326.0 246.0 572.0
31862 周苑婷 105.0 102.0 124.0 82.0 89.0 70.0 331.0 241.0 572.0
31863 庄妍 115.0 95.0 129.0 69.0 94.0 81.0 339.0 244.0 583.0
31901 蔡育铮 107.0 131.0 121.0 76.0 88.0 89.0 359.0 253.0 612.0
31902 蔡卓颖 102.0 92.0 120.0 61.0 79.0 72.0 314.0 212.0 526.0
31903 陈功超 101.0 66.0 110.0 30.0 55.0 33.0 277.0 118.0 395.0
31904 陈浩宇 105.0 103.0 112.0 85.0 77.0 78.0 320.0 240.0 560.0
31905 陈红 114.0 97.0 125.0 83.0 92.0 79.0 336.0 254.0 590.0
31906 陈嘉杭 104.0 68.0 124.0 46.0 69.0 61.0 296.0 176.0 472.0
31907 陈锴灏 122.0 116.0 116.0 65.0 91.0 69.0 354.0 225.0 579.0
31908 陈孟耀 101.0 64.0 119.0 44.0 47.0 43.0 284.0 134.0 418.0
31909 陈伟杰 106.0 120.0 135.0 88.0 97.0 83.0 361.0 268.0 629.0
31910 陈宇霏 106.0 110.0 122.0 62.0 53.0 63.0 338.0 178.0 516.0
31911 陈卓妮 102.0 84.0 118.0 60.0 81.0 69.0 304.0 210.0 514.0
31912 杜振超 101.0 114.0 121.0 91.0 94.0 79.0 336.0 264.0 600.0
31913 方家颖 113.0 69.0 125.0 54.0 71.0 70.0 307.0 195.0 502.0
31914 郭佳鑫 115.0 111.0 129.0 87.0 93.0 94.0 355.0 274.0 629.0
31915 黄超铄 98.0 65.0 110.0 68.0 85.0 72.0 273.0 225.0 498.0
31916 黄海铭 103.0 78.0 92.0 46.0 0 0 273.0 0 0
31917 黄融杰 108.0 123.0 125.0 81.0 96.0 76.0 356.0 253.0 609.0
31918 黄晓琦 108.0 70.0 124.0 74.0 66.0 53.0 302.0 193.0 495.0
31920 黄泽锴 89.0 38.0 67.0 23.0 34.0 49.0 194.0 106.0 300.0
31921 纪沛桐 110.0 85.0 107.0 88.0 83.0 61.0 302.0 232.0 534.0
31922 李岱谚 102.0 119.0 127.0 88.0 91.0 86.0 348.0 265.0 613.0
31923 李光泽 96.0 78.0 118.0 52.0 59.0 51.0 292.0 162.0 454.0
31924 李鸿 112.0 82.0 117.0 90.0 86.0 73.0 311.0 249.0 560.0
31925 李林昕 107.0 107.0 131.0 84.0 69.0 68.0 345.0 221.0 566.0
31926 李欣然 124.0 85.0 126.0 64.0 83.0 74.0 335.0 221.0 556.0
31927 李鑫 108.0 81.0 110.0 45.0 63.0 50.0 299.0 158.0 457.0
31928 李彦腾 105.0 110.0 124.0 76.0 80.0 47.0 339.0 203.0 542.0
31929 林坚生 101.0 88.0 119.0 44.0 60.0 74.0 308.0 178.0 486.0
31930 林乐贤 116.0 104.0 130.0 63.0 81.0 71.0 350.0 215.0 565.0
31931 林萌子 98.0 120.0 128.0 89.0 90.0 78.0 346.0 257.0 603.0
31932 林银虹 110.0 91.0 128.0 67.0 88.0 58.0 329.0 213.0 542.0
31933 林岳青 108.0 102.0 123.0 56.0 73.0 60.0 333.0 189.0 522.0
31934 卢晓杰 109.0 132.0 130.0 88.0 81.0 81.0 371.0 250.0 621.0
31935 马思昀 108.0 92.0 119.0 70.0 92.0 80.0 319.0 242.0 561.0
31936 彭丽妹 111.0 74.0 122.0 48.0 72.0 56.0 307.0 176.0 483.0
31937 彭扬帆 104.0 101.0 121.0 83.0 85.0 70.0 326.0 238.0 564.0
31938 沈桂菱 120.0 110.0 105.0 61.0 84.0 89.0 335.0 234.0 569.0
31939 沈益聪 101.0 129.0 130.0 60.0 63.0 66.0 360.0 189.0 549.0
31940 苏思澄 95.0 117.0 97.0 86.0 76.0 49.0 309.0 211.0 520.0
31941 苏泽坤 94.0 82.0 91.0 46.0 56.0 42.0 267.0 144.0 411.0
31942 王璐 113.0 115.0 125.0 93.0 83.0 75.0 353.0 251.0 604.0
31943 王梓琦 84.0 84.0 107.0 81.0 89.0 81.0 275.0 251.0 526.0
31944 文渲 95.0 87.0 111.0 68.0 85.0 61.0 293.0 214.0 507.0
31945 翁涵 113.0 107.0 106.0 70.0 79.0 84.0 326.0 233.0 559.0
31946 吴虹燕 102.0 60.0 113.0 44.0 68.0 56.0 275.0 168.0 443.0
31947 吴佳銮 119.0 105.0 136.0 77.0 81.0 72.0 360.0 230.0 590.0
31948 吴怡玫 97.0 89.0 97.0 59.0 80.0 71.0 283.0 210.0 493.0
31949 谢罗瀚 96.0 85.0 90.0 56.0 54.0 46.0 271.0 156.0 427.0
31950 谢泽钊 89.0 87.0 104.0 67.0 65.0 49.0 280.0 181.0 461.0
31951 徐润峰 109.0 96.0 103.0 76.0 76.0 75.0 308.0 227.0 535.0
31952 许滨楠 110.0 107.0 117.0 84.0 85.0 71.0 334.0 240.0 574.0
31953 许玫 115.0 91.0 126.0 73.0 73.0 67.0 332.0 213.0 545.0
31954 许子源 117.0 61.0 106.0 48.0 52.0 58.0 284.0 158.0 442.0
31955 杨利秋 104.0 104.0 114.0 76.0 92.0 57.0 322.0 225.0 547.0
31956 余子涵 104.0 77.0 117.0 67.0 70.0 59.0 298.0 196.0 494.0
31957 曾奕楠 97.0 75.0 108.0 51.0 71.0 49.0 280.0 171.0 451.0
31958 张超逸 92.0 105.0 113.0 66.0 80.0 81.0 310.0 227.0 537.0
31959 张曼琪 108.0 85.0 117.0 55.0 72.0 67.0 310.0 194.0 504.0
31960 赵彦纯 113.0 99.0 116.0 48.0 93.0 71.0 328.0 212.0 540.0
31961 郑钧漾 105.0 82.0 108.0 59.0 68.0 62.0 295.0 189.0 484.0
31962 郑玮涛 101.0 97.0 118.0 66.0 76.0 82.0 316.0 224.0 540.0
31963 郑锨淇 104.0 116.0 135.0 71.0 79.0 67.0 355.0 217.0 572.0
31964 庄开翔 105.0 99.0 122.0 81.0 76.0 68.0 326.0 225.0 551.0
32001 蔡佳琪 97.0 72.0 107.0 76.0 74.0 67.0 276.0 217.0 493.0
32002 蔡淑玲 101.0 71.0 120.0 57.0 82.0 73.0 292.0 212.0 504.0
32003 蔡伟龙 102.0 114.0 127.0 76.0 68.0 42.0 343.0 186.0 529.0
32004 陈博涵 107.0 102.0 117.0 83.0 96.0 74.0 326.0 253.0 579.0
32005 陈畅洪 102.0 58.0 98.0 58.0 66.0 52.0 258.0 176.0 434.0
32006 陈润洋 101.0 103.0 108.0 80.0 86.0 73.0 312.0 239.0 551.0
32007 陈思桦 109.0 102.0 132.0 78.0 71.0 56.0 343.0 205.0 548.0
32008 陈雪仪 105.0 123.0 114.0 71.0 90.0 89.0 342.0 250.0 592.0
32009 洪奕祥 101.0 108.0 125.0 73.0 78.0 70.0 334.0 221.0 555.0
32010 胡期升 106.0 96.0 133.0 88.0 90.0 76.0 335.0 254.0 589.0
32011 黄斌伟 105.0 97.0 112.0 76.0 92.0 63.0 314.0 231.0 545.0
32012 黄洪雯 93.0 81.0 123.0 45.0 79.0 60.0 297.0 184.0 481.0
32013 黄敏华 103.0 99.0 111.0 59.0 83.0 52.0 313.0 194.0 507.0
32014 黄舜娴 104.0 100.0 123.0 79.0 88.0 74.0 327.0 241.0 568.0
32015 黄于峻 93.0 66.0 100.0 51.0 61.0 50.0 259.0 162.0 421.0
32016 纪梓荣 99.0 88.0 105.0 31.0 62.0 59.0 292.0 152.0 444.0
32017 李东烁 92.0 98.0 108.0 74.0 89.0 64.0 298.0 227.0 525.0
32018 李洁 102.0 110.0 126.0 83.0 95.0 76.0 338.0 254.0 592.0
32019 李易霖 97.0 83.0 117.0 60.0 83.0 49.0 297.0 192.0 489.0
32020 李治 104.0 110.0 123.0 93.0 94.0 69.0 337.0 256.0 593.0
32021 李卓明 101.0 121.0 121.0 86.0 94.0 76.0 343.0 256.0 599.0
32022 林佳煌 98.0 99.0 112.0 70.0 83.0 71.0 309.0 224.0 533.0
32023 林钦鸿 103.0 126.0 119.0 68.0 84.0 75.0 348.0 227.0 575.0
32024 林小琪 115.0 103.0 122.0 72.0 92.0 81.0 340.0 245.0 585.0
32025 林烨 103.0 100.0 125.0 74.0 91.0 74.0 328.0 239.0 567.0
32026 刘艾莉 104.0 115.0 121.0 90.0 92.0 93.0 340.0 275.0 615.0
32027 刘旭东 106.0 96.0 110.0 91.0 94.0 64.0 312.0 249.0 561.0
32028 刘依菁 105.0 111.0 124.0 66.0 80.0 67.0 340.0 213.0 553.0
32029 刘悦韵 106.0 104.0 125.0 75.0 86.0 75.0 335.0 236.0 571.0
32030 马洪量 105.0 96.0 117.0 72.0 80.0 56.0 318.0 208.0 526.0
32031 马茵茵 97.0 96.0 108.0 42.0 74.0 43.0 301.0 159.0 460.0
32032 潘莹涵 102.0 96.0 115.0 50.0 46.0 63.0 313.0 159.0 472.0
32033 沈敏勇 107.0 118.0 121.0 93.0 94.0 82.0 346.0 269.0 615.0
32034 沈晓燕 104.0 111.0 119.0 76.0 84.0 73.0 334.0 233.0 567.0
32035 苏诚章 96.0 93.0 123.0 84.0 89.0 79.0 312.0 252.0 564.0
32036 唐梦洋 91.0 50.0 96.0 41.0 50.0 53.0 237.0 144.0 381.0
32037 王灿杜 107.0 92.0 126.0 73.0 81.0 61.0 325.0 215.0 540.0
32038 王鸿吉 106.0 86.0 111.0 50.0 69.0 46.0 303.0 165.0 468.0
32039 王杰鑫 108.0 122.0 111.0 83.0 91.0 68.0 341.0 242.0 583.0
32040 王泽锴 108.0 66.0 109.0 30.0 49.0 44.0 283.0 123.0 406.0
32041 王子铟 113.0 110.0 137.0 74.0 86.0 78.0 360.0 238.0 598.0
32042 吴斯彤 102.0 83.0 123.0 58.0 84.0 66.0 308.0 208.0 516.0
32043 吴泽锐 112.0 118.0 138.0 99.0 85.0 91.0 368.0 275.0 643.0
32044 谢锦珊 106.0 112.0 121.0 58.0 92.0 83.0 339.0 233.0 572.0
32045 谢铠羽 103.0 88.0 133.0 54.0 73.0 64.0 324.0 191.0 515.0
32046 谢婉婷 108.0 103.0 122.0 51.0 59.0 65.0 333.0 175.0 508.0
32047 谢懿锐 104.0 91.0 120.0 73.0 68.0 73.0 315.0 214.0 529.0
32048 徐英芸 105.0 90.0 124.0 58.0 80.0 60.0 319.0 198.0 517.0
32049 许晓刚 108.0 126.0 123.0 89.0 91.0 79.0 357.0 259.0 616.0
32050 许永泓 118.0 127.0 124.0 85.0 97.0 91.0 369.0 273.0 642.0
32051 颜莞尔 108.0 87.0 112.0 70.0 78.0 82.0 307.0 230.0 537.0
32052 姚树耿 111.0 108.0 125.0 72.0 88.0 81.0 344.0 241.0 585.0
32053 姚悦扬 104.0 105.0 118.0 56.0 67.0 46.0 327.0 169.0 496.0
32054 余钊 101.0 57.0 113.0 45.0 75.0 58.0 271.0 178.0 449.0
32055 詹金伟 94.0 62.0 103.0 41.0 68.0 49.0 259.0 158.0 417.0
32056 张皓洵 113.0 90.0 135.0 75.0 74.0 78.0 338.0 227.0 565.0
32057 张扬 108.0 78.0 110.0 70.0 87.0 81.0 296.0 238.0 534.0
32058 张奕欣 98.0 48.0 116.0 26.0 55.0 47.0 262.0 128.0 390.0
32059 郑铠 87.0 97.0 107.0 78.0 82.0 72.0 291.0 232.0 523.0
32060 郑哲然 114.0 102.0 122.0 93.0 94.0 73.0 338.0 260.0 598.0
32061 周泽妍 113.0 92.0 115.0 59.0 77.0 78.0 320.0 214.0 534.0
32062 周子毓 102.0 69.0 119.0 70.0 63.0 42.0 290.0 175.0 465.0
