30401 陈柏林 88 87 116 55 58 48 291 161 452
30402 陈东晓 109 22 102 74 66 60 233 200 433
30403 陈冬仪 114 69 117 49 58 61 300 168 468
30405 陈淑妍 116 93 123 75 59 82 332 216 548
30406 胡楷宇 111 63 98 81 50 48 272 179 451
30407 胡昱 107 72 131 79 77 67 310 223 533
30408 黄艾琪 105 94 131 89 73 82 330 244 574
30409 黄狄林 116 95 117 56 66 73 328 195 523
30410 黄琳婷 110 81 122 36 63 65 313 164 477
30411 黄云进 109 85 106 81 62 69 300 212 512
30412 纪慧煊 109 68 118 65 73 61 295 199 494
30413 蓝玉奇 109 78 126 64 54 53 313 171 484
30414 李宏森 101 71 88 37 43 42 260 122 382
30415 李艺晴 115 96 127 78 61 62 338 201 539
30416 李兆捷 113 81 108 75 82 58 302 215 517
30417 林达 112 75 120 74 77 70 307 221 528
30418 林镜辉 105 63 106 59 57 57 274 173 447
30419 林永佳 94 68 103 49 47 51 265 147 412
30420 林昱霖 87 112 108 90 86 76 307 252 559
30421 林泽楷 109 72 106 89 73 79 287 241 528
30422 刘琳菲 108 87 108 54 62 59 303 175 478
30424 卢涵 103 60 107 62 70 55 270 187 457
30425 卢昕玥 106 78 118 62 67 65 302 194 496
30426 卢彦宇 103 65 99 76 67 51 267 194 461
30427 罗亦宋 95 52 119 54 67 66 266 187 453
30428 麦扬 101 56 111 51 74 48 268 173 441
30429 邵彦程 89 65 91 45 27 53 245 125 370
30430 沈丹琼 109 69 131 106 83 80 309 269 578
30431 王磊 109 93 126 69 74 80 328 223 551
30432 王震霆 91 67 96 30 42 25 254 97 351
30433 韦昕澄 121 106 131 92 78 87 358 257 615
30434 魏桐曦 99 65 122 95 61 70 286 226 512
30435 翁铭捷 88 57 117 52 52 41 262 145 407
30436 吴洁兰 0 0 0 0 0 0 0 0 0
30437 吴婕洵 114 75 125 63 45 72 314 180 494
30438 吴郁楠 101 63 112 63 71 60 276 194 470
30439 吴泽峰 95 95 116 67 58 62 306 187 493
30440 吴植慧 108 55 89 28 33 35 252 96 348
30441 谢庆欣 108 66 116 55 59 59 290 173 463
30442 辛孜玫 119 81 111 65 60 64 311 189 500
30443 徐浩锴 111 77 121 71 49 41 309 161 470
30444 许可淳 121 100 139 90 86 77 360 253 613
30445 许林菁 119 76 109 55 74 68 304 197 501
30446 许统辉 92 61 95 67 61 58 248 186 434
30447 许旭东 116 96 132 89 76 62 344 227 571
30448 杨博锐 101 54 108 38 43 57 263 138 401
30449 杨乔 107 65 99 39 42 63 271 144 415
30450 杨宇镔 94 67 102 29 43 47 263 119 382
30451 杨芷涵 112 96 133 82 65 63 341 210 551
30452 姚楷炫 111 71 119 73 87 58 301 218 519
30453 张若涵 119 91 131 63 59 64 341 186 527
30454 张雪妍 99 73 119 53 52 45 291 150 441
30455 赵明明 102 53 118 68 67 60 273 195 468
30456 赵晓明 105 71 118 54 67 47 294 168 462
30457 郑沐林 107 86 125 81 83 80 318 244 562
30459 钟献彪 117 89 116 55 70 51 322 176 498
30460 周梓勃 110 90 122 88 64 72 322 224 546
30461 朱丹琪 120 101 126 81 70 70 347 221 568
30462 庄漪婷 100 71 109 52 59 44 280 155 435
30501 蔡苑虹 108 85 114 74 66 73 307 213 520
30502 陈福溢 108 71 130 65 34 67 309 166 475
30503 陈泓 102 72 118 62 41 36 292 139 431
30504 陈佳泓 102 84 114 86 50 53 300 189 489
30505 陈嘉胜 103 55 106 42 43 54 264 139 403
30506 陈丽娜 115 76 109 79 50 53 300 182 482
30507 陈沛震 96 73 107 52 71 47 276 170 446
30508 陈乔林 101 66 114 82 39 68 281 189 470
30509 陈疏桐 119 91 137 96 76 80 347 252 599
30510 陈欣洋 110 65 94 50 18 41 269 109 378
30511 陈雅琪 106 97 117 69 57 54 320 180 500
30512 陈一凡 89 88 110 88 84 78 287 250 537
30514 陈煜琳 109 75 121 82 32 70 305 184 489
30515 陈梓瀚 113 70 94 68 56 69 277 193 470
30516 陈梓霓 112 87 115 71 60 57 314 188 502
30517 陈梓宇 106 94 122 71 68 67 322 206 528
30518 方灿鸿 106 54 120 66 55 60 280 181 461
30519 郭梓淇 108 56 108 49 33 51 272 133 405
30520 黄泓鉴 107 94 128 99 63 72 329 234 563
30522 黄式铨 105 82 117 58 66 62 304 186 490
30523 黄孜睿 101 69 125 62 71 68 295 201 496
30524 江卓聪 113 76 128 82 67 69 317 218 535
30525 李依璘 107 71 129 56 56 60 307 172 479
30526 李子聪 97 78 126 65 60 79 301 204 505
30527 林钡钡 111 95 104 68 70 59 310 197 507
30528 林洁萍 104 68 113 83 81 65 285 229 514
30529 林煜涛 96 92 87 88 45 57 275 190 465
30530 林泽滢 108 71 119 69 40 69 298 178 476
30531 刘榕飒 104 71 118 73 66 67 293 206 499
30532 陆凡冰 114 103 121 89 70 68 338 227 565
30533 马万里 96 65 106 54 43 44 267 141 408
30534 马伟涛 116 83 116 93 68 66 315 227 542
30535 潘俞霏 109 75 126 89 59 70 310 218 528
30536 沈哲沛 97 61 112 73 56 42 270 171 441
30537 孙玮 96 63 115 78 58 63 274 199 473
30538 王楠 0 0 0 0 0 0 0 0 0
30539 王天乐 110 60 102 55 39 44 272 138 410
30540 吴博 114 71 121 83 80 74 306 237 543
30541 吴佳芸 114 54 116 73 62 39 284 174 458
30542 吴淇升 99 75 110 72 62 71 284 205 489
30543 吴易达 102 90 110 73 56 55 302 184 486
30544 肖泽楷 118 74 114 53 64 65 306 182 488
30545 谢函瀚 113 40 118 47 49 65 271 161 432
30547 谢思婷 105 81 128 58 60 69 314 187 501
30548 谢育锋 100 73 111 64 61 61 284 186 470
30549 徐芷欣 110 68 121 71 56 71 299 198 497
30550 杨昕 115 80 109 64 58 77 304 199 503
30551 姚雪萍 105 64 100 44 31 37 269 112 381
30552 姚逸峰 101 78 114 67 58 53 293 178 471
30553 余泓涛 100 66 99 45 47 63 265 155 420
30554 余珮镕 107 65 116 54 60 49 288 163 451
30556 张基烨 113 80 126 89 58 68 319 215 534
30557 张锦河 109 70 98 74 73 74 277 221 498
30558 张子斌 108 84 107 75 75 62 299 212 511
30559 张宗泽 104 77 121 79 89 64 302 232 534
30560 郑涵 123 83 130 88 65 75 336 228 564
30561 郑主加 89 66 104 44 42 52 259 138 397
30562 钟婉灵 109 63 106 67 46 55 278 168 446
30563 周哲 97 107 116 91 68 54 320 213 533
30601 蔡楚怡 107 81 118 58 49 55 306 162 468
30602 蔡瀚锋 109 102 113 70 60 51 324 181 505
30603 蔡弋炀 106 82 108 81 77 68 296 226 522
30604 陈金涛 117 103 117 74 53 59 337 186 523
30605 陈谨 116 58 120 52 40 45 294 137 431
30606 陈庆 92 79 106 52 41 49 277 142 419
30607 陈帅琦 105 78 114 36 57 60 297 153 450
30608 陈锶涛 113 68 99 38 39 43 280 120 400
30609 陈雅文 104 83 127 70 51 58 314 179 493
30610 陈妍 115 80 125 63 40 61 320 164 484
30611 陈振霖 109 92 98 67 47 57 299 171 470
30612 陈震寅 92 89 89 90 75 76 270 241 511
30613 陈梓泓 106 92 107 91 69 60 305 220 525
30614 陈梓演 98 75 0 66 65 53 0 184 0
30615 戴德燊 107 68 119 81 56 38 294 175 469
30616 方家浩 113 74 104 79 60 53 291 192 483
30617 方玮绚 99 65 111 65 52 73 275 190 465
30618 方小涵 102 70 116 44 51 40 288 135 423
30619 方梓昊 100 73 99 51 49 52 272 152 424
30620 郭悦宁 103 69 108 41 37 52 280 130 410
30621 郭滋涵 78 25 57 24 19 44 160 87 247
30622 洪斯沛 112 56 122 48 65 42 290 155 445
30623 黄蔓蔓 109 69 106 72 43 43 284 158 442
30624 黄树炫 101 76 118 89 59 51 295 199 494
30625 黄晚至 96 81 122 69 76 58 299 203 502
30626 黄粤奇 103 68 114 52 47 40 285 139 424
30627 李传璞 101 59 119 62 69 68 279 199 478
30628 李科谋 100 75 122 87 59 54 297 200 497
30629 李婉宜 109 69 116 82 76 67 294 225 519
30630 李心彤 103 69 103 50 43 43 275 136 411
30631 梁婧 104 66 112 59 45 69 282 173 455
30632 林琦 111 72 110 57 52 47 293 156 449
30633 林润峰 93 56 110 38 51 30 259 119 378
30634 林烁 110 81 110 55 55 42 301 152 453
30635 林钰祺 91 73 111 55 73 45 275 173 448
30636 林泽聪 100 74 109 100 88 57 283 245 528
30637 林泽娜 105 56 119 56 48 54 280 158 438
30638 刘学智 107 64 111 75 51 54 282 180 462
30639 马思奇 111 55 101 52 60 59 267 171 438
30640 佘卓键 94 76 113 85 67 50 283 202 485
30641 沈畅泳 120 95 129 93 69 63 344 225 569
30642 汤庆琳 105 74 123 43 20 44 302 107 409
30643 王嘉如 119 55 121 55 63 58 295 176 471
30644 王琳 118 64 118 61 68 46 300 175 475
30645 王梓渲 113 72 116 60 73 69 301 202 503
30646 吴文澜 111 64 112 62 45 45 287 152 439
30647 吴妍 112 99 121 80 65 47 332 192 524
30648 许夏帆 112 99 125 97 69 65 336 231 567
30649 许烨琪 109 88 122 48 65 55 319 168 487
30650 杨金满 107 95 132 76 82 75 334 233 567
30651 杨壬 0 0 0 0 0 0 0 0 0
30652 杨依云 112 97 117 64 45 61 326 170 496
30653 蚁维聪 113 85 104 77 70 64 302 211 513
30654 余信荣 124 106 130 78 85 67 360 230 590
30655 喻子韬 116 74 106 80 73 48 296 201 497
30656 詹育东 107 85 103 57 54 68 295 179 474
30657 张棣炫 99 70 109 77 54 46 278 177 455
30658 张欣悦 113 71 112 68 70 65 296 203 499
30659 郑东能 111 88 115 109 75 81 314 265 579
30660 郑凯元 107 90 124 74 78 48 321 200 521
30661 郑泽楠 103 75 105 59 56 56 283 171 454
30662 钟贝琪 93 91 120 73 69 60 304 202 506
30663 周盈贝 0 0 0 0 0 0 0 0 0
30701 蔡博涵 92 79 97 68 66 46 268 180 448
30702 蔡琪 107 72 93 38 46 41 272 125 397
30703 蔡淑熙 103 82 118 47 46 57 303 150 453
30704 蔡晓仪 117 87 109 60 60 54 313 174 487
30705 蔡泽莹 97 82 112 52 56 60 291 168 459
30707 蔡至钿 102 74 121 54 59 47 297 160 457
30709 陈铎仑 112 96 121 76 77 72 329 225 554
30710 陈俊成 115 80 111 88 75 76 306 239 545
30711 陈思冰 103 88 106 50 40 44 297 134 431
30712 陈思桦 92 64 94 49 59 63 250 171 421
30713 陈武杰 93 66 98 69 49 50 257 168 425
30714 陈晓雯 111 89 129 85 82 75 329 242 571
30715 陈奕纯 102 76 120 61 63 65 298 189 487
30716 陈钟之 98 81 119 74 59 57 298 190 488
30717 陈梓博 106 87 113 67 65 57 306 189 495
30719 丁烜 97 64 94 53 44 50 255 147 402
30720 杜昕 109 74 122 65 59 61 305 185 490
30721 杜展 105 86 112 87 71 74 303 232 535
30722 郭枫阳 113 92 126 83 73 69 331 225 556
30723 洪欣苑 106 77 106 54 41 28 289 123 412
30724 洪梓昂 104 80 126 67 51 70 310 188 498
30725 黄心婷 100 86 112 71 60 48 298 179 477
30726 黄芷琳 105 83 133 50 66 55 321 171 492
30727 李博恩 110 81 127 95 65 66 318 226 544
30728 李恺寰 108 80 118 77 85 77 306 239 545
30729 李沛熙 98 125 109 101 85 76 332 262 594
30730 李翊亨 99 87 109 44 65 62 295 171 466
30731 林宏杰 101 85 108 58 53 65 294 176 470
30732 林熙 99 68 107 51 64 64 274 179 453
30733 林映含 114 76 126 72 78 57 316 207 523
30734 林芸 103 83 117 77 81 63 303 221 524
30735 刘乐欣 107 72 127 104 55 75 306 234 540
30736 刘依雯 95 65 105 40 25 55 265 120 385
30737 刘雨奇 125 75 132 80 80 67 332 227 559
30738 刘子烁 104 44 99 56 57 49 247 162 409
30739 陆伟坤 109 60 94 56 66 70 263 192 455
30740 马学宽 108 74 116 58 62 58 298 178 476
30741 彭博澄 107 82 118 78 78 52 307 208 515
30742 邱可盈 105 95 115 87 49 58 315 194 509
30743 佘晓仪 108 37 111 50 36 40 256 126 382
30745 苏烁航 92 94 98 62 61 53 284 176 460
30746 苏斯楠 92 83 106 73 71 71 281 215 496
30747 孙润楷 105 97 120 76 74 58 322 208 530
30748 吴佳生 103 90 120 83 64 68 313 215 528
30749 吴昕 98 71 114 46 57 42 283 145 428
30750 谢伟坤 108 65 113 68 72 70 286 210 496
30751 谢宗泰 98 55 102 67 40 42 255 149 404
30752 徐子媛 103 40 131 50 64 47 274 161 435
30753 许楷扬 96 63 115 67 63 64 274 194 468
30754 许艺瀛 103 48 129 80 73 70 280 223 503
30755 杨深林 113 70 101 79 57 78 284 214 498
30756 杨烨爽 112 95 115 85 73 61 322 219 541
30757 叶乐萱 114 95 146 98 81 82 355 261 616
30758 张睿 109 78 111 75 60 66 298 201 499
30759 张少伟 103 76 104 69 45 34 283 148 431
30760 张煜坚 94 74 121 44 44 47 289 135 424
30761 郑逸晖 105 84 127 69 70 76 316 215 531
30762 钟耿钦 96 85 105 75 50 63 286 188 474
30801 蔡筱蕊 109 54 124 62 61 63 287 186 473
30802 蔡奕桐 98 66 113 52 49 69 277 170 447
30803 蔡泽泓 106 58 117 85 68 70 281 223 504
30804 陈达可 112 78 0 0 0 0 0 0 0
30805 陈丹仪 114 93 112 90 79 78 319 247 566
30806 陈锴榆 95 60 106 53 54 72 261 179 440
30807 陈润慷 98 74 101 81 66 60 273 207 480
30808 陈淑芳 101 74 107 45 56 60 282 161 443
30809 陈彦宇 94 66 117 54 66 53 277 173 450
30810 陈钰琦 97 57 113 28 24 46 267 98 365
30811 陈志航 101 51 99 45 31 41 251 117 368
30812 单浩铭 99 77 118 57 55 53 294 165 459
30813 董煜然 0 0 0 0 0 0 0 0 0
30814 杜庚育 111 79 0 0 0 0 0 0 0
30815 方淑钰 0 0 0 0 0 0 0 0 0
30816 方殷锴 112 72 128 78 60 58 312 196 508
30817 葛颖 107 55 103 66 47 61 265 174 439
30818 郭粉红 108 90 112 62 51 54 310 167 477
30819 郭景瀚 112 71 118 60 55 58 301 173 474
30820 洪立强 112 60 105 47 34 41 277 122 399
30821 洪少锐 97 72 103 96 53 73 272 222 494
30822 黄端 100 97 0 0 0 0 0 0 0
30823 黄丰 114 78 112 77 48 61 304 186 490
30824 黄俊斐 105 76 98 94 64 61 279 219 498
30825 黄可欣 108 70 130 83 75 76 308 234 542
30826 金泽薰 108 76 114 73 78 71 298 222 520
30827 蓝旸 91 58 113 45 54 70 262 169 431
30828 林炳丽 103 72 0 0 0 0 0 0 0
30829 林栾荀 91 82 0 0 0 0 0 0 0
30830 林若彤 98 70 126 73 67 61 294 201 495
30831 林晓纯 103 82 130 77 67 67 315 211 526
30832 林钇 98 90 0 0 0 0 0 0 0
30833 林毓莹 118 66 118 42 61 67 302 170 472
30834 林泽凯 107 93 99 55 69 34 299 158 457
30835 刘尔嘉 101 65 112 83 68 71 278 222 500
30836 马旭宁 98 74 105 99 51 53 277 203 480
30837 彭诗妍 103 62 99 47 59 54 264 160 424
30838 宋洁榕 115 71 119 61 43 58 305 162 467
30839 王绿蔚 106 72 121 60 67 52 299 179 478
30840 王维佳 99 61 107 48 67 49 267 164 431
30841 王知往 90 68 116 68 48 58 274 174 448
30842 王志扬 103 66 107 67 46 65 276 178 454
30843 温一海 108 62 122 48 50 53 292 151 443
30844 吴丹妮 103 87 116 29 28 51 306 108 414
30845 吴赋 103 101 108 85 78 77 312 240 552
30846 吴润铭 109 60 102 65 68 61 271 194 465
30847 吴夏韵 108 53 96 69 48 52 257 169 426
30848 辛铄浩 100 62 109 77 60 60 271 197 468
30849 杨婷婷 107 70 108 37 69 54 285 160 445
30850 曾宇丹 105 100 0 0 0 0 0 0 0
30851 曾宇煌 103 65 111 61 46 54 279 161 440
30852 张晓斐 110 73 122 72 78 74 305 224 529
30853 张梓涵 109 83 114 82 59 62 306 203 509
30854 郑聪 103 60 119 69 50 68 282 187 469
30855 郑岱锋 104 63 97 43 27 42 264 112 376
30856 郑楷融 91 64 111 61 34 61 266 156 422
30857 郑欣琳 111 76 117 56 28 57 304 141 445
30858 郑宇平 104 74 117 69 45 55 295 169 464
30859 周弋钿 112 89 133 88 70 63 334 221 555
30862 邹彤彤 106 71 118 49 58 72 295 179 474
30901 蔡仰涵 109 84 115 70 59 83 308 212 520
30902 陈玳翊 101 67 96 64 54 68 264 186 450
30903 陈方梓淳 112 72 113 50 57 44 297 151 448
30904 陈俊锴 104 77 123 55 58 56 304 169 473
30905 陈铿 94 72 103 41 58 57 269 156 425
30906 陈琳 110 73 117 70 37 43 300 150 450
30907 陈淼泓 103 71 106 49 31 62 280 142 422
30908 陈诺 131 94 115 49 54 71 340 174 514
30909 陈申 109 82 128 84 78 65 319 227 546
30910 陈曦芃 109 55 108 59 57 48 272 164 436
30911 陈逸挺 101 69 96 45 43 41 266 129 395
30912 陈钰媛 0 0 0 0 0 0 0 0 0
30913 陈裕 91 58 97 46 42 52 246 140 386
30914 陈钊燚 114 81 114 90 64 61 309 215 524
30915 丁琪瑄 0 0 106 56 57 56 0 169 0
30916 丁泽晟 105 100 0 0 0 0 0 0 0
30917 董信步 102 73 105 78 61 62 280 201 481
30918 郭婉祺 95 97 130 83 54 74 322 211 533
30919 郭潇凯 107 82 126 83 63 58 315 204 519
30920 洪愿足 103 73 108 47 59 53 284 159 443
30921 黄川 111 81 120 74 58 56 312 188 500
30923 黄晓彤 96 37 123 29 21 26 256 76 332
30924 黄泽钦 96 92 109 85 77 65 297 227 524
30925 黄梓媛 117 74 116 58 74 64 307 196 503
30926 蓝菁 101 65 113 35 49 46 279 130 409
30927 李金洺 99 0 0 0 0 0 0 0 0
30928 李乐浩 93 80 102 60 57 48 275 165 440
30929 李泽銮 109 89 107 60 48 55 305 163 468
30930 林翰 87 72 107 41 51 59 266 151 417
30931 林洁娜 105 67 114 47 50 40 286 137 423
30932 林锦燕 117 79 123 71 71 66 319 208 527
30933 林仕居 108 96 136 91 68 60 340 219 559
30934 林铄浩 98 98 119 73 72 66 315 211 526
30935 林晓琪 107 78 134 68 56 66 319 190 509
30936 林依洁 111 65 113 55 59 51 289 165 454
30937 刘泳钊 95 41 109 28 32 35 245 95 340
30938 罗泽鑫 104 56 86 78 52 60 246 190 436
30939 欧阳苇航 104 76 117 102 68 77 297 247 544
30940 潘沛 95 79 112 54 42 65 286 161 447
30941 邱子涵 119 90 117 92 71 73 326 236 562
30942 芮滢 0 79 132 67 48 70 0 185 0
30943 沈子钦 103 53 123 56 51 61 279 168 447
30944 王逸楠 96 53 119 43 40 55 268 138 406
30945 王梓宜 101 70 93 67 40 56 264 163 427
30946 吴佳锡 105 81 113 91 59 67 299 217 516
30947 吴奕艾 99 65 95 64 41 28 259 133 392
30948 吴逸慈 127 139 136 108 87 89 402 284 686
30949 徐仰男 103 64 106 67 74 68 273 209 482
30950 杨亦茜 104 79 116 65 67 55 299 187 486
30951 姚炜琳 108 57 100 40 50 51 265 141 406
30952 余烁 98 81 114 68 61 62 293 191 484
30953 袁一欣 107 82 115 58 57 46 304 161 465
30954 曾慧宾 108 77 90 57 36 57 275 150 425
30955 张涵 119 102 129 96 76 77 350 249 599
30956 张禾 103 69 117 55 71 63 289 189 478
30957 郑瑞锐 114 108 133 96 90 76 355 262 617
30958 郑闻铎 96 55 100 74 52 51 251 177 428
30959 郑勋 105 74 116 0 0 0 295 0 0
30960 郑哲 0 0 0 0 0 0 0 0 0
30961 朱海平 98 49 107 64 24 52 254 140 394
30962 庄瑞临 108 78 102 66 60 64 288 190 478
31001 蔡凡 102 75 113 53 60 53 290 166 456
31002 蔡若珂 99 59 127 61 81 64 285 206 491
31004 蔡周峰 97 60 107 86 64 50 264 200 464
31005 陈蓓蓓 100 80 101 47 56 55 281 158 439
31006 陈钧哲 96 88 111 72 80 68 295 220 515
31007 陈树煜 93 53 97 72 52 66 243 190 433
31008 陈泰霖 94 85 119 88 71 75 298 234 532
31009 陈童菲 112 100 116 85 60 78 328 223 551
31010 陈泽锋 99 78 96 72 64 56 273 192 465
31011 陈泽锐 97 70 103 63 72 56 270 191 461
31012 池逸和 105 75 133 79 56 55 313 190 503
31013 杜鑫 102 80 114 66 56 68 296 190 486
31014 范冬倪 98 83 110 46 43 56 291 145 436
31015 房瑜仪 94 88 109 69 58 51 291 178 469
31016 高帅博 90 67 0 0 0 0 0 0 0
31017 黄钿津 79 66 86 38 29 31 231 98 329
31018 黄兰馨 95 79 116 81 75 62 290 218 508
31019 黄立涵 103 71 115 76 71 65 289 212 501
31020 黄泽瀚 109 88 119 68 66 51 316 185 501
31021 纪南帆 105 68 93 56 59 42 266 157 423
31022 纪欣格 97 85 114 74 70 43 296 187 483
31023 金敏桦 116 82 126 43 62 68 324 173 497
31024 李嘉桦 90 78 120 59 49 63 288 171 459
31025 李芷佳 123 51 118 55 51 54 292 160 452
31026 林翠环 110 88 112 52 63 72 310 187 497
31027 林丹娜 113 64 105 67 62 65 282 194 476
31028 林婷婷 111 91 125 62 61 70 327 193 520
31029 林钰 112 67 134 60 45 46 313 151 464
31030 林展锋 103 77 118 46 49 55 298 150 448
31031 林子潼 103 68 128 75 63 71 299 209 508
31032 刘派佳 113 67 119 55 51 51 299 157 456
31033 陆天宇 95 69 109 49 65 57 273 171 444
31034 马殊 109 75 123 54 43 58 307 155 462
31036 邱煜群 103 93 108 79 66 55 304 200 504
31037 王昊东 94 90 115 68 73 76 299 217 516
31038 王新荣 115 95 120 88 76 71 330 235 565
31039 王岳 102 55 112 50 52 64 269 166 435
31040 王芸 90 77 106 63 48 54 273 165 438
31041 翁培锴 106 77 118 80 76 70 301 226 527
31042 吴铭洵 110 54 112 38 50 61 276 149 425
31043 吴楠 100 63 117 51 68 68 280 187 467
31044 吴新仪 112 71 122 50 64 56 305 170 475
31045 夏立嘉 117 79 118 76 70 79 314 225 539
31046 辛焜媛 98 91 113 55 68 54 302 177 479
31047 辛源锋 0 0 0 0 0 0 0 0 0
31048 许思琪 92 74 117 55 38 56 283 149 432
31049 羊雪琪 103 95 122 81 73 68 320 222 542
31050 杨基石 107 65 112 71 43 58 284 172 456
31051 杨璐羽 110 81 108 64 60 55 299 179 478
31052 曾炀铃 114 85 119 62 53 33 318 148 466
31053 曾钰辉 0 0 0 0 0 0 0 0 0
31054 张森烔 89 56 113 48 24 45 258 117 375
31055 赵博瑄 101 50 108 18 24 44 259 86 345
31056 郑乐镔 93 79 105 74 55 51 277 180 457
31057 郑若晗 111 79 117 68 45 59 307 172 479
31058 郑少铭 0 0 0 0 0 0 0 0 0
31059 郑伟纯 116 101 123 98 93 70 340 261 601
31060 周宇程 0 0 0 0 0 0 0 0 0
31061 周之祺 118 79 0 0 0 0 0 0 0
31062 庄杰涛 116 97 130 107 85 72 343 264 607
31101 蔡滨 101 89 126 67 80 75 316 222 538
31102 曹耿槟 98 51 111 47 37 40 260 124 384
31103 陈浩钦 109 83 118 76 64 72 310 212 522
31104 陈洪昱 95 72 103 75 52 47 270 174 444
31105 陈令烨 110 77 126 71 61 61 313 193 506
31106 陈斯昂 109 136 140 103 92 81 385 276 661
31107 陈逸南 112 93 113 84 72 72 318 228 546
31108 陈逸天 111 60 118 68 65 56 289 189 478
31109 陈詠萩 105 73 135 80 76 71 313 227 540
31110 代桂敏 116 54 114 42 67 57 284 166 450
31111 方江鑫 119 78 115 80 75 62 312 217 529
31112 方武智 109 66 111 58 43 59 286 160 446
31113 高亦婷 113 69 117 51 27 41 299 119 418
31114 郭林凯 99 54 118 36 40 33 271 109 380
31115 黄航 98 98 116 90 68 66 312 224 536
31116 黄腾 99 65 102 41 38 43 266 122 388
31117 黄钰涵 103 58 111 56 39 50 272 145 417
31118 黄仲铖 91 72 99 37 61 42 262 140 402
31119 蓝欣悦 0 0 0 0 0 0 0 0 0
31120 李琳纯 107 68 113 42 58 59 288 159 447
31121 李世濠 99 53 103 56 61 64 255 181 436
31122 李晓琳 106 70 108 55 59 71 284 185 469
31123 李旭纯 106 77 127 87 68 71 310 226 536
31124 林德明 104 94 105 81 79 67 303 227 530
31125 林介山 104 83 92 78 55 65 279 198 477
31126 林琳 88 89 108 62 45 55 285 162 447
31127 林南裕 99 71 123 58 62 55 293 175 468
31128 林烁 106 75 100 63 50 70 281 183 464
31129 林媛 102 77 92 78 43 41 271 162 433
31130 林泽豪 109 92 119 77 66 58 320 201 521
31131 林曾越 103 104 109 79 75 69 316 223 539
31132 卢楠 100 55 111 47 31 40 266 118 384
31133 罗世跃 86 67 106 64 56 65 259 185 444
31134 佘晓洁 95 52 119 44 34 28 266 106 372
31135 宋畅 110 70 121 68 47 65 301 180 481
31136 苏梓禄 93 46 84 26 28 29 223 83 306
31137 孙可欣 113 82 118 80 69 59 313 208 521
31138 王冬梅 123 83 115 81 60 76 321 217 538
31139 王睿琪 110 79 103 72 65 72 292 209 501
31140 王松波 100 63 116 80 68 81 279 229 508
31141 王宇涵 103 74 131 85 73 74 308 232 540
31142 翁锐鹏 100 86 95 45 29 54 281 128 409
31143 翁慎喆 100 84 119 57 63 62 303 182 485
31144 吴吉莉 107 57 125 73 58 59 289 190 479
31145 吴锦涛 101 63 75 30 40 44 239 114 353
31146 吴泽钟 106 76 103 84 70 69 285 223 508
31147 肖涵 109 84 118 51 53 47 311 151 462
31148 肖芷雅 107 82 128 69 57 38 317 164 481
31149 谢冬纯 115 96 111 80 89 63 322 232 554
31150 谢晴 115 82 116 76 64 63 313 203 516
31151 徐子东 108 95 118 84 60 67 321 211 532
31152 杨薇 120 71 113 78 78 63 304 219 523
31153 杨艺霞 109 75 118 90 55 74 302 219 521
31154 姚曙凯 103 76 109 43 74 51 288 168 456
31155 曾扬航 89 77 115 49 69 51 281 169 450
31156 张新阳 114 64 99 96 85 63 277 244 521
31157 郑长河 95 54 108 58 57 69 257 184 441
31158 郑力中 119 84 125 87 69 70 328 226 554
31159 郑润华 116 97 120 52 73 82 333 207 540
31161 周锦煜 112 64 119 54 45 55 295 154 449
31201 陈健颖 106 90 110 91 80 85 306 256 562
31202 陈楠弘 105 66 100 53 61 56 271 170 441
31203 陈祈丹 97 73 104 44 9 48 274 101 375
31204 陈舒颖 108 100 123 86 71 74 331 231 562
31205 陈晓婷 96 77 119 49 50 44 292 143 435
31206 陈雅昕 101 80 131 103 82 75 312 260 572
31208 陈裕渊 102 82 0 0 0 0 0 0 0
31209 程梓 96 61 107 59 59 60 264 178 442
31210 池霖锋 103 77 103 69 64 59 283 192 475
31211 高丹敏 108 83 113 65 71 47 304 183 487
31212 洪耿鑫 96 63 99 71 66 56 258 193 451
31214 黄骏涵 103 57 86 58 48 60 246 166 412
31215 黄丽楠 96 62 105 48 36 42 263 126 389
31216 黄绵煌 102 51 113 49 64 55 266 168 434
31217 黄曦宇 104 68 103 51 50 42 275 143 418
31218 李洁淳 101 46 101 62 61 52 248 175 423
31219 李晓波 101 60 94 73 55 63 255 191 446
31221 李云山 113 91 116 71 77 47 320 195 515
31222 林翰韬 96 52 130 48 59 48 278 155 433
31223 林靖 117 93 128 88 77 80 338 245 583
31224 林敏英 116 58 120 81 79 63 294 223 517
31225 林汪灏 107 48 110 34 41 54 265 129 394
31226 林晓仰 109 62 118 63 70 29 289 162 451
31227 刘陈婷 111 91 125 76 53 70 327 199 526
31228 刘淇文 99 62 113 39 64 46 274 149 423
31229 刘逸璋 111 73 121 50 72 45 305 167 472
31230 罗立扬 100 80 117 78 76 71 297 225 522
31231 马尚霖 104 68 110 55 35 55 282 145 427
31232 沈楠 105 64 112 46 48 58 281 152 433
31233 孙奇 115 106 134 85 87 72 355 244 599
31234 孙泽鑫 108 66 93 53 54 41 267 148 415
31235 王锴 123 91 122 76 79 80 336 235 571
31236 王婉仪 115 57 113 57 42 56 285 155 440
31237 王炜 110 88 116 85 81 72 314 238 552
31238 王志鹏 117 74 123 73 66 52 314 191 505
31239 王梓菁 116 93 121 85 63 59 330 207 537
31240 翁子腾 94 72 112 76 44 52 278 172 450
31241 吴宏振 94 58 109 57 54 31 261 142 403
31242 吴捷健 122 118 136 97 89 77 376 263 639
31243 吴晓杰 97 111 117 95 84 73 325 252 577
31244 肖扬秀 115 67 122 74 68 66 304 208 512
31245 谢艾津 117 55 114 52 52 48 286 152 438
31246 谢泽杰 114 85 116 82 71 75 315 228 543
31247 许涵英 92 95 117 76 85 48 304 209 513
31248 许佳森 103 66 75 52 38 52 244 142 386
31249 许桐辉 123 46 109 61 54 47 278 162 440
31250 杨时骅 102 41 112 24 19 43 255 86 341
31251 杨时颖 92 54 118 57 70 64 264 191 455
31252 余洢彤 105 48 113 63 43 45 266 151 417
31253 曾婵娟 124 86 126 73 85 63 336 221 557
31254 张漫卿 96 43 93 30 45 36 232 111 343
31255 张睿莹 103 65 112 57 61 70 280 188 468
31256 张艺涵 102 63 104 73 65 58 269 196 465
31257 郑思思 96 70 107 46 61 54 273 161 434
31258 郑希彦 111 74 112 47 65 38 297 150 447
31259 郑以豪 107 84 98 62 78 60 289 200 489
31260 周名弦 112 133 124 102 86 77 369 265 634
31261 朱源腾 109 46 112 58 71 62 267 191 458
31262 朱越 114 68 123 82 78 74 305 234 539
31301 蔡祎晖 111 77 112 66 80 56 300 202 502
31302 蔡永杰 100 85 99 43 68 54 284 165 449
31303 蔡泽莎 111 77 120 76 75 53 308 204 512
31304 蔡芝恬 102 82 118 55 64 58 302 177 479
31305 陈璐 108 77 121 71 48 66 306 185 491
31306 陈冉 107 72 124 63 62 58 303 183 486
31307 陈文博 99 96 120 96 92 73 315 261 576
31308 陈宇铭 105 95 121 70 79 61 321 210 531
31309 陈岳彬 116 67 117 58 80 62 300 200 500
31310 郭剑豪 113 89 122 66 65 62 324 193 517
31311 黄凯丽 105 81 113 58 54 64 299 176 475
31312 黄宇阳 117 116 137 95 90 82 370 267 637
31313 黄桢栩 107 63 119 45 67 57 289 169 458
31314 黄柱铭 94 62 93 53 56 59 249 168 417
31315 赖浩锋 109 87 124 72 79 61 320 212 532
31316 李斯涵 0 0 0 0 0 0 0 0 0
31317 林耿烨 115 83 122 66 60 58 320 184 504
31318 林炜钿 102 86 104 32 65 58 292 155 447
31319 林业渺 92 73 107 42 56 61 272 159 431
31320 林子棉 104 70 107 62 56 65 281 183 464
31321 刘佳彤 112 70 106 41 59 67 288 167 455
31322 刘珊 108 86 128 53 69 58 322 180 502
31323 陆齐 110 71 114 79 63 53 295 195 490
31324 马丹泓 102 69 95 53 75 62 266 190 456
31325 马伟根 113 100 118 104 89 86 331 279 610
31326 欧斐斐 115 68 128 66 68 57 311 191 502
31327 宋伊钿 102 77 121 61 54 54 300 169 469
31328 苏昉 99 71 122 62 63 58 292 183 475
31330 孙隽源 111 96 127 92 84 70 334 246 580
31331 吴国炀 98 69 104 47 75 62 271 184 455
31332 吴铭泓 114 92 119 73 76 75 325 224 549
31333 吴任诚 91 77 112 37 33 41 280 111 391
31334 吴之林 118 76 113 75 60 68 307 203 510
31335 肖林昕 110 33 111 33 40 48 254 121 375
31336 谢键焕 110 90 116 92 68 69 316 229 545
31337 谢向川 0 0 0 0 0 0 0 0 0
31338 徐略 109 34 102 40 42 56 245 138 383
31339 徐紫丹 109 70 108 46 71 63 287 180 467
31340 许锦涛 106 83 110 85 77 72 299 234 533
31341 许稚芝 122 87 120 66 67 49 329 182 511
31342 许宗蕾 108 50 99 44 58 41 257 143 400
31343 颜舒洁 113 56 123 39 37 59 292 135 427
31344 羊恩跃 88 85 93 68 58 66 266 192 458
31345 杨璐洁 109 85 132 70 62 63 326 195 521
31346 杨宓 107 87 131 70 64 60 325 194 519
31347 杨晓虹 118 68 121 50 53 46 307 149 456
31348 姚佳宜 109 75 124 58 57 64 308 179 487
31349 姚星宇 99 81 114 55 62 45 294 162 456
31350 姚映苗 106 82 122 61 61 69 310 191 501
31351 余嘉梓 110 63 104 72 62 61 277 195 472
31352 曾博宇 111 108 127 99 84 83 346 266 612
31354 曾坚锐 111 76 108 68 73 53 295 194 489
31355 曾妍 104 88 116 25 60 64 308 149 457
31356 詹海鹏 108 112 121 92 80 70 341 242 583
31357 詹絮素 103 74 103 41 60 55 280 156 436
31358 张泽恩 108 84 106 32 49 49 298 130 428
31359 章智秋 109 88 116 91 74 67 313 232 545
31360 郑少锐 107 69 95 50 61 39 271 150 421
31361 郑泽明 99 90 119 58 76 70 308 204 512
31362 庄鸿鑫 114 93 119 87 78 76 326 241 567
31401 陈岱芃 108 50 142 80 66 52 300 198 498
31402 陈端华 113 70 122 52 72 47 305 171 476
31403 陈挥遒 95 66 97 46 53 47 258 146 404
31404 陈建诚 112 71 135 55 65 67 318 187 505
31405 陈沛峰 88 64 93 37 54 40 245 131 376
31406 陈芃 100 82 117 79 52 68 299 199 498
31407 陈铄霓 112 77 117 55 61 64 306 180 486
31408 陈奕希 108 67 117 56 59 48 292 163 455
31409 陈泽伟 107 53 116 65 62 76 276 203 479
31410 陈喆慧 109 88 99 68 52 49 296 169 465
31411 陈至渲 111 87 122 83 81 69 320 233 553
31412 陈佐治 122 93 139 95 84 67 354 246 600
31413 邓昱聪 104 67 112 78 43 41 283 162 445
31414 邓泽淳 102 68 99 51 51 45 269 147 416
31415 冯嘉俊 100 58 95 58 51 68 253 177 430
31416 龚泽颖 111 105 118 75 71 58 334 204 538
31417 郭冰桦 104 84 126 51 69 73 314 193 507
31418 黄恩童 107 69 109 73 69 38 285 180 465
31419 黄桂凤 106 88 103 50 44 48 297 142 439
31420 江锦虹 108 80 121 74 78 75 309 227 536
31421 李佳晟 113 96 124 64 72 56 333 192 525
31422 李楠 103 89 109 85 53 64 301 202 503
31423 李舒婷 104 72 117 63 51 69 293 183 476
31424 李易熹 116 77 124 80 79 62 317 221 538
31425 林泓 114 86 102 79 61 60 302 200 502
31426 林可依 106 85 108 84 58 39 299 181 480
31427 林珮汝 97 79 115 62 59 70 291 191 482
31428 林心玥 96 58 122 56 45 45 276 146 422
31429 刘硕霓 124 97 126 99 67 80 347 246 593
31430 刘易恺 117 112 112 108 86 63 341 257 598
31431 卢琳绵 117 65 120 67 77 64 302 208 510
31432 吕远东 104 79 110 70 63 61 293 194 487
31433 马旭民 105 75 109 68 75 79 289 222 511
31434 麦泽涵 123 101 123 65 71 69 347 205 552
31435 邱鸿鑫 93 67 115 79 57 65 275 201 476
31436 邱诗钿 99 58 98 48 40 36 255 124 379
31437 邱梓妍 102 87 130 72 64 62 319 198 517
31438 谭妍真 98 82 105 54 45 57 285 156 441
31439 王毓佳 117 48 93 62 52 78 258 192 450
31440 吴昊 100 44 118 29 43 61 262 133 395
31441 吴浩瀚 101 71 104 57 62 50 276 169 445
31442 吴彤君 106 76 112 44 69 30 294 143 437
31443 肖培亮 105 80 123 87 77 80 308 244 552
31444 谢碧瑶 101 87 126 76 65 68 314 209 523
31445 辛杨淳 104 73 116 75 61 74 293 210 503
31446 徐国玮 101 85 107 61 52 50 293 163 456
31447 徐铤 107 97 127 74 90 66 331 230 561
31448 许凯涵 95 58 115 48 62 61 268 171 439
31449 许正纲 85 75 75 40 63 59 235 162 397
31450 杨琳 102 57 105 52 56 47 264 155 419
31451 杨泽仪 109 60 113 72 71 43 282 186 468
31452 姚广濠 105 76 132 83 67 68 313 218 531
31453 叶济东 115 86 123 60 53 44 324 157 481
31454 叶洋 103 55 96 77 78 65 254 220 474
31455 余旭玮 110 62 114 23 52 62 286 137 423
31456 曾思沛 99 82 109 55 45 52 290 152 442
31457 张睿博 98 73 105 58 60 58 276 176 452
31458 章炫锐 115 81 119 87 65 64 315 216 531
31459 章梓烨 0 0 0 0 0 0 0 0 0
31460 郑康 99 72 104 63 72 53 275 188 463
31461 郑宇婷 111 60 114 56 57 64 285 177 462
31462 庄泽达 100 34 90 11 31 23 224 65 289
31501 蔡嘉煜 93 63 100 67 43 37 256 147 403
31502 陈力 116 66 105 51 84 69 287 204 491
31503 陈梦琪 109 87 131 97 61 74 327 232 559
31504 陈培铭 107 89 105 45 41 67 301 153 454
31505 陈佩恋 109 86 102 65 59 65 297 189 486
31506 陈斯哲 81 75 101 70 42 67 257 179 436
31507 陈文浩 100 74 109 79 86 74 283 239 522
31508 陈漪皓 112 83 119 75 65 52 314 192 506
31509 陈溢煌 99 77 101 68 61 72 277 201 478
31510 陈梓轩 104 67 100 26 40 41 271 107 378
31511 程晓婷 109 85 106 81 80 56 300 217 517
31512 杜浜弘 91 57 94 40 47 54 242 141 383
31513 杜佳锴 93 95 116 71 78 51 304 200 504
31515 高越 106 98 111 58 79 64 315 201 516
31516 洪戈 122 75 117 94 69 73 314 236 550
31517 黄向鸿 111 70 113 91 56 69 294 216 510
31518 黄泽山 100 61 74 41 44 43 235 128 363
31519 黄梓彤 107 66 121 87 66 62 294 215 509
31520 柯金宏 101 79 137 70 72 65 317 207 524
31521 赖炜豪 100 88 111 48 69 60 299 177 476
31522 李涵 105 71 119 65 60 54 295 179 474
31523 李沐峻 109 69 102 60 63 66 280 189 469
31524 李润熹 101 93 107 86 68 51 301 205 506
31525 李舒婷 120 77 125 72 66 64 322 202 524
31526 李梓煌 101 71 125 63 48 52 297 163 460
31527 林钗 108 98 119 57 60 61 325 178 503
31528 林若欣 119 76 127 77 72 68 322 217 539
31529 林爽 107 69 103 63 42 57 279 162 441
31530 刘粉婷 111 83 114 83 82 69 308 234 542
31531 刘烨桦 112 66 119 63 49 63 297 175 472
31532 彭瀚锟 105 76 99 58 49 67 280 174 454
31533 邱霜晓 97 65 106 41 43 61 268 145 413
31534 沈晓琦 109 70 107 69 79 63 286 211 497
31535 王曙丹 111 83 115 57 56 59 309 172 481
31536 王泽翔 98 73 107 32 54 57 278 143 421
31537 翁梓洪 100 58 99 35 52 34 257 121 378
31538 吴林瀚 102 72 103 67 64 66 277 197 474
31539 夏梓斌 105 45 92 35 17 40 242 92 334
31540 谢梦霞 107 74 116 54 50 63 297 167 464
31541 谢泳凯 0 0 0 0 0 0 0 0 0
31542 谢植煌 96 66 85 51 57 54 247 162 409
31543 徐国瑞 101 64 112 75 55 64 277 194 471
31544 许欢 104 65 116 58 69 50 285 177 462
31545 许越 106 74 122 51 53 75 302 179 481
31546 杨小嬉 102 54 117 61 65 75 273 201 474
31547 杨铮楷 119 70 110 48 51 62 299 161 460
31548 姚喆仪 109 85 117 73 64 76 311 213 524
31549 袁若瑶 106 86 105 69 38 63 297 170 467
31550 曾少擎 120 76 113 79 57 55 309 191 500
31551 曾欣哲 114 60 127 80 68 72 301 220 521
31552 张志鹏 109 83 116 92 78 76 308 246 554
31553 赵晓冰 95 55 115 50 40 54 265 144 409
31554 郑帆 111 83 126 75 61 69 320 205 525
31555 郑杰 102 81 116 100 87 85 299 272 571
31556 郑婕 99 90 116 53 75 69 305 197 502
31557 郑钧璟 110 79 123 74 53 60 312 187 499
31558 郑丽璇 101 63 126 56 64 55 290 175 465
31559 郑婷芝 116 95 112 64 73 64 323 201 524
31560 郑鑫海 109 84 124 56 62 48 317 166 483
31561 周健驰 99 71 110 65 77 64 280 206 486
31562 邹丹纯 111 78 128 37 55 51 317 143 460
31601 蔡慈瀚 100 86 123 86 59 66 309 211 520
31602 蔡君悦 106 91 108 62 49 60 305 171 476
31603 陈东晗 103 62 125 70 64 60 290 194 484
31604 陈佳伶 116 77 115 48 52 37 308 137 445
31605 陈佳盈 117 57 112 78 74 65 286 217 503
31606 陈力 106 82 113 57 65 55 301 177 478
31607 陈敏儿 100 101 126 70 65 69 327 204 531
31608 陈派捷 87 80 104 72 62 64 271 198 469
31609 陈日 103 80 118 63 33 61 301 157 458
31610 陈逸镕 105 72 119 36 70 52 296 158 454
31611 陈莹 107 55 118 52 63 41 280 156 436
31612 陈滢 106 68 127 65 68 72 301 205 506
31613 陈梓鑫 103 69 121 45 44 66 293 155 448
31614 方浩锴 108 93 116 65 55 48 317 168 485
31615 黄谷 96 68 122 64 64 48 286 176 462
31616 黄浩扬 108 89 125 87 83 70 322 240 562
31617 黄锐敏 111 94 125 72 65 63 330 200 530
31618 黄少邑 98 77 116 52 44 49 291 145 436
31619 黄舒乐 88 75 112 38 44 67 275 149 424
31620 江佳仪 117 79 123 90 69 65 319 224 543
31621 李嘉鑫 91 77 102 65 63 57 270 185 455
31622 李琳丹 112 74 114 67 72 70 300 209 509
31623 李暄婷 105 95 117 58 51 45 317 154 471
31624 李奕 107 69 101 29 48 48 277 125 402
31625 廖骊涵 93 62 96 35 50 49 251 134 385
31626 廖澍镔 90 81 126 106 80 71 297 257 554
31627 林灿荣 99 69 113 67 55 46 281 168 449
31628 林冠之 113 64 107 74 56 69 284 199 483
31629 林楠 111 84 105 72 64 61 300 197 497
31630 林树红 114 73 118 50 65 62 305 177 482
31631 林仪 105 0 0 0 0 0 0 0 0
31632 林意 103 92 116 58 61 62 311 181 492
31633 刘思煌 108 90 125 98 89 82 323 269 592
31634 刘奕 106 80 105 28 56 67 291 151 442
31635 刘泽 107 78 103 44 42 61 288 147 435
31636 柳婷 116 89 123 83 81 70 328 234 562
31637 卢开书 115 72 113 67 58 54 300 179 479
31638 马润青 97 73 124 92 60 59 294 211 505
31639 彭灏 113 73 121 46 49 53 307 148 455
31640 孙熹珣 112 98 113 65 51 46 323 162 485
31641 孙烨 113 65 126 48 49 51 304 148 452
31642 王海槟 108 75 103 68 61 59 286 188 474
31643 王晓钟 106 80 125 76 58 76 311 210 521
31644 王雨青 104 79 106 82 53 56 289 191 480
31645 吴毅聪 92 76 103 59 43 55 271 157 428
31646 吴梓帆 102 90 131 71 72 53 323 196 519
31647 谢尘沐 114 64 117 65 45 63 295 173 468
31648 谢锦珮 106 57 125 34 34 56 288 124 412
31649 谢小雪 116 89 125 70 67 77 330 214 544
31650 谢奕纯 95 58 98 17 42 45 251 104 355
31651 杨涵 108 58 109 45 69 45 275 159 434
31652 姚采妮 102 71 102 39 51 57 275 147 422
31653 余泽泰 121 88 122 70 77 71 331 218 549
31654 张泽琳 114 91 125 83 79 63 330 225 555
31655 张泽宇 115 80 124 88 75 67 319 230 549
31656 章婉仪 101 83 113 43 61 68 297 172 469
31657 赵先铎 111 103 0 0 0 0 0 0 0
31658 郑涵禧 90 77 118 49 33 44 285 126 411
31659 郑林楷 96 97 105 75 44 12 298 131 429
31660 郑镇灏 99 79 104 56 52 55 282 163 445
31661 郑重 90 68 99 57 61 12 257 130 387
31662 朱俊宇 104 66 86 53 49 60 256 162 418
31663 庄声锐 98 65 107 52 34 44 270 130 400
31701 蔡金沛 91 90 94 41 77 66 275 184 459
31702 蔡俊峰 106 68 115 47 56 68 289 171 460
31703 曹宇韬 99 83 103 57 61 61 285 179 464
31704 陈大立 107 84 0 0 0 0 0 0 0
31705 陈浩杰 111 63 119 71 67 64 293 202 495
31706 陈沛润 120 85 115 62 83 64 320 209 529
31707 陈锐 104 106 115 88 81 69 325 238 563
31708 陈烁 93 74 86 50 61 57 253 168 421
31709 陈学诚 107 76 119 76 60 58 302 194 496
31710 陈韫颖 102 67 121 44 52 49 290 145 435
31712 陈中一 112 59 115 73 68 65 286 206 492
31713 何伊慧 106 76 111 54 61 67 293 182 475
31714 侯思涵 112 75 130 50 67 62 317 179 496
31715 黄彬霆 102 61 102 58 66 69 265 193 458
31716 黄丹 0 0 0 0 0 0 0 0 0
31717 黄光炳 105 51 92 44 29 54 248 127 375
31718 黄慧敏 112 81 131 65 84 66 324 215 539
31719 黄思翰 99 82 117 76 80 54 298 210 508
31720 黄伟纯 114 60 127 56 52 52 301 160 461
31721 黄莹 104 82 113 80 73 63 299 216 515
31722 黄梓芸 100 49 108 26 18 41 257 85 342
31723 江相渝 98 58 98 46 52 45 254 143 397
31724 李洁瀚 100 72 125 62 80 65 297 207 504
31725 林仰 106 69 117 86 67 62 292 215 507
31726 林雍权 109 77 108 79 73 69 294 221 515
31727 刘嘉鑫 89 64 95 40 45 52 248 137 385
31728 卢荣泰 107 96 116 89 84 77 319 250 569
31729 卢仪蕊 100 70 113 62 55 46 283 163 446
31730 马学盈 119 86 117 63 66 59 322 188 510
31731 马直先 96 79 102 51 78 76 277 205 482
31732 麦博 109 80 126 60 76 76 315 212 527
31733 欧阳生 110 105 100 94 79 46 315 219 534
31734 彭琪 111 60 97 60 56 46 268 162 430
31735 佘晓环 104 93 113 63 49 55 310 167 477
31736 王基鸿 115 92 110 75 84 69 317 228 545
31737 王俊澎 97 67 0 0 0 0 0 0 0
31738 王烔毅 101 82 107 86 52 60 290 198 488
31739 王钰 105 68 113 52 66 57 286 175 461
31740 王真子 112 76 115 63 50 55 303 168 471
31741 吴俊翰 112 85 121 68 65 67 318 200 518
31742 吴彤沛 115 52 104 26 85 68 271 179 450
31743 吴伟霞 115 52 108 53 71 74 275 198 473
31744 谢锶琦 113 81 103 59 58 68 297 185 482
31745 许锶妍 115 69 117 50 52 53 301 155 456
31746 许奕烁 98 65 95 35 34 41 258 110 368
31747 许哲浩 109 88 0 0 0 0 0 0 0
31748 杨铠翔 96 72 93 54 62 65 261 181 442
31749 杨腾 107 48 97 29 26 37 252 92 344
31750 姚佳妮 114 83 0 0 0 0 0 0 0
31751 张纯 106 59 103 73 69 46 268 188 456
31752 张锐翰 108 81 85 37 33 37 274 107 381
31754 张奕 107 56 109 34 45 51 272 130 402
31755 张翼 98 81 113 60 69 48 292 177 469
31756 章家竣 109 78 128 80 65 69 315 214 529
31757 郑慈香 118 88 114 67 74 54 320 195 515
31758 郑曼燕 108 63 109 55 73 52 280 180 460
31759 郑铭 110 57 120 44 45 42 287 131 418
31761 周锴捷 101 79 0 51 76 52 0 179 0
31762 庄本熙 96 63 97 55 43 51 256 149 405
31763 黄钰莹 104 65 128 75 59 65 297 199 496
31764 王宏 112 68 124 56 75 74 304 205 509
31801 陈鸿飞 98 71 103 66 56 59 272 181 453
31802 陈家思 100 74 97 60 45 63 271 168 439
31803 陈立芃 102 47 109 52 72 57 258 181 439
31804 陈齐骏 80 0 0 0 0 0 0 0 0
31805 陈润铎 100 63 109 46 51 39 272 136 408
31806 陈润楷 104 64 118 68 51 57 286 176 462
31807 陈鑫冰 0 0 0 0 0 0 0 0 0
31808 陈永佳 108 77 107 87 87 68 292 242 534
31809 陈元嘉 108 78 115 76 50 63 301 189 490
31810 冯钰冰 108 73 97 36 48 54 278 138 416
31811 何畅 101 33 101 22 15 26 235 63 298
31812 黄怀瑶 112 73 106 48 67 58 291 173 464
31813 黄凯鹏 112 67 101 43 57 25 280 125 405
31814 黄昕仪 118 114 136 87 71 70 368 228 596
31815 黄泽宇 101 62 93 38 62 52 256 152 408
31816 康思妹 126 78 105 46 66 58 309 170 479
31817 孔雪欣 113 59 108 61 57 59 280 177 457
31818 赖淑凌 106 79 94 54 62 51 279 167 446
31819 李俊 106 68 110 62 75 58 284 195 479
31820 李楠 106 80 100 64 60 66 286 190 476
31821 李蔚东 106 76 109 77 73 66 291 216 507
31822 李昕 89 77 0 79 65 50 0 194 0
31823 连泓杰 96 78 115 63 62 78 289 203 492
31824 林泓 93 55 95 60 77 49 243 186 429
31825 林培润 83 73 115 28 48 48 271 124 395
31826 林绮娜 114 86 110 83 74 75 310 232 542
31827 林昕 118 79 117 64 69 63 314 196 510
31828 林奕敏 105 80 109 72 76 63 294 211 505
31829 林泽辉 100 61 91 82 81 46 252 209 461
31830 林泽炜 103 108 0 0 0 0 0 0 0
31831 林增瑞 107 73 105 68 53 54 285 175 460
31832 刘丁玮 114 99 121 86 74 68 334 228 562
31833 卢呈焕 101 79 97 64 53 38 277 155 432
31834 卢智扬 96 47 114 40 47 59 257 146 403
31835 罗亿权 93 44 105 39 41 40 242 120 362
31836 邱乐思 100 72 122 63 53 59 294 175 469
31837 佘涵 106 76 106 57 72 54 288 183 471
31838 汤钰瑛 104 54 118 48 34 54 276 136 412
31839 王佩佩 114 72 119 63 66 59 305 188 493
31840 王思佳 100 85 111 70 55 72 296 197 493
31841 王晓泽 104 84 99 41 35 49 287 125 412
31842 王振东 100 93 122 103 79 83 315 265 580
31843 王子瑜 103 74 106 72 56 46 283 174 457
31844 吴绍邦 97 95 127 88 66 61 319 215 534
31845 吴水滇 98 79 117 66 56 40 294 162 456
31846 吴晓琪 108 73 115 42 36 57 296 135 431
31847 吴昕 110 73 132 50 56 64 315 170 485
31848 谢昱康 111 89 117 76 67 60 317 203 520
31849 姚少云 120 66 85 50 41 29 271 120 391
31850 余博浩 65 55 0 0 0 0 0 0 0
31851 曾泓燊 105 83 117 67 81 63 305 211 516
31852 曾佳泓 101 70 104 71 51 64 275 186 461
31853 曾琳 103 54 129 51 54 66 286 171 457
31854 曾宪瀚 118 68 79 46 52 53 265 151 416
31855 曾伊琳 100 84 115 56 62 58 299 176 475
31856 张随娜 106 56 116 50 58 56 278 164 442
31857 张育铭 98 69 113 63 78 50 280 191 471
31858 章滢蓥 110 76 0 0 0 0 0 0 0
31859 郑任翔 109 60 123 55 57 51 292 163 455
31860 郑子昂 107 55 99 56 44 49 261 149 410
31861 钟浩川 111 89 122 54 78 74 322 206 528
31862 周苑婷 115 81 126 89 61 79 322 229 551
31863 庄妍 104 79 140 47 58 80 323 185 508
31901 蔡育铮 113 96 131 83 81 71 340 235 575
31902 蔡卓颖 101 77 120 55 79 66 298 200 498
31904 陈浩宇 104 82 105 75 63 66 291 204 495
31905 陈红 115 87 117 67 68 66 319 201 520
31906 陈嘉杭 108 63 113 38 36 48 284 122 406
31907 陈锴灏 110 86 107 68 57 63 303 188 491
31908 陈孟耀 93 56 107 34 34 59 256 127 383
31909 陈伟杰 113 109 136 85 75 68 358 228 586
31910 陈宇霏 100 58 108 45 51 58 266 154 420
31911 陈卓妮 102 74 111 34 60 61 287 155 442
31912 杜振超 103 95 108 57 92 61 306 210 516
31913 方家颖 99 58 109 38 49 64 266 151 417
31914 郭佳鑫 117 89 122 86 84 68 328 238 566
31915 黄超铄 106 81 109 39 73 56 296 168 464
31916 黄海铭 92 80 101 69 60 49 273 178 451
31917 黄融杰 100 100 126 75 71 72 326 218 544
31918 黄晓琦 102 65 113 31 45 54 280 130 410
31920 黄泽锴 88 36 63 19 25 23 187 67 254
31921 纪沛桐 97 74 114 54 56 62 285 172 457
31922 李岱谚 110 113 136 94 91 87 359 272 631
31923 李光泽 100 90 92 54 44 39 282 137 419
31924 李鸿 113 79 115 97 53 55 307 205 512
31925 李林昕 99 81 123 65 58 77 303 200 503
31926 李欣然 120 74 124 45 62 52 318 159 477
31927 李鑫 91 52 101 32 41 26 244 99 343
31928 李彦腾 93 87 125 63 44 65 305 172 477
31929 林坚生 121 63 118 58 53 46 302 157 459
31930 林乐贤 99 94 117 70 64 63 310 197 507
31931 林萌子 100 74 122 60 77 54 296 191 487
31932 林银虹 110 65 112 67 67 57 287 191 478
31933 林岳青 115 81 129 63 76 70 325 209 534
31934 卢晓杰 116 111 110 103 84 71 337 258 595
31935 马思昀 107 83 122 59 65 64 312 188 500
31936 彭丽妹 104 48 104 54 52 57 256 163 419
31937 彭扬帆 95 71 106 55 42 64 272 161 433
31938 沈桂菱 106 72 107 65 71 60 285 196 481
31939 沈益聪 105 91 121 51 56 63 317 170 487
31940 苏思澄 88 71 91 102 71 33 250 206 456
31941 苏泽坤 90 75 80 44 47 35 245 126 371
31942 王璐 105 86 121 77 81 69 312 227 539
31943 王梓琦 95 72 88 77 61 50 255 188 443
31944 文渲 108 89 98 45 68 37 295 150 445
31945 翁涵 113 75 109 58 73 73 297 204 501
31946 吴虹燕 103 74 107 34 43 54 284 131 415
31947 吴佳銮 110 86 128 79 73 65 324 217 541
31948 吴怡玫 96 67 112 53 64 56 275 173 448
31949 谢罗瀚 100 51 88 45 44 47 239 136 375
31950 谢泽钊 92 65 103 42 37 42 260 121 381
31951 徐润峰 94 71 91 58 67 46 256 171 427
31952 许滨楠 107 87 126 61 59 72 320 192 512
31954 许子源 97 62 93 26 21 53 252 100 352
31955 杨利秋 104 84 117 57 74 59 305 190 495
31956 余子涵 112 57 108 57 60 62 277 179 456
31957 曾奕楠 0 0 0 0 0 0 0 0 0
31958 张超逸 102 86 102 61 62 64 290 187 477
31959 张曼琪 102 70 108 45 64 52 280 161 441
31960 赵彦纯 110 85 114 61 79 65 309 205 514
31961 郑钧漾 97 54 97 38 73 63 248 174 422
31962 郑玮涛 105 83 113 55 81 55 301 191 492
31963 郑锨淇 111 63 124 67 50 44 298 161 459
31964 庄开翔 111 87 110 54 68 54 308 176 484
32001 蔡佳琪 104 61 102 45 56 61 267 162 429
32002 蔡淑玲 107 60 115 50 56 73 282 179 461
32003 蔡伟龙 97 69 112 58 65 48 278 171 449
32004 陈博涵 100 95 0 0 0 0 0 0 0
32005 陈畅洪 105 81 88 45 44 49 274 138 412
32006 陈润洋 97 103 110 87 81 64 310 232 542
32008 陈雪仪 105 92 115 61 86 81 312 228 540
32009 洪奕祥 104 86 115 80 75 64 305 219 524
32010 胡期升 105 88 124 74 60 61 317 195 512
32011 黄斌伟 103 82 110 77 66 49 295 192 487
32012 黄洪雯 103 67 107 33 53 57 277 143 420
32013 黄敏华 113 75 106 43 53 47 294 143 437
32014 黄舜娴 98 68 95 50 60 62 261 172 433
32015 黄于峻 94 88 92 52 34 52 274 138 412
32016 纪梓荣 93 73 94 32 47 65 260 144 404
32017 李东烁 93 75 120 50 62 71 288 183 471
32018 李洁 111 86 131 60 81 79 328 220 548
32019 李易霖 102 84 100 59 69 61 286 189 475
32020 李治 105 83 115 88 71 74 303 233 536
32022 林佳煌 109 78 0 0 0 0 0 0 0
32023 林钦鸿 112 88 131 93 77 69 331 239 570
32024 林小琪 108 78 111 23 78 59 297 160 457
32025 林烨 112 76 123 52 66 64 311 182 493
32026 刘艾莉 112 85 126 96 79 71 323 246 569
32027 刘旭东 104 90 108 93 77 63 302 233 535
32028 刘依菁 110 73 125 65 64 58 308 187 495
32029 刘悦韵 114 48 127 52 69 64 289 185 474
32030 马洪量 102 64 0 0 0 0 0 0 0
32031 马茵茵 95 59 95 34 46 27 249 107 356
32032 潘莹涵 96 66 103 30 32 39 265 101 366
32033 沈敏勇 115 85 0 0 0 0 0 0 0
32034 沈晓燕 107 71 116 73 80 56 294 209 503
32035 苏诚章 106 76 126 88 80 72 308 240 548
32036 唐梦洋 87 33 101 39 47 54 221 140 361
32037 王灿杜 115 67 116 68 75 58 298 201 499
32038 王鸿吉 103 63 101 52 54 39 267 145 412
32039 王杰鑫 114 89 131 82 79 64 334 225 559
32040 王泽锴 96 64 89 19 39 55 249 113 362
32041 王子铟 122 88 124 55 66 63 334 184 518
32042 吴斯彤 105 82 110 54 43 45 297 142 439
32043 吴泽锐 116 101 140 87 89 65 357 241 598
32044 谢锦珊 103 88 118 65 70 68 309 203 512
32045 谢铠羽 94 53 117 33 35 30 264 98 362
32046 谢婉婷 97 88 105 23 51 52 290 126 416
32047 谢懿锐 103 78 109 76 70 53 290 199 489
32048 徐英芸 110 73 111 48 67 53 294 168 462
32049 许晓刚 115 67 0 0 0 0 0 0 0
32050 许永泓 110 101 124 67 74 79 335 220 555
32051 颜莞尔 106 64 114 62 58 65 284 185 469
32052 姚树耿 99 66 115 72 71 60 280 203 483
32053 姚悦扬 99 109 120 58 57 51 328 166 494
32054 余钊 94 55 98 36 39 62 247 137 384
32055 詹金伟 90 0 90 54 45 37 0 136 0
32056 张皓洵 103 92 124 62 48 52 319 162 481
32057 张扬 105 69 0 0 0 0 0 0 0
32058 张奕欣 93 58 90 31 31 35 241 97 338
32059 郑铠 93 63 111 61 65 62 267 188 455
32060 郑哲然 100 86 127 85 92 82 313 259 572
32061 周泽妍 98 62 111 64 75 61 271 200 471
32062 周子毓 99 39 113 33 34 39 251 106 357
