30401 陈柏林 109.0 90.0 100.0 49.0 65.0 56.0 299.0 170.0 469.0
30402 陈东晓 113.0 116.0 110.0 66.0 51.0 53.0 339.0 170.0 509.0
30403 陈冬仪 111.0 49.0 113.0 57.0 68.0 53.0 273.0 178.0 451.0
30404 陈金洲 114.0 112.0 123.0 73.0 65.0 74.0 349.0 212.0 561.0
30405 陈淑妍 120.0 101.0 127.0 62.0 64.0 75.0 348.0 201.0 549.0
30406 胡楷宇 101.0 102.0 104.0 45.0 62.0 74.0 307.0 181.0 488.0
30407 胡昱 101.0 94.0 108.0 62.0 76.0 73.0 303.0 211.0 514.0
30408 黄艾琪 115.0 110.0 129.0 75.0 86.0 75.0 354.0 236.0 590.0
30409 黄狄林 116.0 91.0 120.0 65.0 90.0 68.0 327.0 223.0 550.0
30410 黄琳婷 109.0 76.0 123.0 57.0 47.0 71.0 308.0 175.0 483.0
30411 黄云进 112.0 111.0 118.0 80.0 83.0 74.0 341.0 237.0 578.0
30412 纪慧煊 108.0 112.0 104.0 89.0 62.0 58.0 324.0 209.0 533.0
30413 蓝玉奇 107.0 96.0 119.0 60.0 63.0 58.0 322.0 181.0 503.0
30414 李宏森 110.0 78.0 101.0 25.0 63.0 58.0 289.0 146.0 435.0
30416 李兆捷 113.0 119.0 111.0 47.0 85.0 71.0 343.0 203.0 546.0
30417 林达 106.0 89.0 125.0 60.0 69.0 71.0 320.0 200.0 520.0
30418 林镜辉 116.0 102.0 108.0 76.0 57.0 61.0 326.0 194.0 520.0
30419 林永佳 107.0 95.0 104.0 62.0 48.0 47.0 306.0 157.0 463.0
30420 林昱霖 100.0 124.0 93.0 89.0 81.0 61.0 317.0 231.0 548.0
30421 林泽楷 116.0 102.0 110.0 83.0 89.0 67.0 328.0 239.0 567.0
30422 刘琳菲 105.0 101.0 111.0 68.0 64.0 66.0 317.0 198.0 515.0
30424 卢涵 104.0 94.0 127.0 54.0 65.0 62.0 325.0 181.0 506.0
30425 卢昕玥 104.0 87.0 130.0 51.0 70.0 66.0 321.0 187.0 508.0
30426 卢彦宇 101.0 84.0 118.0 30.0 67.0 64.0 303.0 161.0 464.0
30427 罗亦宋 112.0 81.0 126.0 89.0 62.0 73.0 319.0 224.0 543.0
30428 麦扬 101.0 83.0 124.0 62.0 61.0 70.0 308.0 193.0 501.0
30429 邵彦程 95.0 91.0 82.0 52.0 31.0 39.0 268.0 122.0 390.0
30431 王磊 113.0 94.0 127.0 80.0 64.0 75.0 334.0 219.0 553.0
30432 王震霆 99.0 90.0 90.0 33.0 50.0 37.0 279.0 120.0 399.0
30434 魏桐曦 113.0 108.0 126.0 84.0 77.0 62.0 347.0 223.0 570.0
30435 翁铭捷 97.0 74.0 107.0 77.0 61.0 66.0 278.0 204.0 482.0
30437 吴婕洵 112.0 119.0 126.0 42.0 75.0 70.0 357.0 187.0 544.0
30438 吴郁楠 105.0 68.0 119.0 54.0 85.0 68.0 292.0 207.0 499.0
30439 吴泽峰 107.0 79.0 122.0 84.0 54.0 72.0 308.0 210.0 518.0
30440 吴植慧 99.0 92.0 112.0 35.0 44.0 55.0 303.0 134.0 437.0
30441 谢庆欣 109.0 71.0 119.0 57.0 53.0 74.0 299.0 184.0 483.0
30442 辛孜玫 117.0 106.0 108.0 54.0 78.0 46.0 331.0 178.0 509.0
30443 徐浩锴 108.0 100.0 104.0 72.0 57.0 63.0 312.0 192.0 504.0
30445 许林菁 119.0 68.0 115.0 59.0 67.0 67.0 302.0 193.0 495.0
30446 许统辉 101.0 85.0 103.0 67.0 69.0 63.0 289.0 199.0 488.0
30448 杨博锐 104.0 99.0 108.0 35.0 34.0 73.0 311.0 142.0 453.0
30449 杨乔 98.0 64.0 113.0 39.0 54.0 70.0 275.0 163.0 438.0
30450 杨宇镔 110.0 76.0 107.0 36.0 47.0 63.0 293.0 146.0 439.0
30452 姚楷炫 114.0 100.0 107.0 69.0 74.0 67.0 321.0 210.0 531.0
30453 张若涵 110.0 130.0 123.0 71.0 76.0 67.0 363.0 214.0 577.0
30454 张雪妍 105.0 75.0 107.0 32.0 74.0 59.0 287.0 165.0 452.0
30455 赵明明 107.0 83.0 105.0 69.0 67.0 64.0 295.0 200.0 495.0
30456 赵晓明 104.0 84.0 122.0 44.0 70.0 65.0 310.0 179.0 489.0
30459 钟献彪 117.0 97.0 113.0 67.0 84.0 69.0 327.0 220.0 547.0
30460 周梓勃 109.0 99.0 128.0 78.0 73.0 60.0 336.0 211.0 547.0
30461 朱丹琪 120.0 114.0 123.0 91.0 61.0 70.0 357.0 222.0 579.0
30462 庄漪婷 103.0 86.0 116.0 55.0 48.0 56.0 305.0 159.0 464.0
30501 蔡苑虹 112.0 127.0 128.0 75.0 82.0 74.0 367.0 231.0 598.0
30502 陈福溢 112.0 115.0 128.0 45.0 77.0 58.0 355.0 180.0 535.0
30503 陈泓 110.0 58.0 124.0 53.0 31.0 45.0 292.0 129.0 421.0
30504 陈佳泓 110.0 107.0 122.0 46.0 68.0 69.0 339.0 183.0 522.0
30505 陈嘉胜 108.0 57.0 106.0 33.0 51.0 56.0 271.0 140.0 411.0
30506 陈丽娜 106.0 85.0 116.0 53.0 57.0 59.0 307.0 169.0 476.0
30507 陈沛震 103.0 71.0 95.0 56.0 67.0 54.0 269.0 177.0 446.0
30508 陈乔林 119.0 95.0 117.0 60.0 85.0 65.0 331.0 210.0 541.0
30509 陈疏桐 124.0 128.0 126.0 102.0 88.0 83.0 378.0 273.0 651.0
30510 陈欣洋 100.0 86.0 111.0 47.0 29.0 46.0 297.0 122.0 419.0
30511 陈雅琪 117.0 102.0 136.0 80.0 72.0 73.0 355.0 225.0 580.0
30512 陈一凡 107.0 127.0 115.0 110.0 83.0 80.0 349.0 273.0 622.0
30514 陈煜琳 119.0 105.0 121.0 72.0 47.0 58.0 345.0 177.0 522.0
30515 陈梓瀚 102.0 92.0 117.0 90.0 62.0 52.0 311.0 204.0 515.0
30516 陈梓霓 110.0 83.0 113.0 63.0 67.0 52.0 306.0 182.0 488.0
30517 陈梓宇 110.0 107.0 111.0 84.0 88.0 74.0 328.0 246.0 574.0
30518 方灿鸿 109.0 105.0 120.0 78.0 56.0 72.0 334.0 206.0 540.0
30519 郭梓淇 103.0 71.0 117.0 33.0 53.0 52.0 291.0 138.0 429.0
30521 黄金涛 100.0 92.0 115.0 68.0 41.0 67.0 307.0 176.0 483.0
30522 黄式铨 101.0 96.0 121.0 64.0 80.0 72.0 318.0 216.0 534.0
30523 黄孜睿 106.0 112.0 126.0 68.0 82.0 65.0 344.0 215.0 559.0
30524 江卓聪 117.0 110.0 129.0 55.0 81.0 72.0 356.0 208.0 564.0
30525 李依璘 105.0 97.0 127.0 49.0 73.0 63.0 329.0 185.0 514.0
30526 李子聪 111.0 115.0 125.0 65.0 73.0 73.0 351.0 211.0 562.0
30527 林钡钡 117.0 122.0 113.0 103.0 82.0 81.0 352.0 266.0 618.0
30528 林洁萍 110.0 100.0 117.0 69.0 72.0 65.0 327.0 206.0 533.0
30529 林煜涛 101.0 72.0 96.0 55.0 61.0 70.0 269.0 186.0 455.0
30530 林泽滢 107.0 77.0 115.0 87.0 59.0 61.0 299.0 207.0 506.0
30531 刘榕飒 108.0 90.0 119.0 65.0 74.0 71.0 317.0 210.0 527.0
30532 陆凡冰 114.0 138.0 122.0 83.0 75.0 74.0 374.0 232.0 606.0
30533 马万里 103.0 71.0 111.0 46.0 60.0 52.0 285.0 158.0 443.0
30535 潘俞霏 103.0 112.0 129.0 75.0 74.0 67.0 344.0 216.0 560.0
30536 沈哲沛 104.0 92.0 108.0 55.0 43.0 55.0 304.0 153.0 457.0
30537 孙玮 109.0 112.0 126.0 79.0 62.0 76.0 347.0 217.0 564.0
30539 王天乐 109.0 84.0 103.0 39.0 56.0 50.0 296.0 145.0 441.0
30540 吴博 114.0 103.0 133.0 84.0 91.0 78.0 350.0 253.0 603.0
30541 吴佳芸 112.0 83.0 124.0 54.0 58.0 67.0 319.0 179.0 498.0
30542 吴淇升 103.0 83.0 121.0 55.0 77.0 66.0 307.0 198.0 505.0
30543 吴易达 103.0 98.0 102.0 57.0 64.0 65.0 303.0 186.0 489.0
30544 肖泽楷 123.0 76.0 129.0 56.0 62.0 43.0 328.0 161.0 489.0
30545 谢函瀚 109.0 82.0 124.0 64.0 54.0 70.0 315.0 188.0 503.0
30547 谢思婷 115.0 91.0 129.0 75.0 64.0 71.0 335.0 210.0 545.0
30548 谢育锋 110.0 94.0 107.0 72.0 76.0 66.0 311.0 214.0 525.0
30549 徐芷欣 113.0 86.0 123.0 84.0 60.0 54.0 322.0 198.0 520.0
30550 杨昕 114.0 90.0 122.0 67.0 75.0 68.0 326.0 210.0 536.0
30551 姚雪萍 109.0 86.0 116.0 60.0 69.0 55.0 311.0 184.0 495.0
30552 姚逸峰 109.0 90.0 117.0 57.0 62.0 66.0 316.0 185.0 501.0
30553 余泓涛 96.0 93.0 103.0 69.0 67.0 65.0 292.0 201.0 493.0
30554 余珮镕 107.0 89.0 123.0 71.0 70.0 60.0 319.0 201.0 520.0
30555 曾烁 108.0 91.0 107.0 48.0 35.0 57.0 306.0 140.0 446.0
30556 张基烨 108.0 103.0 117.0 101.0 78.0 71.0 328.0 250.0 578.0
30557 张锦河 97.0 98.0 110.0 90.0 71.0 58.0 305.0 219.0 524.0
30558 张子斌 106.0 103.0 119.0 81.0 81.0 71.0 328.0 233.0 561.0
30559 张宗泽 108.0 100.0 118.0 64.0 75.0 74.0 326.0 213.0 539.0
30560 郑涵 120.0 125.0 128.0 93.0 81.0 72.0 373.0 246.0 619.0
30561 郑主加 107.0 80.0 90.0 47.0 17.0 56.0 277.0 120.0 397.0
30562 钟婉灵 108.0 108.0 119.0 45.0 41.0 67.0 335.0 153.0 488.0
30563 周哲 97.0 120.0 111.0 104.0 71.0 53.0 328.0 228.0 556.0
30601 蔡楚怡 112.0 90.0 115.0 72.0 44.0 61.0 317.0 177.0 494.0
30602 蔡瀚锋 113.0 106.0 126.0 67.0 77.0 69.0 345.0 213.0 558.0
30603 蔡弋炀 110.0 121.0 123.0 98.0 75.0 77.0 354.0 250.0 604.0
30604 陈金涛 108.0 103.0 115.0 58.0 83.0 69.0 326.0 210.0 536.0
30605 陈谨 107.0 71.0 111.0 32.0 48.0 43.0 289.0 123.0 412.0
30606 陈庆 96.0 75.0 116.0 78.0 50.0 63.0 287.0 191.0 478.0
30607 陈帅琦 113.0 102.0 117.0 62.0 80.0 66.0 332.0 208.0 540.0
30608 陈锶涛 99.0 80.0 93.0 32.0 55.0 49.0 272.0 136.0 408.0
30609 陈雅文 115.0 84.0 126.0 66.0 77.0 57.0 325.0 200.0 525.0
30610 陈妍 98.0 109.0 123.0 78.0 56.0 55.0 330.0 189.0 519.0
30611 陈振霖 98.0 75.0 105.0 58.0 59.0 62.0 278.0 179.0 457.0
30612 陈震寅 108.0 114.0 98.0 72.0 78.0 58.0 320.0 208.0 528.0
30613 陈梓泓 103.0 107.0 101.0 73.0 69.0 67.0 311.0 209.0 520.0
30614 陈梓演 107.0 79.0 122.0 68.0 67.0 67.0 308.0 202.0 510.0
30615 戴德燊 102.0 107.0 108.0 90.0 70.0 71.0 317.0 231.0 548.0
30616 方家浩 108.0 98.0 110.0 85.0 82.0 65.0 316.0 232.0 548.0
30617 方玮绚 106.0 81.0 124.0 65.0 73.0 56.0 311.0 194.0 505.0
30618 方小涵 99.0 83.0 128.0 59.0 48.0 60.0 310.0 167.0 477.0
30619 方梓昊 102.0 79.0 106.0 59.0 53.0 76.0 287.0 188.0 475.0
30620 郭悦宁 106.0 84.0 110.0 68.0 52.0 54.0 300.0 174.0 474.0
30621 郭滋涵 69.0 26.0 62.0 31.0 29.0 30.0 157.0 90.0 247.0
30622 洪斯沛 116.0 96.0 129.0 47.0 66.0 59.0 341.0 172.0 513.0
30623 黄蔓蔓 114.0 99.0 103.0 51.0 72.0 58.0 316.0 181.0 497.0
30624 黄树炫 111.0 108.0 125.0 77.0 81.0 70.0 344.0 228.0 572.0
30625 黄晚至 110.0 88.0 124.0 67.0 69.0 67.0 322.0 203.0 525.0
30626 黄粤奇 109.0 89.0 114.0 53.0 70.0 54.0 312.0 177.0 489.0
30627 李传璞 108.0 85.0 127.0 75.0 77.0 65.0 320.0 217.0 537.0
30628 李科谋 113.0 122.0 122.0 88.0 56.0 69.0 357.0 213.0 570.0
30629 李婉宜 112.0 101.0 110.0 83.0 91.0 53.0 323.0 227.0 550.0
30630 李心彤 107.0 99.0 113.0 43.0 57.0 50.0 319.0 150.0 469.0
30631 梁婧 108.0 85.0 121.0 65.0 74.0 74.0 314.0 213.0 527.0
30632 林琦 113.0 90.0 125.0 91.0 69.0 55.0 328.0 215.0 543.0
30633 林润峰 105.0 85.0 121.0 76.0 62.0 45.0 311.0 183.0 494.0
30634 林烁 111.0 114.0 122.0 65.0 70.0 68.0 347.0 203.0 550.0
30635 林钰祺 110.0 98.0 106.0 60.0 57.0 62.0 314.0 179.0 493.0
30636 林泽聪 121.0 100.0 118.0 83.0 92.0 76.0 339.0 251.0 590.0
30637 林泽娜 102.0 82.0 126.0 80.0 70.0 61.0 310.0 211.0 521.0
30638 刘学智 98.0 85.0 108.0 87.0 73.0 72.0 291.0 232.0 523.0
30639 马思奇 116.0 81.0 122.0 63.0 76.0 69.0 319.0 208.0 527.0
30640 佘卓键 97.0 92.0 109.0 67.0 59.0 70.0 298.0 196.0 494.0
30641 沈畅泳 111.0 119.0 125.0 84.0 84.0 70.0 355.0 238.0 593.0
30642 汤庆琳 114.0 69.0 119.0 34.0 32.0 64.0 302.0 130.0 432.0
30643 王嘉如 112.0 94.0 122.0 54.0 83.0 75.0 328.0 212.0 540.0
30644 王琳 107.0 80.0 120.0 37.0 51.0 53.0 307.0 141.0 448.0
30645 王梓渲 104.0 103.0 112.0 67.0 75.0 73.0 319.0 215.0 534.0
30646 吴文澜 101.0 93.0 112.0 60.0 49.0 43.0 306.0 152.0 458.0
30647 吴妍 112.0 109.0 122.0 60.0 85.0 68.0 343.0 213.0 556.0
30648 许夏帆 123.0 110.0 136.0 55.0 67.0 66.0 369.0 188.0 557.0
30649 许烨琪 100.0 100.0 107.0 64.0 58.0 71.0 307.0 193.0 500.0
30652 杨依云 101.0 103.0 127.0 58.0 70.0 65.0 331.0 193.0 524.0
30653 蚁维聪 111.0 79.0 108.0 75.0 67.0 74.0 298.0 216.0 514.0
30655 喻子韬 108.0 94.0 125.0 71.0 81.0 58.0 327.0 210.0 537.0
30656 詹育东 118.0 98.0 105.0 69.0 80.0 69.0 321.0 218.0 539.0
30657 张棣炫 75.0 87.0 114.0 60.0 52.0 56.0 276.0 168.0 444.0
30658 张欣悦 100.0 117.0 113.0 71.0 71.0 59.0 330.0 201.0 531.0
30659 郑东能 111.0 138.0 121.0 99.0 82.0 77.0 370.0 258.0 628.0
30660 郑凯元 107.0 91.0 122.0 97.0 71.0 76.0 320.0 244.0 564.0
30661 郑泽楠 106.0 89.0 115.0 77.0 67.0 69.0 310.0 213.0 523.0
30662 钟贝琪 104.0 95.0 114.0 82.0 69.0 59.0 313.0 210.0 523.0
30663 周盈贝 106.0 78.0 103.0 48.0 78.0 66.0 287.0 192.0 479.0
30701 蔡博涵 93.0 78.0 108.0 58.0 63.0 70.0 279.0 191.0 470.0
30702 蔡琪 104.0 83.0 104.0 31.0 59.0 62.0 291.0 152.0 443.0
30703 蔡淑熙 107.0 105.0 128.0 51.0 59.0 72.0 340.0 182.0 522.0
30704 蔡晓仪 103.0 108.0 137.0 53.0 82.0 63.0 348.0 198.0 546.0
30705 蔡泽莹 99.0 99.0 116.0 60.0 57.0 64.0 314.0 181.0 495.0
30708 陈畅 100.0 86.0 114.0 43.0 60.0 58.0 300.0 161.0 461.0
30709 陈铎仑 110.0 103.0 124.0 80.0 79.0 82.0 337.0 241.0 578.0
30710 陈俊成 116.0 122.0 115.0 66.0 92.0 72.0 353.0 230.0 583.0
30711 陈思冰 93.0 87.0 116.0 52.0 78.0 62.0 296.0 192.0 488.0
30712 陈思桦 92.0 88.0 104.0 59.0 66.0 55.0 284.0 180.0 464.0
30713 陈武杰 92.0 89.0 104.0 55.0 78.0 49.0 285.0 182.0 467.0
30715 陈奕纯 105.0 105.0 123.0 79.0 76.0 73.0 333.0 228.0 561.0
30716 陈钟之 104.0 108.0 122.0 59.0 65.0 61.0 334.0 185.0 519.0
30717 陈梓博 100.0 115.0 125.0 52.0 73.0 63.0 340.0 188.0 528.0
30719 丁烜 93.0 97.0 100.0 78.0 45.0 60.0 290.0 183.0 473.0
30720 杜昕 102.0 69.0 122.0 70.0 59.0 64.0 293.0 193.0 486.0
30721 杜展 107.0 103.0 115.0 66.0 81.0 59.0 325.0 206.0 531.0
30722 郭枫阳 124.0 103.0 135.0 61.0 87.0 70.0 362.0 218.0 580.0
30723 洪欣苑 103.0 102.0 132.0 78.0 51.0 72.0 337.0 201.0 538.0
30724 洪梓昂 113.0 94.0 114.0 79.0 56.0 77.0 321.0 212.0 533.0
30725 黄心婷 107.0 95.0 123.0 64.0 57.0 66.0 325.0 187.0 512.0
30726 黄芷琳 106.0 76.0 138.0 48.0 73.0 61.0 320.0 182.0 502.0
30727 李博恩 117.0 94.0 122.0 80.0 86.0 66.0 333.0 232.0 565.0
30728 李恺寰 113.0 86.0 119.0 92.0 89.0 75.0 318.0 256.0 574.0
30730 李翊亨 111.0 98.0 111.0 72.0 51.0 78.0 320.0 201.0 521.0
30731 林宏杰 107.0 98.0 107.0 67.0 70.0 63.0 312.0 200.0 512.0
30732 林熙 103.0 116.0 111.0 58.0 63.0 45.0 330.0 166.0 496.0
30733 林映含 106.0 105.0 127.0 66.0 61.0 73.0 338.0 200.0 538.0
30734 林芸 118.0 102.0 131.0 70.0 81.0 73.0 351.0 224.0 575.0
30735 刘乐欣 113.0 96.0 129.0 60.0 79.0 78.0 338.0 217.0 555.0
30736 刘依雯 93.0 85.0 125.0 49.0 44.0 58.0 303.0 151.0 454.0
30737 刘雨奇 118.0 135.0 132.0 55.0 80.0 68.0 385.0 203.0 588.0
30738 刘子烁 103.0 87.0 109.0 62.0 66.0 60.0 299.0 188.0 487.0
30739 陆伟坤 113.0 109.0 99.0 87.0 55.0 74.0 321.0 216.0 537.0
30740 马学宽 103.0 111.0 110.0 53.0 82.0 70.0 324.0 205.0 529.0
30741 彭博澄 115.0 108.0 128.0 101.0 78.0 68.0 351.0 247.0 598.0
30742 邱可盈 114.0 114.0 122.0 85.0 64.0 69.0 350.0 218.0 568.0
30743 佘晓仪 103.0 81.0 102.0 59.0 35.0 42.0 286.0 136.0 422.0
30745 苏烁航 96.0 102.0 119.0 51.0 65.0 66.0 317.0 182.0 499.0
30746 苏斯楠 99.0 87.0 97.0 55.0 76.0 71.0 283.0 202.0 485.0
30747 孙润楷 99.0 104.0 120.0 74.0 79.0 74.0 323.0 227.0 550.0
30748 吴佳生 111.0 95.0 118.0 76.0 84.0 86.0 324.0 246.0 570.0
30749 吴昕 88.0 83.0 102.0 57.0 51.0 39.0 273.0 147.0 420.0
30750 谢伟坤 112.0 88.0 116.0 56.0 62.0 66.0 316.0 184.0 500.0
30751 谢宗泰 111.0 82.0 97.0 41.0 64.0 67.0 290.0 172.0 462.0
30752 徐子媛 108.0 88.0 118.0 55.0 74.0 62.0 314.0 191.0 505.0
30753 许楷扬 100.0 101.0 117.0 73.0 73.0 64.0 318.0 210.0 528.0
30754 许艺瀛 107.0 117.0 124.0 72.0 73.0 58.0 348.0 203.0 551.0
30755 杨深林 108.0 97.0 118.0 68.0 66.0 79.0 323.0 213.0 536.0
30756 杨烨爽 109.0 112.0 115.0 90.0 79.0 78.0 336.0 247.0 583.0
30757 叶乐萱 111.0 110.0 139.0 71.0 87.0 84.0 360.0 242.0 602.0
30758 张睿 107.0 98.0 110.0 85.0 52.0 52.0 315.0 189.0 504.0
30759 张少伟 101.0 93.0 102.0 67.0 74.0 50.0 296.0 191.0 487.0
30760 张煜坚 112.0 78.0 129.0 28.0 63.0 67.0 319.0 158.0 477.0
30761 郑逸晖 101.0 103.0 126.0 91.0 60.0 73.0 330.0 224.0 554.0
30762 钟耿钦 104.0 90.0 99.0 68.0 54.0 58.0 293.0 180.0 473.0
30801 蔡筱蕊 114.0 95.0 124.0 54.0 65.0 63.0 333.0 182.0 515.0
30802 蔡奕桐 109.0 77.0 111.0 39.0 56.0 61.0 297.0 156.0 453.0
30803 蔡泽泓 112.0 98.0 111.0 55.0 84.0 62.0 321.0 201.0 522.0
30804 陈达可 110.0 119.0 117.0 67.0 75.0 81.0 346.0 223.0 569.0
30806 陈锴榆 108.0 98.0 119.0 36.0 75.0 69.0 325.0 180.0 505.0
30807 陈润慷 103.0 125.0 109.0 72.0 70.0 64.0 337.0 206.0 543.0
30808 陈淑芳 109.0 88.0 117.0 43.0 42.0 59.0 314.0 144.0 458.0
30809 陈彦宇 94.0 98.0 110.0 53.0 78.0 62.0 302.0 193.0 495.0
30810 陈钰琦 108.0 58.0 116.0 29.0 45.0 49.0 282.0 123.0 405.0
30811 陈志航 96.0 46.0 93.0 42.0 37.0 52.0 235.0 131.0 366.0
30812 单浩铭 115.0 83.0 114.0 40.0 55.0 69.0 312.0 164.0 476.0
30813 董煜然 105.0 78.0 107.0 79.0 68.0 72.0 290.0 219.0 509.0
30814 杜庚育 114.0 101.0 121.0 63.0 74.0 72.0 336.0 209.0 545.0
30816 方殷锴 110.0 101.0 127.0 65.0 72.0 80.0 338.0 217.0 555.0
30817 葛颖 106.0 87.0 118.0 51.0 53.0 70.0 311.0 174.0 485.0
30818 郭粉红 114.0 83.0 109.0 67.0 66.0 55.0 306.0 188.0 494.0
30819 郭景瀚 104.0 93.0 117.0 57.0 62.0 60.0 314.0 179.0 493.0
30820 洪立强 109.0 83.0 107.0 66.0 55.0 47.0 299.0 168.0 467.0
30821 洪少锐 111.0 105.0 107.0 54.0 71.0 69.0 323.0 194.0 517.0
30822 黄端 104.0 104.0 114.0 81.0 87.0 69.0 322.0 237.0 559.0
30823 黄丰 115.0 90.0 123.0 61.0 68.0 76.0 328.0 205.0 533.0
30824 黄俊斐 105.0 115.0 103.0 78.0 82.0 58.0 323.0 218.0 541.0
30825 黄可欣 115.0 106.0 138.0 67.0 87.0 74.0 359.0 228.0 587.0
30826 金泽薰 119.0 92.0 117.0 56.0 79.0 78.0 328.0 213.0 541.0
30827 蓝旸 101.0 61.0 118.0 70.0 47.0 52.0 280.0 169.0 449.0
30829 林栾荀 115.0 96.0 117.0 71.0 81.0 56.0 328.0 208.0 536.0
30830 林若彤 117.0 94.0 126.0 58.0 81.0 75.0 337.0 214.0 551.0
30831 林晓纯 115.0 114.0 133.0 82.0 79.0 82.0 362.0 243.0 605.0
30832 林钇 102.0 111.0 132.0 84.0 51.0 67.0 345.0 202.0 547.0
30833 林毓莹 107.0 65.0 128.0 42.0 50.0 66.0 300.0 158.0 458.0
30834 林泽凯 106.0 94.0 98.0 59.0 53.0 47.0 298.0 159.0 457.0
30835 刘尔嘉 96.0 101.0 124.0 60.0 69.0 65.0 321.0 194.0 515.0
30836 马旭宁 92.0 92.0 108.0 80.0 64.0 59.0 292.0 203.0 495.0
30837 彭诗妍 107.0 85.0 115.0 60.0 81.0 69.0 307.0 210.0 517.0
30838 宋洁榕 107.0 97.0 118.0 68.0 69.0 65.0 322.0 202.0 524.0
30839 王绿蔚 108.0 88.0 116.0 87.0 77.0 66.0 312.0 230.0 542.0
30840 王维佳 100.0 75.0 113.0 77.0 52.0 52.0 288.0 181.0 469.0
30841 王知往 110.0 83.0 110.0 53.0 45.0 54.0 303.0 152.0 455.0
30842 王志扬 101.0 109.0 113.0 63.0 75.0 70.0 323.0 208.0 531.0
30843 温一海 93.0 90.0 117.0 58.0 48.0 69.0 300.0 175.0 475.0
30844 吴丹妮 106.0 89.0 108.0 43.0 37.0 51.0 303.0 131.0 434.0
30845 吴赋 116.0 115.0 124.0 76.0 82.0 78.0 355.0 236.0 591.0
30846 吴润铭 108.0 105.0 119.0 56.0 39.0 56.0 332.0 151.0 483.0
30847 吴夏韵 108.0 106.0 102.0 55.0 51.0 62.0 316.0 168.0 484.0
30848 辛铄浩 110.0 88.0 115.0 56.0 72.0 68.0 313.0 196.0 509.0
30849 杨婷婷 112.0 72.0 115.0 64.0 62.0 47.0 299.0 173.0 472.0
30851 曾宇煌 105.0 78.0 126.0 83.0 62.0 56.0 309.0 201.0 510.0
30852 张晓斐 110.0 103.0 123.0 65.0 75.0 68.0 336.0 208.0 544.0
30853 张梓涵 95.0 95.0 128.0 79.0 70.0 76.0 318.0 225.0 543.0
30854 郑聪 101.0 95.0 114.0 36.0 55.0 65.0 310.0 156.0 466.0
30855 郑岱锋 97.0 64.0 95.0 27.0 33.0 32.0 256.0 92.0 348.0
30856 郑楷融 106.0 95.0 121.0 87.0 46.0 59.0 322.0 192.0 514.0
30857 郑欣琳 112.0 79.0 119.0 32.0 39.0 65.0 310.0 136.0 446.0
30858 郑宇平 104.0 93.0 108.0 70.0 63.0 62.0 305.0 195.0 500.0
30861 庄先正 104.0 68.0 92.0 62.0 54.0 59.0 264.0 175.0 439.0
30862 邹彤彤 104.0 65.0 114.0 61.0 61.0 64.0 283.0 186.0 469.0
30901 蔡仰涵 117.0 95.0 122.0 63.0 68.0 76.0 334.0 207.0 541.0
30902 陈玳翊 105.0 91.0 113.0 55.0 84.0 66.0 309.0 205.0 514.0
30903 陈方梓淳 118.0 74.0 122.0 78.0 42.0 70.0 314.0 190.0 504.0
30904 陈俊锴 106.0 105.0 116.0 49.0 63.0 63.0 327.0 175.0 502.0
30905 陈铿 97.0 104.0 115.0 46.0 62.0 70.0 316.0 178.0 494.0
30906 陈琳 109.0 85.0 110.0 53.0 61.0 60.0 304.0 174.0 478.0
30907 陈淼泓 107.0 95.0 106.0 37.0 52.0 54.0 308.0 143.0 451.0
30908 陈诺 115.0 118.0 110.0 55.0 79.0 62.0 343.0 196.0 539.0
30909 陈申 108.0 98.0 125.0 51.0 88.0 72.0 331.0 211.0 542.0
30910 陈曦芃 114.0 64.0 131.0 64.0 57.0 69.0 309.0 190.0 499.0
30911 陈逸挺 103.0 51.0 102.0 64.0 60.0 49.0 256.0 173.0 429.0
30912 陈钰媛 111.0 87.0 125.0 44.0 59.0 51.0 323.0 154.0 477.0
30913 陈裕 92.0 82.0 111.0 52.0 68.0 68.0 285.0 188.0 473.0
30914 陈钊燚 110.0 105.0 121.0 74.0 83.0 59.0 336.0 216.0 552.0
30915 丁琪瑄 104.0 96.0 126.0 65.0 81.0 73.0 326.0 219.0 545.0
30916 丁泽晟 105.0 122.0 113.0 91.0 85.0 80.0 340.0 256.0 596.0
30917 董信步 110.0 108.0 97.0 55.0 79.0 65.0 315.0 199.0 514.0
30918 郭婉祺 111.0 130.0 123.0 84.0 77.0 73.0 364.0 234.0 598.0
30919 郭潇凯 105.0 85.0 118.0 70.0 61.0 69.0 308.0 200.0 508.0
30920 洪愿足 104.0 82.0 110.0 66.0 62.0 72.0 296.0 200.0 496.0
30921 黄川 111.0 111.0 117.0 63.0 80.0 69.0 339.0 212.0 551.0
30923 黄晓彤 101.0 56.0 117.0 30.0 24.0 53.0 274.0 107.0 381.0
30924 黄泽钦 110.0 123.0 109.0 83.0 77.0 78.0 342.0 238.0 580.0
30925 黄梓媛 115.0 97.0 131.0 61.0 32.0 78.0 343.0 171.0 514.0
30926 蓝菁 114.0 97.0 117.0 58.0 67.0 69.0 328.0 194.0 522.0
30927 李金洺 103.0 65.0 95.0 38.0 36.0 62.0 263.0 136.0 399.0
30928 李乐浩 114.0 95.0 116.0 51.0 69.0 64.0 325.0 184.0 509.0
30929 李泽銮 110.0 73.0 118.0 38.0 48.0 73.0 301.0 159.0 460.0
30930 林翰 108.0 82.0 117.0 52.0 68.0 66.0 307.0 186.0 493.0
30931 林洁娜 114.0 82.0 119.0 56.0 63.0 54.0 315.0 173.0 488.0
30932 林锦燕 110.0 115.0 120.0 85.0 79.0 70.0 345.0 234.0 579.0
30933 林仕居 106.0 115.0 116.0 75.0 79.0 66.0 337.0 220.0 557.0
30934 林铄浩 97.0 97.0 108.0 64.0 80.0 65.0 302.0 209.0 511.0
30935 林晓琪 109.0 90.0 138.0 51.0 74.0 53.0 337.0 178.0 515.0
30936 林依洁 114.0 94.0 115.0 55.0 68.0 68.0 323.0 191.0 514.0
30937 刘泳钊 104.0 66.0 112.0 34.0 49.0 41.0 282.0 124.0 406.0
30938 罗泽鑫 93.0 120.0 116.0 47.0 70.0 76.0 329.0 193.0 522.0
30939 欧阳苇航 106.0 112.0 106.0 73.0 93.0 81.0 324.0 247.0 571.0
30940 潘沛 111.0 86.0 104.0 50.0 52.0 62.0 301.0 164.0 465.0
30941 邱子涵 112.0 119.0 126.0 60.0 72.0 76.0 357.0 208.0 565.0
30942 芮滢 108.0 106.0 132.0 68.0 74.0 71.0 346.0 213.0 559.0
30943 沈子钦 109.0 88.0 129.0 57.0 55.0 66.0 326.0 178.0 504.0
30944 王逸楠 104.0 90.0 119.0 47.0 49.0 63.0 313.0 159.0 472.0
30945 王梓宜 104.0 101.0 99.0 52.0 83.0 57.0 304.0 192.0 496.0
30946 吴佳锡 120.0 91.0 114.0 68.0 75.0 76.0 325.0 219.0 544.0
30947 吴奕艾 107.0 83.0 92.0 39.0 55.0 74.0 282.0 168.0 450.0
30948 吴逸慈 96.0 108.0 113.0 43.0 80.0 73.0 317.0 196.0 513.0
30949 徐仰男 109.0 92.0 123.0 64.0 62.0 58.0 324.0 184.0 508.0
30950 杨亦茜 122.0 118.0 118.0 74.0 78.0 69.0 358.0 221.0 579.0
30951 姚炜琳 108.0 92.0 99.0 23.0 57.0 68.0 299.0 148.0 447.0
30952 余烁 114.0 103.0 120.0 51.0 72.0 62.0 337.0 185.0 522.0
30953 袁一欣 100.0 120.0 124.0 64.0 73.0 69.0 344.0 206.0 550.0
30954 曾慧宾 116.0 96.0 102.0 51.0 66.0 68.0 314.0 185.0 499.0
30956 张禾 118.0 105.0 126.0 49.0 75.0 71.0 349.0 195.0 544.0
30957 郑瑞锐 116.0 128.0 130.0 96.0 80.0 80.0 374.0 256.0 630.0
30958 郑闻铎 103.0 95.0 96.0 56.0 53.0 67.0 294.0 176.0 470.0
30959 郑勋 111.0 85.0 117.0 40.0 74.0 60.0 313.0 174.0 487.0
30960 郑哲 103.0 63.0 103.0 42.0 43.0 43.0 269.0 128.0 397.0
30961 朱海平 116.0 83.0 106.0 83.0 63.0 48.0 305.0 194.0 499.0
30962 庄瑞临 105.0 102.0 127.0 55.0 63.0 65.0 334.0 183.0 517.0
31001 蔡凡 97.0 96.0 117.0 39.0 77.0 63.0 310.0 179.0 489.0
31002 蔡若珂 119.0 86.0 111.0 44.0 76.0 70.0 316.0 190.0 506.0
31004 蔡周峰 108.0 89.0 128.0 73.0 72.0 57.0 325.0 202.0 527.0
31005 陈蓓蓓 87.0 94.0 114.0 45.0 67.0 63.0 295.0 175.0 470.0
31006 陈钧哲 107.0 128.0 114.0 75.0 87.0 56.0 349.0 218.0 567.0
31007 陈树煜 109.0 92.0 101.0 67.0 73.0 60.0 302.0 200.0 502.0
31008 陈泰霖 114.0 104.0 114.0 58.0 76.0 79.0 332.0 213.0 545.0
31009 陈童菲 113.0 108.0 121.0 61.0 85.0 72.0 342.0 218.0 560.0
31010 陈泽锋 98.0 88.0 95.0 58.0 79.0 57.0 281.0 194.0 475.0
31011 陈泽锐 105.0 65.0 106.0 56.0 48.0 50.0 276.0 154.0 430.0
31012 池逸和 102.0 119.0 125.0 39.0 65.0 79.0 346.0 183.0 529.0
31013 杜鑫 116.0 112.0 124.0 52.0 81.0 76.0 352.0 209.0 561.0
31014 范冬倪 110.0 74.0 115.0 60.0 66.0 66.0 299.0 192.0 491.0
31015 房瑜仪 113.0 121.0 106.0 85.0 83.0 62.0 340.0 230.0 570.0
31016 高帅博 97.0 111.0 123.0 66.0 83.0 54.0 331.0 203.0 534.0
31017 黄钿津 102.0 106.0 82.0 33.0 24.0 40.0 290.0 97.0 387.0
31018 黄兰馨 105.0 95.0 136.0 64.0 85.0 70.0 336.0 219.0 555.0
31019 黄立涵 101.0 112.0 114.0 88.0 71.0 74.0 327.0 233.0 560.0
31020 黄泽瀚 103.0 107.0 132.0 70.0 72.0 74.0 342.0 216.0 558.0
31021 纪南帆 103.0 88.0 95.0 41.0 55.0 54.0 286.0 150.0 436.0
31022 纪欣格 110.0 108.0 122.0 77.0 70.0 62.0 340.0 209.0 549.0
31023 金敏桦 112.0 115.0 128.0 50.0 87.0 80.0 355.0 217.0 572.0
31024 李嘉桦 101.0 92.0 112.0 55.0 57.0 66.0 305.0 178.0 483.0
31025 李芷佳 108.0 97.0 118.0 36.0 64.0 45.0 323.0 145.0 468.0
31026 林翠环 106.0 105.0 119.0 61.0 66.0 74.0 330.0 201.0 531.0
31027 林丹娜 105.0 114.0 121.0 58.0 77.0 72.0 340.0 207.0 547.0
31028 林婷婷 102.0 108.0 114.0 69.0 78.0 66.0 324.0 213.0 537.0
31029 林钰 109.0 72.0 132.0 67.0 53.0 50.0 313.0 170.0 483.0
31030 林展锋 114.0 103.0 118.0 27.0 57.0 57.0 335.0 141.0 476.0
31031 林子潼 108.0 100.0 112.0 88.0 88.0 62.0 320.0 238.0 558.0
31032 刘派佳 108.0 109.0 124.0 55.0 55.0 72.0 341.0 182.0 523.0
31033 陆天宇 106.0 90.0 116.0 42.0 66.0 68.0 312.0 176.0 488.0
31034 马殊 110.0 88.0 122.0 50.0 68.0 59.0 320.0 177.0 497.0
31036 邱煜群 105.0 117.0 118.0 54.0 70.0 80.0 340.0 204.0 544.0
31037 王昊东 103.0 93.0 110.0 72.0 75.0 72.0 306.0 219.0 525.0
31039 王岳 109.0 75.0 107.0 53.0 46.0 51.0 291.0 150.0 441.0
31040 王芸 100.0 98.0 103.0 28.0 48.0 61.0 301.0 137.0 438.0
31041 翁培锴 116.0 93.0 129.0 48.0 87.0 70.0 338.0 205.0 543.0
31042 吴铭洵 108.0 86.0 106.0 51.0 51.0 50.0 300.0 152.0 452.0
31043 吴楠 110.0 106.0 119.0 71.0 86.0 73.0 335.0 230.0 565.0
31044 吴新仪 110.0 99.0 126.0 64.0 66.0 67.0 335.0 197.0 532.0
31045 夏立嘉 103.0 98.0 124.0 81.0 78.0 69.0 325.0 228.0 553.0
31046 辛焜媛 106.0 111.0 122.0 90.0 62.0 62.0 339.0 214.0 553.0
31048 许思琪 105.0 75.0 110.0 36.0 58.0 69.0 290.0 163.0 453.0
31049 羊雪琪 115.0 109.0 119.0 75.0 83.0 78.0 343.0 236.0 579.0
31050 杨基石 106.0 89.0 111.0 37.0 73.0 58.0 306.0 168.0 474.0
31051 杨璐羽 109.0 99.0 123.0 64.0 78.0 74.0 331.0 216.0 547.0
31052 曾炀铃 103.0 83.0 118.0 51.0 67.0 52.0 304.0 170.0 474.0
31053 曾钰辉 110.0 89.0 102.0 54.0 59.0 63.0 301.0 176.0 477.0
31054 张森烔 109.0 88.0 118.0 44.0 60.0 67.0 315.0 171.0 486.0
31055 赵博瑄 97.0 76.0 109.0 49.0 37.0 48.0 282.0 134.0 416.0
31056 郑乐镔 104.0 90.0 95.0 60.0 55.0 53.0 289.0 168.0 457.0
31057 郑若晗 98.0 103.0 127.0 70.0 69.0 57.0 328.0 196.0 524.0
31058 郑少铭 93.0 54.0 0 63.0 12.0 6.0 0 81.0 0
31061 周之祺 112.0 123.0 115.0 98.0 64.0 68.0 350.0 230.0 580.0
31101 蔡滨 113.0 117.0 128.0 74.0 89.0 77.0 358.0 240.0 598.0
31102 曹耿槟 109.0 90.0 108.0 49.0 57.0 49.0 307.0 155.0 462.0
31103 陈浩钦 108.0 117.0 117.0 63.0 73.0 74.0 342.0 210.0 552.0
31104 陈洪昱 100.0 111.0 110.0 85.0 74.0 63.0 321.0 222.0 543.0
31105 陈令烨 113.0 90.0 136.0 79.0 87.0 76.0 339.0 242.0 581.0
31107 陈逸南 102.0 105.0 122.0 93.0 64.0 59.0 329.0 216.0 545.0
31108 陈逸天 105.0 80.0 116.0 73.0 75.0 63.0 301.0 211.0 512.0
31109 陈詠萩 110.0 87.0 132.0 58.0 71.0 79.0 329.0 208.0 537.0
31110 代桂敏 112.0 56.0 114.0 46.0 54.0 59.0 282.0 159.0 441.0
31111 方江鑫 111.0 112.0 111.0 72.0 84.0 72.0 334.0 228.0 562.0
31112 方武智 106.0 60.0 109.0 57.0 51.0 55.0 275.0 163.0 438.0
31113 高亦婷 113.0 87.0 128.0 53.0 54.0 67.0 328.0 174.0 502.0
31114 郭林凯 103.0 56.0 88.0 26.0 6.0 24.0 247.0 56.0 303.0
31115 黄航 118.0 102.0 127.0 81.0 76.0 74.0 347.0 231.0 578.0
31116 黄腾 115.0 86.0 110.0 74.0 57.0 69.0 311.0 200.0 511.0
31117 黄钰涵 94.0 86.0 101.0 61.0 50.0 66.0 281.0 177.0 458.0
31118 黄仲铖 103.0 65.0 110.0 31.0 79.0 61.0 278.0 171.0 449.0
31120 李琳纯 110.0 82.0 118.0 64.0 44.0 61.0 310.0 169.0 479.0
31121 李世濠 97.0 100.0 112.0 75.0 76.0 72.0 309.0 223.0 532.0
31122 李晓琳 115.0 88.0 108.0 73.0 73.0 61.0 311.0 207.0 518.0
31123 李旭纯 114.0 93.0 124.0 74.0 80.0 69.0 331.0 223.0 554.0
31124 林德明 117.0 116.0 106.0 94.0 76.0 79.0 339.0 249.0 588.0
31125 林介山 107.0 111.0 97.0 79.0 71.0 64.0 315.0 214.0 529.0
31126 林琳 104.0 98.0 108.0 47.0 62.0 63.0 310.0 172.0 482.0
31127 林南裕 109.0 82.0 118.0 48.0 86.0 70.0 309.0 204.0 513.0
31128 林烁 93.0 103.0 112.0 47.0 54.0 70.0 308.0 171.0 479.0
31129 林媛 106.0 74.0 97.0 45.0 72.0 52.0 277.0 169.0 446.0
31130 林泽豪 108.0 114.0 122.0 85.0 79.0 83.0 344.0 247.0 591.0
31131 林曾越 112.0 108.0 120.0 64.0 66.0 71.0 340.0 201.0 541.0
31132 卢楠 99.0 68.0 106.0 39.0 39.0 50.0 273.0 128.0 401.0
31133 罗世跃 90.0 105.0 99.0 69.0 46.0 66.0 294.0 181.0 475.0
31134 佘晓洁 100.0 68.0 118.0 64.0 42.0 46.0 286.0 152.0 438.0
31135 宋畅 111.0 87.0 119.0 62.0 55.0 65.0 317.0 182.0 499.0
31136 苏梓禄 94.0 55.0 76.0 43.0 40.0 34.0 225.0 117.0 342.0
31137 孙可欣 111.0 126.0 128.0 68.0 80.0 74.0 365.0 222.0 587.0
31138 王冬梅 107.0 95.0 115.0 84.0 65.0 79.0 317.0 228.0 545.0
31139 王睿琪 108.0 93.0 115.0 43.0 77.0 66.0 316.0 186.0 502.0
31140 王松波 98.0 111.0 116.0 87.0 74.0 77.0 325.0 238.0 563.0
31141 王宇涵 117.0 94.0 120.0 86.0 55.0 73.0 331.0 214.0 545.0
31142 翁锐鹏 96.0 63.0 79.0 33.0 28.0 53.0 238.0 114.0 352.0
31143 翁慎喆 107.0 82.0 122.0 41.0 67.0 58.0 311.0 166.0 477.0
31144 吴吉莉 104.0 74.0 131.0 64.0 54.0 75.0 309.0 193.0 502.0
31145 吴锦涛 100.0 91.0 89.0 39.0 43.0 44.0 280.0 126.0 406.0
31146 吴泽钟 110.0 88.0 110.0 85.0 77.0 77.0 308.0 239.0 547.0
31147 肖涵 98.0 94.0 126.0 52.0 65.0 73.0 318.0 190.0 508.0
31148 肖芷雅 111.0 105.0 126.0 57.0 60.0 71.0 342.0 188.0 530.0
31149 谢冬纯 112.0 122.0 126.0 77.0 87.0 79.0 360.0 243.0 603.0
31150 谢晴 115.0 91.0 122.0 67.0 60.0 69.0 328.0 196.0 524.0
31151 徐子东 98.0 94.0 121.0 84.0 73.0 70.0 313.0 227.0 540.0
31152 杨薇 118.0 110.0 111.0 76.0 89.0 74.0 339.0 239.0 578.0
31153 杨艺霞 110.0 115.0 125.0 79.0 76.0 82.0 350.0 237.0 587.0
31154 姚曙凯 108.0 105.0 109.0 58.0 73.0 66.0 322.0 197.0 519.0
31155 曾扬航 101.0 111.0 120.0 37.0 85.0 77.0 332.0 199.0 531.0
31156 张新阳 116.0 105.0 120.0 62.0 89.0 77.0 341.0 228.0 569.0
31157 郑长河 109.0 84.0 114.0 68.0 53.0 65.0 307.0 186.0 493.0
31158 郑力中 118.0 89.0 123.0 54.0 75.0 68.0 330.0 197.0 527.0
31159 郑润华 120.0 101.0 121.0 58.0 69.0 70.0 342.0 197.0 539.0
31160 郑逸锋 100.0 121.0 122.0 105.0 75.0 75.0 343.0 255.0 598.0
31161 周锦煜 107.0 65.0 118.0 47.0 58.0 66.0 290.0 171.0 461.0
31201 陈健颖 102.0 125.0 117.0 88.0 83.0 80.0 344.0 251.0 595.0
31202 陈楠弘 107.0 106.0 117.0 50.0 68.0 60.0 330.0 178.0 508.0
31203 陈祈丹 98.0 58.0 103.0 46.0 29.0 54.0 259.0 129.0 388.0
31204 陈舒颖 116.0 92.0 121.0 76.0 84.0 60.0 329.0 220.0 549.0
31205 陈晓婷 102.0 87.0 117.0 67.0 59.0 65.0 306.0 191.0 497.0
31206 陈雅昕 110.0 125.0 129.0 101.0 88.0 79.0 364.0 268.0 632.0
31208 陈裕渊 107.0 103.0 129.0 72.0 81.0 74.0 339.0 227.0 566.0
31209 程梓 99.0 67.0 106.0 75.0 66.0 34.0 272.0 175.0 447.0
31210 池霖锋 116.0 88.0 108.0 69.0 73.0 75.0 312.0 217.0 529.0
31211 高丹敏 111.0 120.0 116.0 69.0 71.0 59.0 347.0 199.0 546.0
31212 洪耿鑫 102.0 86.0 92.0 68.0 81.0 68.0 280.0 217.0 497.0
31213 洪泳琪 108.0 104.0 133.0 66.0 93.0 76.0 345.0 235.0 580.0
31214 黄骏涵 103.0 85.0 77.0 70.0 58.0 53.0 265.0 181.0 446.0
31215 黄丽楠 104.0 77.0 97.0 49.0 59.0 60.0 278.0 168.0 446.0
31216 黄绵煌 95.0 82.0 118.0 40.0 60.0 56.0 295.0 156.0 451.0
31217 黄曦宇 103.0 87.0 108.0 53.0 40.0 54.0 298.0 147.0 445.0
31218 李洁淳 102.0 89.0 103.0 82.0 53.0 57.0 294.0 192.0 486.0
31219 李晓波 96.0 86.0 97.0 69.0 80.0 78.0 279.0 227.0 506.0
31220 李育纯 119.0 89.0 107.0 62.0 76.0 59.0 315.0 197.0 512.0
31221 李云山 104.0 126.0 109.0 84.0 72.0 65.0 339.0 221.0 560.0
31222 林翰韬 102.0 85.0 132.0 64.0 69.0 65.0 319.0 198.0 517.0
31223 林靖 119.0 111.0 135.0 90.0 92.0 70.0 365.0 252.0 617.0
31224 林敏英 111.0 107.0 114.0 72.0 67.0 72.0 332.0 211.0 543.0
31225 林汪灏 97.0 70.0 113.0 51.0 45.0 54.0 280.0 150.0 430.0
31226 林晓仰 115.0 81.0 122.0 42.0 79.0 74.0 318.0 195.0 513.0
31227 刘陈婷 115.0 104.0 133.0 75.0 89.0 74.0 352.0 238.0 590.0
31228 刘淇文 90.0 79.0 107.0 36.0 64.0 53.0 276.0 153.0 429.0
31229 刘逸璋 110.0 100.0 128.0 58.0 71.0 62.0 338.0 191.0 529.0
31230 罗立扬 110.0 96.0 109.0 92.0 79.0 60.0 315.0 231.0 546.0
31231 马尚霖 100.0 84.0 112.0 53.0 54.0 55.0 296.0 162.0 458.0
31232 沈楠 108.0 86.0 117.0 78.0 65.0 63.0 311.0 206.0 517.0
31233 孙奇 113.0 140.0 128.0 98.0 96.0 83.0 381.0 277.0 658.0
31234 孙泽鑫 104.0 87.0 87.0 47.0 54.0 62.0 278.0 163.0 441.0
31235 王锴 120.0 113.0 126.0 71.0 90.0 78.0 359.0 239.0 598.0
31236 王婉仪 100.0 67.0 123.0 32.0 58.0 56.0 290.0 146.0 436.0
31237 王炜 101.0 125.0 125.0 71.0 90.0 70.0 351.0 231.0 582.0
31238 王志鹏 102.0 90.0 119.0 57.0 68.0 66.0 311.0 191.0 502.0
31239 王梓菁 91.0 84.0 126.0 71.0 76.0 74.0 301.0 221.0 522.0
31240 翁子腾 94.0 116.0 108.0 88.0 69.0 71.0 318.0 228.0 546.0
31241 吴宏振 97.0 91.0 104.0 47.0 71.0 56.0 292.0 174.0 466.0
31243 吴晓杰 104.0 106.0 119.0 74.0 86.0 72.0 329.0 232.0 561.0
31244 肖扬秀 98.0 105.0 126.0 68.0 87.0 70.0 329.0 225.0 554.0
31245 谢艾津 126.0 104.0 109.0 45.0 47.0 53.0 339.0 145.0 484.0
31246 谢泽杰 105.0 104.0 117.0 75.0 74.0 59.0 326.0 208.0 534.0
31247 许涵英 104.0 101.0 124.0 62.0 97.0 74.0 329.0 233.0 562.0
31248 许佳森 111.0 69.0 83.0 51.0 46.0 65.0 263.0 162.0 425.0
31249 许桐辉 104.0 71.0 106.0 54.0 75.0 48.0 281.0 177.0 458.0
31250 杨时骅 98.0 38.0 110.0 33.0 33.0 45.0 246.0 111.0 357.0
31251 杨时颖 106.0 86.0 121.0 54.0 75.0 59.0 313.0 188.0 501.0
31252 余洢彤 99.0 80.0 114.0 49.0 57.0 51.0 293.0 157.0 450.0
31253 曾婵娟 117.0 99.0 128.0 75.0 81.0 64.0 344.0 220.0 564.0
31254 张漫卿 102.0 74.0 92.0 31.0 54.0 57.0 268.0 142.0 410.0
31255 张睿莹 106.0 92.0 115.0 59.0 90.0 70.0 313.0 219.0 532.0
31256 张艺涵 105.0 108.0 104.0 56.0 81.0 70.0 317.0 207.0 524.0
31257 郑思思 100.0 78.0 107.0 41.0 67.0 56.0 285.0 164.0 449.0
31258 郑希彦 110.0 84.0 124.0 63.0 67.0 64.0 318.0 194.0 512.0
31259 郑以豪 104.0 99.0 108.0 60.0 90.0 75.0 311.0 225.0 536.0
31261 朱源腾 98.0 107.0 100.0 49.0 75.0 72.0 305.0 196.0 501.0
31262 朱越 121.0 118.0 134.0 88.0 68.0 81.0 373.0 237.0 610.0
31301 蔡祎晖 110.0 117.0 114.0 74.0 82.0 69.0 341.0 225.0 566.0
31302 蔡永杰 102.0 85.0 100.0 68.0 66.0 61.0 287.0 195.0 482.0
31303 蔡泽莎 103.0 116.0 124.0 60.0 57.0 68.0 343.0 185.0 528.0
31304 蔡芝恬 120.0 84.0 126.0 75.0 50.0 67.0 330.0 192.0 522.0
31305 陈璐 107.0 95.0 118.0 49.0 35.0 65.0 320.0 149.0 469.0
31306 陈冉 113.0 88.0 136.0 72.0 70.0 73.0 337.0 215.0 552.0
31308 陈宇铭 97.0 94.0 118.0 55.0 73.0 62.0 309.0 190.0 499.0
31309 陈岳彬 101.0 80.0 114.0 67.0 40.0 63.0 295.0 170.0 465.0
31310 郭剑豪 105.0 115.0 124.0 87.0 69.0 76.0 344.0 232.0 576.0
31311 黄凯丽 97.0 89.0 112.0 61.0 67.0 56.0 298.0 184.0 482.0
31313 黄桢栩 99.0 82.0 116.0 65.0 58.0 55.0 297.0 178.0 475.0
31314 黄柱铭 99.0 85.0 108.0 51.0 55.0 63.0 292.0 169.0 461.0
31315 赖浩锋 107.0 104.0 122.0 73.0 83.0 74.0 333.0 230.0 563.0
31317 林耿烨 109.0 108.0 116.0 62.0 78.0 82.0 333.0 222.0 555.0
31318 林炜钿 112.0 82.0 108.0 28.0 67.0 76.0 302.0 171.0 473.0
31319 林业渺 109.0 102.0 109.0 38.0 57.0 66.0 320.0 161.0 481.0
31320 林子棉 112.0 117.0 111.0 66.0 69.0 74.0 340.0 209.0 549.0
31321 刘佳彤 111.0 97.0 129.0 43.0 59.0 63.0 337.0 165.0 502.0
31322 刘珊 114.0 115.0 129.0 63.0 55.0 65.0 358.0 183.0 541.0
31323 陆齐 105.0 90.0 115.0 55.0 58.0 62.0 310.0 175.0 485.0
31324 马丹泓 102.0 85.0 80.0 44.0 76.0 62.0 267.0 182.0 449.0
31325 马伟根 109.0 122.0 122.0 95.0 90.0 84.0 353.0 269.0 622.0
31326 欧斐斐 120.0 110.0 136.0 70.0 76.0 77.0 366.0 223.0 589.0
31327 宋伊钿 113.0 78.0 120.0 60.0 47.0 48.0 311.0 155.0 466.0
31328 苏昉 110.0 74.0 122.0 82.0 70.0 70.0 306.0 222.0 528.0
31329 孙佳笙 104.0 99.0 118.0 65.0 72.0 60.0 321.0 197.0 518.0
31330 孙隽源 107.0 124.0 129.0 92.0 76.0 71.0 360.0 239.0 599.0
31331 吴国炀 106.0 102.0 117.0 57.0 60.0 60.0 325.0 177.0 502.0
31332 吴铭泓 115.0 122.0 122.0 64.0 69.0 77.0 359.0 210.0 569.0
31333 吴任诚 105.0 70.0 96.0 39.0 48.0 64.0 271.0 151.0 422.0
31334 吴之林 120.0 90.0 115.0 53.0 77.0 76.0 325.0 206.0 531.0
31335 肖林昕 88.0 49.0 119.0 17.0 37.0 61.0 256.0 115.0 371.0
31336 谢键焕 118.0 123.0 112.0 69.0 83.0 69.0 353.0 221.0 574.0
31338 徐略 104.0 87.0 100.0 29.0 35.0 46.0 291.0 110.0 401.0
31339 徐紫丹 108.0 86.0 106.0 40.0 56.0 50.0 300.0 146.0 446.0
31340 许锦涛 110.0 97.0 113.0 65.0 76.0 60.0 320.0 201.0 521.0
31341 许稚芝 113.0 98.0 125.0 48.0 73.0 62.0 336.0 183.0 519.0
31342 许宗蕾 82.0 90.0 101.0 27.0 64.0 65.0 273.0 156.0 429.0
31343 颜舒洁 113.0 76.0 116.0 30.0 36.0 70.0 305.0 136.0 441.0
31344 羊恩跃 108.0 128.0 98.0 67.0 68.0 65.0 334.0 200.0 534.0
31345 杨璐洁 115.0 91.0 121.0 61.0 60.0 67.0 327.0 188.0 515.0
31346 杨宓 118.0 98.0 119.0 43.0 71.0 76.0 335.0 190.0 525.0
31347 杨晓虹 113.0 65.0 106.0 44.0 69.0 68.0 284.0 181.0 465.0
31348 姚佳宜 112.0 113.0 112.0 91.0 71.0 71.0 337.0 233.0 570.0
31349 姚星宇 102.0 99.0 113.0 67.0 60.0 56.0 314.0 183.0 497.0
31350 姚映苗 118.0 90.0 123.0 40.0 65.0 61.0 331.0 166.0 497.0
31351 余嘉梓 106.0 102.0 105.0 60.0 75.0 73.0 313.0 208.0 521.0
31354 曾坚锐 107.0 86.0 119.0 75.0 72.0 65.0 312.0 212.0 524.0
31355 曾妍 110.0 106.0 103.0 53.0 65.0 64.0 319.0 182.0 501.0
31356 詹海鹏 123.0 139.0 103.0 79.0 66.0 77.0 365.0 222.0 587.0
31357 詹絮素 104.0 86.0 107.0 48.0 54.0 55.0 297.0 157.0 454.0
31358 张泽恩 112.0 87.0 104.0 54.0 63.0 64.0 303.0 181.0 484.0
31359 章智秋 100.0 117.0 108.0 93.0 75.0 75.0 325.0 243.0 568.0
31360 郑少锐 113.0 75.0 87.0 75.0 57.0 71.0 275.0 203.0 478.0
31361 郑泽明 120.0 107.0 112.0 82.0 75.0 74.0 339.0 231.0 570.0
31362 庄鸿鑫 115.0 115.0 126.0 87.0 90.0 72.0 356.0 249.0 605.0
31401 陈岱芃 127.0 94.0 142.0 60.0 80.0 78.0 363.0 218.0 581.0
31402 陈端华 117.0 102.0 120.0 37.0 64.0 62.0 339.0 163.0 502.0
31403 陈挥遒 109.0 75.0 115.0 56.0 66.0 54.0 299.0 176.0 475.0
31404 陈建诚 107.0 123.0 133.0 41.0 69.0 63.0 363.0 173.0 536.0
31405 陈沛峰 105.0 62.0 80.0 55.0 48.0 68.0 247.0 171.0 418.0
31406 陈芃 104.0 99.0 113.0 55.0 80.0 60.0 316.0 195.0 511.0
31407 陈铄霓 112.0 86.0 111.0 41.0 63.0 67.0 309.0 171.0 480.0
31408 陈奕希 115.0 78.0 124.0 54.0 62.0 63.0 317.0 179.0 496.0
31409 陈泽伟 114.0 94.0 116.0 84.0 80.0 70.0 324.0 234.0 558.0
31410 陈喆慧 107.0 89.0 93.0 77.0 63.0 63.0 289.0 203.0 492.0
31411 陈至渲 108.0 119.0 130.0 81.0 78.0 75.0 357.0 234.0 591.0
31413 邓昱聪 109.0 91.0 119.0 91.0 57.0 65.0 319.0 213.0 532.0
31414 邓泽淳 113.0 95.0 101.0 47.0 54.0 63.0 309.0 164.0 473.0
31415 冯嘉俊 105.0 90.0 91.0 63.0 78.0 71.0 286.0 212.0 498.0
31416 龚泽颖 114.0 98.0 129.0 77.0 82.0 78.0 341.0 237.0 578.0
31417 郭冰桦 111.0 74.0 132.0 70.0 76.0 74.0 317.0 220.0 537.0
31418 黄恩童 117.0 100.0 122.0 54.0 69.0 72.0 339.0 195.0 534.0
31419 黄桂凤 113.0 78.0 96.0 67.0 36.0 62.0 287.0 165.0 452.0
31420 江锦虹 105.0 112.0 128.0 55.0 63.0 68.0 345.0 186.0 531.0
31421 李佳晟 117.0 112.0 135.0 65.0 67.0 67.0 364.0 199.0 563.0
31422 李楠 115.0 122.0 117.0 61.0 81.0 71.0 354.0 213.0 567.0
31423 李舒婷 112.0 110.0 121.0 54.0 51.0 73.0 343.0 178.0 521.0
31424 李易熹 110.0 114.0 126.0 64.0 92.0 68.0 350.0 224.0 574.0
31425 林泓 87.0 83.0 108.0 51.0 70.0 72.0 278.0 193.0 471.0
31426 林可依 122.0 115.0 112.0 60.0 70.0 67.0 349.0 197.0 546.0
31427 林珮汝 103.0 98.0 117.0 50.0 70.0 48.0 318.0 168.0 486.0
31428 林心玥 106.0 78.0 117.0 34.0 48.0 51.0 301.0 133.0 434.0
31429 刘硕霓 117.0 112.0 131.0 93.0 77.0 80.0 360.0 250.0 610.0
31431 卢琳绵 114.0 97.0 109.0 74.0 73.0 74.0 320.0 221.0 541.0
31432 吕远东 116.0 102.0 114.0 89.0 70.0 60.0 332.0 219.0 551.0
31433 马旭民 111.0 132.0 109.0 91.0 81.0 76.0 352.0 248.0 600.0
31434 麦泽涵 119.0 100.0 132.0 62.0 82.0 71.0 351.0 215.0 566.0
31435 邱鸿鑫 110.0 101.0 121.0 72.0 69.0 50.0 332.0 191.0 523.0
31436 邱诗钿 93.0 69.0 88.0 44.0 43.0 50.0 250.0 137.0 387.0
31437 邱梓妍 112.0 90.0 122.0 87.0 73.0 78.0 324.0 238.0 562.0
31438 谭妍真 111.0 68.0 109.0 52.0 75.0 72.0 288.0 199.0 487.0
31439 王毓佳 110.0 66.0 90.0 49.0 44.0 72.0 266.0 165.0 431.0
31440 吴昊 114.0 64.0 130.0 28.0 50.0 79.0 308.0 157.0 465.0
31441 吴浩瀚 116.0 94.0 110.0 70.0 65.0 68.0 320.0 203.0 523.0
31442 吴彤君 100.0 95.0 117.0 64.0 63.0 41.0 312.0 168.0 480.0
31443 肖培亮 109.0 101.0 118.0 85.0 74.0 66.0 328.0 225.0 553.0
31444 谢碧瑶 108.0 104.0 118.0 66.0 77.0 69.0 330.0 212.0 542.0
31445 辛杨淳 119.0 99.0 121.0 63.0 70.0 74.0 339.0 207.0 546.0
31446 徐国玮 122.0 92.0 118.0 50.0 76.0 57.0 332.0 183.0 515.0
31447 徐铤 104.0 124.0 135.0 70.0 93.0 72.0 363.0 235.0 598.0
31448 许凯涵 109.0 99.0 125.0 51.0 69.0 76.0 333.0 196.0 529.0
31449 许正纲 106.0 94.0 83.0 38.0 69.0 67.0 283.0 174.0 457.0
31450 杨琳 112.0 90.0 109.0 48.0 85.0 56.0 311.0 189.0 500.0
31451 杨泽仪 107.0 91.0 130.0 58.0 82.0 54.0 328.0 194.0 522.0
31452 姚广濠 117.0 130.0 129.0 69.0 76.0 72.0 376.0 217.0 593.0
31453 叶济东 97.0 96.0 123.0 42.0 71.0 73.0 316.0 186.0 502.0
31454 叶洋 101.0 92.0 107.0 70.0 67.0 61.0 300.0 198.0 498.0
31455 余旭玮 98.0 88.0 126.0 49.0 41.0 49.0 312.0 139.0 451.0
31456 曾思沛 102.0 73.0 105.0 69.0 78.0 55.0 280.0 202.0 482.0
31457 张睿博 112.0 90.0 110.0 48.0 73.0 60.0 312.0 181.0 493.0
31458 章炫锐 110.0 93.0 122.0 86.0 82.0 74.0 325.0 242.0 567.0
31459 章梓烨 112.0 88.0 67.0 49.0 45.0 41.0 267.0 135.0 402.0
31460 郑康 108.0 100.0 111.0 33.0 67.0 64.0 319.0 164.0 483.0
31461 郑宇婷 111.0 79.0 124.0 67.0 59.0 63.0 314.0 189.0 503.0
31462 庄泽达 101.0 45.0 80.0 26.0 32.0 41.0 226.0 99.0 325.0
31501 蔡嘉煜 111.0 95.0 110.0 50.0 65.0 60.0 316.0 175.0 491.0
31502 陈力 102.0 78.0 107.0 59.0 82.0 70.0 287.0 211.0 498.0
31503 陈梦琪 109.0 116.0 130.0 71.0 94.0 71.0 355.0 236.0 591.0
31504 陈培铭 103.0 111.0 121.0 80.0 69.0 81.0 335.0 230.0 565.0
31505 陈佩恋 113.0 103.0 113.0 57.0 69.0 60.0 329.0 186.0 515.0
31506 陈斯哲 100.0 114.0 115.0 70.0 79.0 73.0 329.0 222.0 551.0
31507 陈文浩 109.0 120.0 120.0 66.0 77.0 84.0 349.0 227.0 576.0
31508 陈漪皓 107.0 107.0 128.0 77.0 77.0 42.0 342.0 196.0 538.0
31509 陈溢煌 107.0 101.0 94.0 51.0 56.0 74.0 302.0 181.0 483.0
31510 陈梓轩 111.0 86.0 93.0 54.0 53.0 55.0 290.0 162.0 452.0
31511 程晓婷 116.0 101.0 129.0 65.0 89.0 74.0 346.0 228.0 574.0
31512 杜浜弘 97.0 83.0 96.0 61.0 40.0 40.0 276.0 141.0 417.0
31513 杜佳锴 97.0 113.0 112.0 72.0 65.0 53.0 322.0 190.0 512.0
31514 方宇驰 109.0 88.0 94.0 65.0 65.0 77.0 291.0 207.0 498.0
31515 高越 108.0 122.0 127.0 69.0 74.0 77.0 357.0 220.0 577.0
31516 洪戈 116.0 118.0 126.0 62.0 70.0 64.0 360.0 196.0 556.0
31517 黄向鸿 115.0 109.0 122.0 58.0 78.0 75.0 346.0 211.0 557.0
31518 黄泽山 76.0 88.0 71.0 57.0 35.0 39.0 235.0 131.0 366.0
31519 黄梓彤 104.0 87.0 132.0 56.0 55.0 64.0 323.0 175.0 498.0
31520 柯金宏 114.0 116.0 127.0 79.0 84.0 69.0 357.0 232.0 589.0
31521 赖炜豪 115.0 95.0 121.0 62.0 81.0 71.0 331.0 214.0 545.0
31522 李涵 101.0 101.0 120.0 57.0 73.0 63.0 322.0 193.0 515.0
31523 李沐峻 101.0 93.0 107.0 40.0 64.0 56.0 301.0 160.0 461.0
31524 李润熹 102.0 95.0 122.0 82.0 86.0 66.0 319.0 234.0 553.0
31525 李舒婷 111.0 97.0 122.0 50.0 77.0 69.0 330.0 196.0 526.0
31526 李梓煌 115.0 84.0 123.0 87.0 43.0 63.0 322.0 193.0 515.0
31527 林钗 116.0 79.0 102.0 63.0 84.0 75.0 297.0 222.0 519.0
31528 林若欣 106.0 82.0 117.0 72.0 74.0 70.0 305.0 216.0 521.0
31529 林爽 95.0 74.0 118.0 63.0 59.0 61.0 287.0 183.0 470.0
31530 刘粉婷 115.0 101.0 130.0 83.0 92.0 81.0 346.0 256.0 602.0
31531 刘烨桦 108.0 83.0 129.0 48.0 64.0 66.0 320.0 178.0 498.0
31532 彭瀚锟 110.0 101.0 101.0 85.0 66.0 62.0 312.0 213.0 525.0
31533 邱霜晓 105.0 93.0 110.0 43.0 61.0 63.0 308.0 167.0 475.0
31534 沈晓琦 111.0 91.0 123.0 73.0 80.0 76.0 325.0 229.0 554.0
31535 王曙丹 113.0 107.0 119.0 81.0 55.0 60.0 339.0 196.0 535.0
31536 王泽翔 101.0 78.0 102.0 48.0 68.0 64.0 281.0 180.0 461.0
31537 翁梓洪 92.0 74.0 99.0 22.0 42.0 55.0 265.0 119.0 384.0
31538 吴林瀚 99.0 97.0 117.0 65.0 81.0 70.0 313.0 216.0 529.0
31539 夏梓斌 111.0 25.0 90.0 43.0 43.0 45.0 226.0 131.0 357.0
31540 谢梦霞 112.0 69.0 118.0 38.0 66.0 70.0 299.0 174.0 473.0
31541 谢泳凯 106.0 134.0 120.0 102.0 97.0 88.0 360.0 287.0 647.0
31542 谢植煌 109.0 87.0 96.0 48.0 74.0 64.0 292.0 186.0 478.0
31543 徐国瑞 107.0 84.0 114.0 80.0 62.0 77.0 305.0 219.0 524.0
31544 许欢 98.0 98.0 109.0 40.0 73.0 57.0 305.0 170.0 475.0
31545 许越 104.0 91.0 127.0 65.0 62.0 59.0 322.0 186.0 508.0
31546 杨小嬉 120.0 95.0 124.0 27.0 56.0 60.0 339.0 143.0 482.0
31547 杨铮楷 115.0 117.0 116.0 71.0 72.0 73.0 348.0 216.0 564.0
31548 姚喆仪 108.0 99.0 119.0 63.0 64.0 71.0 326.0 198.0 524.0
31549 袁若瑶 112.0 119.0 115.0 70.0 76.0 73.0 346.0 219.0 565.0
31550 曾少擎 112.0 96.0 126.0 69.0 70.0 74.0 334.0 213.0 547.0
31551 曾欣哲 114.0 109.0 121.0 59.0 85.0 72.0 344.0 216.0 560.0
31552 张志鹏 115.0 109.0 107.0 93.0 65.0 80.0 331.0 238.0 569.0
31553 赵晓冰 107.0 104.0 108.0 45.0 48.0 55.0 319.0 148.0 467.0
31554 郑帆 114.0 86.0 128.0 74.0 65.0 69.0 328.0 208.0 536.0
31556 郑婕 111.0 98.0 124.0 89.0 68.0 69.0 333.0 226.0 559.0
31557 郑钧璟 107.0 98.0 133.0 63.0 61.0 66.0 338.0 190.0 528.0
31558 郑丽璇 109.0 120.0 130.0 60.0 74.0 67.0 359.0 201.0 560.0
31559 郑婷芝 108.0 90.0 119.0 63.0 85.0 70.0 317.0 218.0 535.0
31560 郑鑫海 104.0 99.0 121.0 64.0 67.0 53.0 324.0 184.0 508.0
31561 周健驰 84.0 99.0 95.0 83.0 59.0 71.0 278.0 213.0 491.0
31562 邹丹纯 106.0 96.0 127.0 57.0 61.0 57.0 329.0 175.0 504.0
31601 蔡慈瀚 111.0 126.0 132.0 97.0 68.0 70.0 369.0 235.0 604.0
31602 蔡君悦 97.0 88.0 117.0 61.0 66.0 69.0 302.0 196.0 498.0
31603 陈东晗 104.0 103.0 118.0 53.0 90.0 63.0 325.0 206.0 531.0
31604 陈佳伶 102.0 77.0 112.0 82.0 74.0 66.0 291.0 222.0 513.0
31605 陈佳盈 99.0 97.0 113.0 78.0 63.0 64.0 309.0 205.0 514.0
31606 陈力 105.0 104.0 122.0 66.0 88.0 70.0 331.0 224.0 555.0
31607 陈敏儿 109.0 107.0 128.0 90.0 71.0 73.0 344.0 234.0 578.0
31608 陈派捷 91.0 100.0 97.0 74.0 57.0 59.0 288.0 190.0 478.0
31609 陈日 101.0 80.0 121.0 52.0 37.0 61.0 302.0 150.0 452.0
31610 陈逸镕 116.0 89.0 114.0 50.0 58.0 64.0 319.0 172.0 491.0
31611 陈莹 91.0 90.0 114.0 50.0 73.0 54.0 295.0 177.0 472.0
31612 陈滢 121.0 94.0 104.0 64.0 82.0 82.0 319.0 228.0 547.0
31613 陈梓鑫 108.0 82.0 119.0 52.0 67.0 55.0 309.0 174.0 483.0
31614 方浩锴 109.0 91.0 129.0 74.0 69.0 51.0 329.0 194.0 523.0
31615 黄谷 105.0 78.0 124.0 48.0 82.0 63.0 307.0 193.0 500.0
31617 黄锐敏 104.0 105.0 133.0 54.0 78.0 73.0 342.0 205.0 547.0
31618 黄少邑 105.0 95.0 118.0 59.0 59.0 70.0 318.0 188.0 506.0
31619 黄舒乐 107.0 98.0 120.0 66.0 50.0 49.0 325.0 165.0 490.0
31620 江佳仪 113.0 104.0 122.0 82.0 78.0 70.0 339.0 230.0 569.0
31621 李嘉鑫 101.0 87.0 89.0 44.0 73.0 53.0 277.0 170.0 447.0
31622 李琳丹 117.0 94.0 123.0 80.0 74.0 62.0 334.0 216.0 550.0
31623 李暄婷 107.0 110.0 118.0 63.0 67.0 57.0 335.0 187.0 522.0
31624 李奕 105.0 79.0 118.0 35.0 53.0 58.0 302.0 146.0 448.0
31625 廖骊涵 106.0 100.0 118.0 49.0 64.0 68.0 324.0 181.0 505.0
31626 廖澍镔 100.0 92.0 124.0 88.0 84.0 80.0 316.0 252.0 568.0
31627 林灿荣 97.0 99.0 119.0 79.0 50.0 63.0 315.0 192.0 507.0
31628 林冠之 100.0 89.0 106.0 55.0 64.0 67.0 295.0 186.0 481.0
31629 林楠 97.0 102.0 105.0 67.0 74.0 65.0 304.0 206.0 510.0
31630 林树红 109.0 83.0 114.0 47.0 73.0 77.0 306.0 197.0 503.0
31631 林仪 108.0 87.0 118.0 38.0 52.0 63.0 313.0 153.0 466.0
31632 林意 117.0 107.0 109.0 52.0 59.0 62.0 333.0 173.0 506.0
31634 刘奕 100.0 77.0 99.0 50.0 69.0 64.0 276.0 183.0 459.0
31635 刘泽 98.0 77.0 105.0 28.0 56.0 55.0 280.0 139.0 419.0
31637 卢开书 97.0 91.0 108.0 60.0 71.0 70.0 296.0 201.0 497.0
31638 马润青 108.0 109.0 129.0 57.0 89.0 70.0 346.0 216.0 562.0
31639 彭灏 109.0 80.0 123.0 46.0 67.0 65.0 312.0 178.0 490.0
31640 孙熹珣 102.0 85.0 118.0 62.0 63.0 67.0 305.0 192.0 497.0
31641 孙烨 117.0 99.0 124.0 49.0 65.0 59.0 340.0 173.0 513.0
31642 王海槟 106.0 97.0 117.0 83.0 73.0 70.0 320.0 226.0 546.0
31643 王晓钟 114.0 109.0 120.0 85.0 88.0 73.0 343.0 246.0 589.0
31644 王雨青 110.0 85.0 113.0 59.0 70.0 55.0 308.0 184.0 492.0
31645 吴毅聪 97.0 62.0 113.0 60.0 38.0 61.0 272.0 159.0 431.0
31646 吴梓帆 107.0 112.0 115.0 87.0 88.0 75.0 334.0 250.0 584.0
31647 谢尘沐 113.0 66.0 122.0 41.0 60.0 72.0 301.0 173.0 474.0
31648 谢锦珮 111.0 77.0 125.0 31.0 75.0 65.0 313.0 171.0 484.0
31649 谢小雪 115.0 123.0 125.0 78.0 75.0 76.0 363.0 229.0 592.0
31650 谢奕纯 96.0 86.0 127.0 42.0 55.0 39.0 309.0 136.0 445.0
31651 杨涵 97.0 94.0 117.0 37.0 60.0 70.0 308.0 167.0 475.0
31652 姚采妮 100.0 62.0 107.0 49.0 71.0 41.0 269.0 161.0 430.0
31653 余泽泰 114.0 95.0 135.0 66.0 84.0 82.0 344.0 232.0 576.0
31654 张泽琳 113.0 118.0 129.0 59.0 86.0 73.0 360.0 218.0 578.0
31655 张泽宇 111.0 108.0 122.0 75.0 83.0 74.0 341.0 232.0 573.0
31656 章婉仪 100.0 93.0 129.0 34.0 63.0 50.0 322.0 147.0 469.0
31657 赵先铎 103.0 121.0 121.0 90.0 83.0 65.0 345.0 238.0 583.0
31658 郑涵禧 104.0 93.0 104.0 44.0 59.0 57.0 301.0 160.0 461.0
31660 郑镇灏 104.0 93.0 116.0 66.0 67.0 59.0 313.0 192.0 505.0
31661 郑重 97.0 107.0 120.0 81.0 55.0 40.0 324.0 176.0 500.0
31662 朱俊宇 103.0 74.0 104.0 23.0 42.0 57.0 281.0 122.0 403.0
31663 庄声锐 101.0 71.0 92.0 39.0 39.0 61.0 264.0 139.0 403.0
31701 蔡金沛 98.0 113.0 110.0 42.0 85.0 73.0 321.0 200.0 521.0
31702 蔡俊峰 112.0 88.0 121.0 50.0 81.0 69.0 321.0 200.0 521.0
31703 曹宇韬 101.0 87.0 99.0 70.0 53.0 52.0 287.0 175.0 462.0
31704 陈大立 102.0 122.0 118.0 80.0 95.0 69.0 342.0 244.0 586.0
31705 陈浩杰 99.0 106.0 114.0 51.0 65.0 67.0 319.0 183.0 502.0
31706 陈沛润 109.0 118.0 111.0 49.0 51.0 67.0 338.0 167.0 505.0
31707 陈锐 112.0 122.0 122.0 67.0 82.0 79.0 356.0 228.0 584.0
31708 陈烁 93.0 92.0 89.0 68.0 69.0 64.0 274.0 201.0 475.0
31709 陈学诚 98.0 99.0 124.0 74.0 69.0 67.0 321.0 210.0 531.0
31710 陈韫颖 105.0 82.0 127.0 37.0 77.0 59.0 314.0 173.0 487.0
31712 陈中一 99.0 100.0 121.0 85.0 40.0 22.0 320.0 147.0 467.0
31713 何伊慧 103.0 96.0 115.0 82.0 56.0 71.0 314.0 209.0 523.0
31714 侯思涵 110.0 91.0 128.0 39.0 54.0 67.0 329.0 160.0 489.0
31715 黄彬霆 111.0 76.0 122.0 55.0 70.0 73.0 309.0 198.0 507.0
31717 黄光炳 94.0 63.0 96.0 38.0 38.0 62.0 253.0 138.0 391.0
31718 黄慧敏 119.0 93.0 131.0 54.0 80.0 72.0 343.0 206.0 549.0
31719 黄思翰 101.0 126.0 129.0 85.0 77.0 66.0 356.0 228.0 584.0
31720 黄伟纯 114.0 83.0 115.0 40.0 63.0 75.0 312.0 178.0 490.0
31721 黄莹 101.0 119.0 116.0 88.0 69.0 63.0 336.0 220.0 556.0
31722 黄梓芸 113.0 74.0 99.0 34.0 55.0 55.0 286.0 144.0 430.0
31723 江相渝 95.0 69.0 98.0 24.0 59.0 57.0 262.0 140.0 402.0
31724 李洁瀚 108.0 104.0 120.0 59.0 77.0 68.0 332.0 204.0 536.0
31725 林仰 111.0 112.0 125.0 70.0 76.0 68.0 348.0 214.0 562.0
31726 林雍权 101.0 116.0 119.0 69.0 67.0 76.0 336.0 212.0 548.0
31727 刘嘉鑫 102.0 57.0 104.0 39.0 47.0 58.0 263.0 144.0 407.0
31729 卢仪蕊 110.0 81.0 116.0 61.0 50.0 55.0 307.0 166.0 473.0
31730 马学盈 110.0 110.0 119.0 59.0 74.0 61.0 339.0 194.0 533.0
31731 马直先 105.0 96.0 112.0 63.0 87.0 71.0 313.0 221.0 534.0
31732 麦博 106.0 110.0 125.0 73.0 73.0 56.0 341.0 202.0 543.0
31733 欧阳生 113.0 119.0 117.0 71.0 80.0 78.0 349.0 229.0 578.0
31734 彭琪 91.0 102.0 107.0 38.0 38.0 58.0 300.0 134.0 434.0
31735 佘晓环 104.0 90.0 113.0 59.0 68.0 68.0 307.0 195.0 502.0
31736 王基鸿 117.0 89.0 118.0 86.0 84.0 82.0 324.0 252.0 576.0
31737 王俊澎 102.0 85.0 125.0 72.0 67.0 75.0 312.0 214.0 526.0
31738 王烔毅 98.0 73.0 106.0 72.0 64.0 55.0 277.0 191.0 468.0
31739 王钰 110.0 73.0 125.0 59.0 57.0 63.0 308.0 179.0 487.0
31740 王真子 107.0 94.0 110.0 81.0 72.0 70.0 311.0 223.0 534.0
31741 吴俊翰 106.0 110.0 114.0 61.0 78.0 61.0 330.0 200.0 530.0
31742 吴彤沛 104.0 65.0 104.0 42.0 79.0 73.0 273.0 194.0 467.0
31743 吴伟霞 109.0 104.0 119.0 59.0 67.0 66.0 332.0 192.0 524.0
31744 谢锶琦 107.0 88.0 112.0 52.0 59.0 69.0 307.0 180.0 487.0
31745 许锶妍 102.0 86.0 120.0 68.0 57.0 69.0 308.0 194.0 502.0
31746 许奕烁 106.0 79.0 100.0 34.0 68.0 58.0 285.0 160.0 445.0
31747 许哲浩 115.0 99.0 121.0 54.0 80.0 59.0 335.0 193.0 528.0
31748 杨铠翔 102.0 77.0 96.0 78.0 58.0 59.0 275.0 195.0 470.0
31749 杨腾 100.0 56.0 98.0 30.0 17.0 52.0 254.0 99.0 353.0
31750 姚佳妮 121.0 115.0 118.0 71.0 79.0 72.0 354.0 222.0 576.0
31751 张纯 104.0 87.0 120.0 58.0 72.0 60.0 311.0 190.0 501.0
31752 张锐翰 107.0 79.0 89.0 45.0 49.0 54.0 275.0 148.0 423.0
31754 张奕 105.0 75.0 102.0 42.0 38.0 55.0 282.0 135.0 417.0
31755 张翼 104.0 90.0 121.0 79.0 86.0 72.0 315.0 237.0 552.0
31756 章家竣 102.0 89.0 133.0 54.0 77.0 66.0 324.0 197.0 521.0
31757 郑慈香 107.0 85.0 129.0 60.0 55.0 70.0 321.0 185.0 506.0
31758 郑曼燕 112.0 79.0 123.0 56.0 60.0 43.0 314.0 159.0 473.0
31759 郑铭 98.0 74.0 123.0 57.0 49.0 39.0 295.0 145.0 440.0
31761 周锴捷 112.0 91.0 123.0 70.0 71.0 77.0 326.0 218.0 544.0
31762 庄本熙 100.0 97.0 95.0 59.0 58.0 67.0 292.0 184.0 476.0
31763 黄钰莹 99.0 87.0 124.0 53.0 78.0 61.0 310.0 192.0 502.0
31764 王宏 113.0 97.0 124.0 54.0 79.0 70.0 334.0 203.0 537.0
31801 陈鸿飞 111.0 80.0 104.0 75.0 73.0 62.0 295.0 210.0 505.0
31802 陈家思 100.0 103.0 101.0 49.0 67.0 63.0 304.0 179.0 483.0
31803 陈立芃 95.0 87.0 113.0 44.0 50.0 66.0 295.0 160.0 455.0
31804 陈齐骏 80.0 51.0 0 0 0 0 0 0 0
31805 陈润铎 106.0 92.0 117.0 53.0 51.0 60.0 315.0 164.0 479.0
31806 陈润楷 99.0 100.0 118.0 74.0 61.0 63.0 317.0 198.0 515.0
31807 陈鑫冰 114.0 105.0 100.0 54.0 64.0 67.0 319.0 185.0 504.0
31808 陈永佳 108.0 122.0 114.0 93.0 84.0 66.0 344.0 243.0 587.0
31809 陈元嘉 106.0 118.0 122.0 66.0 78.0 65.0 346.0 209.0 555.0
31810 冯钰冰 97.0 83.0 105.0 38.0 39.0 59.0 285.0 136.0 421.0
31811 何畅 109.0 35.0 107.0 31.0 39.0 43.0 251.0 113.0 364.0
31812 黄怀瑶 106.0 86.0 119.0 62.0 57.0 50.0 311.0 169.0 480.0
31813 黄凯鹏 102.0 69.0 105.0 58.0 36.0 37.0 276.0 131.0 407.0
31815 黄泽宇 111.0 91.0 106.0 48.0 77.0 68.0 308.0 193.0 501.0
31816 康思妹 114.0 78.0 117.0 31.0 65.0 63.0 309.0 159.0 468.0
31817 孔雪欣 119.0 74.0 107.0 39.0 66.0 58.0 300.0 163.0 463.0
31818 赖淑凌 103.0 83.0 102.0 41.0 67.0 63.0 288.0 171.0 459.0
31819 李俊 113.0 101.0 119.0 33.0 67.0 72.0 333.0 172.0 505.0
31820 李楠 112.0 95.0 114.0 55.0 81.0 78.0 321.0 214.0 535.0
31821 李蔚东 105.0 124.0 120.0 83.0 82.0 78.0 349.0 243.0 592.0
31822 李昕 102.0 103.0 109.0 98.0 88.0 70.0 314.0 256.0 570.0
31823 连泓杰 122.0 119.0 118.0 42.0 89.0 66.0 359.0 197.0 556.0
31824 林泓 109.0 69.0 116.0 68.0 69.0 61.0 294.0 198.0 492.0
31825 林培润 103.0 76.0 122.0 50.0 46.0 45.0 301.0 141.0 442.0
31826 林绮娜 107.0 110.0 131.0 49.0 81.0 77.0 348.0 207.0 555.0
31827 林昕 111.0 98.0 114.0 71.0 72.0 59.0 323.0 202.0 525.0
31828 林奕敏 109.0 110.0 114.0 81.0 67.0 63.0 333.0 211.0 544.0
31829 林泽辉 110.0 115.0 98.0 61.0 88.0 60.0 323.0 209.0 532.0
31830 林泽炜 113.0 122.0 104.0 67.0 84.0 64.0 339.0 215.0 554.0
31831 林增瑞 97.0 97.0 113.0 67.0 51.0 66.0 307.0 184.0 491.0
31832 刘丁玮 109.0 122.0 117.0 84.0 82.0 64.0 348.0 230.0 578.0
31833 卢呈焕 96.0 100.0 108.0 52.0 64.0 45.0 304.0 161.0 465.0
31834 卢智扬 102.0 59.0 113.0 37.0 53.0 52.0 274.0 142.0 416.0
31835 罗亿权 96.0 59.0 94.0 41.0 55.0 57.0 249.0 153.0 402.0
31836 邱乐思 102.0 90.0 120.0 61.0 70.0 70.0 312.0 201.0 513.0
31837 佘涵 111.0 100.0 108.0 58.0 87.0 57.0 319.0 202.0 521.0
31838 汤钰瑛 105.0 75.0 118.0 38.0 48.0 46.0 298.0 132.0 430.0
31839 王佩佩 101.0 82.0 115.0 92.0 71.0 65.0 298.0 228.0 526.0
31840 王思佳 109.0 116.0 126.0 94.0 84.0 76.0 351.0 254.0 605.0
31841 王晓泽 107.0 79.0 85.0 63.0 43.0 51.0 271.0 157.0 428.0
31843 王子瑜 112.0 122.0 117.0 77.0 64.0 65.0 351.0 206.0 557.0
31844 吴绍邦 113.0 106.0 125.0 46.0 87.0 62.0 344.0 195.0 539.0
31845 吴水滇 105.0 114.0 103.0 91.0 69.0 57.0 322.0 217.0 539.0
31846 吴晓琪 102.0 96.0 114.0 48.0 59.0 55.0 312.0 162.0 474.0
31847 吴昕 101.0 74.0 118.0 43.0 63.0 55.0 293.0 161.0 454.0
31848 谢昱康 120.0 111.0 111.0 90.0 69.0 70.0 342.0 229.0 571.0
31849 姚少云 107.0 81.0 94.0 41.0 46.0 60.0 282.0 147.0 429.0
31850 余博浩 0 65.0 73.0 0 0 0 0 0 0
31851 曾泓燊 109.0 124.0 110.0 67.0 85.0 72.0 343.0 224.0 567.0
31852 曾佳泓 102.0 87.0 98.0 70.0 64.0 66.0 287.0 200.0 487.0
31853 曾琳 103.0 99.0 130.0 51.0 74.0 63.0 332.0 188.0 520.0
31854 曾宪瀚 104.0 74.0 103.0 65.0 60.0 41.0 281.0 166.0 447.0
31855 曾伊琳 107.0 85.0 104.0 79.0 56.0 64.0 296.0 199.0 495.0
31856 张随娜 101.0 94.0 121.0 55.0 70.0 72.0 316.0 197.0 513.0
31857 张育铭 106.0 118.0 116.0 63.0 75.0 65.0 340.0 203.0 543.0
31858 章滢蓥 110.0 108.0 116.0 61.0 83.0 79.0 334.0 223.0 557.0
31859 郑任翔 116.0 92.0 126.0 59.0 69.0 55.0 334.0 183.0 517.0
31860 郑子昂 100.0 69.0 108.0 77.0 60.0 49.0 277.0 186.0 463.0
31861 钟浩川 120.0 99.0 116.0 55.0 86.0 71.0 335.0 212.0 547.0
31862 周苑婷 114.0 112.0 117.0 49.0 84.0 81.0 343.0 214.0 557.0
31863 庄妍 118.0 118.0 138.0 60.0 54.0 82.0 374.0 196.0 570.0
31902 蔡卓颖 103.0 82.0 117.0 65.0 80.0 68.0 302.0 213.0 515.0
31903 陈功超 99.0 56.0 105.0 32.0 59.0 38.0 260.0 129.0 389.0
31904 陈浩宇 109.0 117.0 102.0 78.0 79.0 68.0 328.0 225.0 553.0
31905 陈红 105.0 96.0 122.0 78.0 77.0 55.0 323.0 210.0 533.0
31906 陈嘉杭 106.0 87.0 131.0 67.0 54.0 59.0 324.0 180.0 504.0
31907 陈锴灏 112.0 100.0 108.0 55.0 85.0 64.0 320.0 204.0 524.0
31908 陈孟耀 102.0 80.0 111.0 55.0 48.0 43.0 293.0 146.0 439.0
31909 陈伟杰 111.0 123.0 131.0 90.0 85.0 73.0 365.0 248.0 613.0
31910 陈宇霏 103.0 91.0 115.0 55.0 78.0 71.0 309.0 204.0 513.0
31911 陈卓妮 107.0 78.0 119.0 38.0 47.0 55.0 304.0 140.0 444.0
31912 杜振超 116.0 119.0 119.0 78.0 85.0 67.0 354.0 230.0 584.0
31913 方家颖 103.0 88.0 113.0 44.0 59.0 50.0 304.0 153.0 457.0
31915 黄超铄 100.0 88.0 110.0 55.0 81.0 71.0 298.0 207.0 505.0
31916 黄海铭 103.0 83.0 99.0 43.0 44.0 66.0 285.0 153.0 438.0
31917 黄融杰 99.0 132.0 126.0 86.0 81.0 78.0 357.0 245.0 602.0
31918 黄晓琦 105.0 95.0 123.0 68.0 48.0 59.0 323.0 175.0 498.0
31920 黄泽锴 95.0 67.0 103.0 57.0 56.0 40.0 265.0 153.0 418.0
31921 纪沛桐 106.0 109.0 117.0 72.0 65.0 68.0 332.0 205.0 537.0
31923 李光泽 106.0 66.0 95.0 54.0 59.0 50.0 267.0 163.0 430.0
31924 李鸿 113.0 121.0 126.0 89.0 59.0 70.0 360.0 218.0 578.0
31925 李林昕 110.0 105.0 118.0 81.0 65.0 74.0 333.0 220.0 553.0
31926 李欣然 106.0 105.0 125.0 54.0 69.0 66.0 336.0 189.0 525.0
31927 李鑫 100.0 92.0 105.0 40.0 66.0 47.0 297.0 153.0 450.0
31928 李彦腾 107.0 91.0 113.0 60.0 58.0 57.0 311.0 175.0 486.0
31929 林坚生 120.0 113.0 111.0 48.0 65.0 72.0 344.0 185.0 529.0
31930 林乐贤 117.0 131.0 127.0 76.0 85.0 61.0 375.0 222.0 597.0
31931 林萌子 108.0 101.0 119.0 74.0 91.0 79.0 328.0 244.0 572.0
31932 林银虹 118.0 97.0 136.0 73.0 72.0 58.0 351.0 203.0 554.0
31933 林岳青 119.0 112.0 122.0 75.0 61.0 72.0 353.0 208.0 561.0
31934 卢晓杰 116.0 118.0 125.0 88.0 84.0 73.0 359.0 245.0 604.0
31935 马思昀 122.0 101.0 117.0 83.0 75.0 75.0 340.0 233.0 573.0
31936 彭丽妹 103.0 78.0 118.0 56.0 75.0 59.0 299.0 190.0 489.0
31937 彭扬帆 98.0 98.0 122.0 71.0 66.0 76.0 318.0 213.0 531.0
31938 沈桂菱 107.0 115.0 103.0 77.0 79.0 77.0 325.0 233.0 558.0
31939 沈益聪 106.0 118.0 123.0 59.0 76.0 77.0 347.0 212.0 559.0
31940 苏思澄 101.0 111.0 92.0 68.0 73.0 59.0 304.0 200.0 504.0
31941 苏泽坤 80.0 93.0 97.0 38.0 52.0 59.0 270.0 149.0 419.0
31942 王璐 114.0 133.0 131.0 77.0 87.0 71.0 378.0 235.0 613.0
31943 王梓琦 90.0 95.0 97.0 41.0 52.0 67.0 282.0 160.0 442.0
31944 文渲 108.0 90.0 119.0 56.0 66.0 66.0 317.0 188.0 505.0
31945 翁涵 106.0 94.0 111.0 75.0 69.0 77.0 311.0 221.0 532.0
31946 吴虹燕 100.0 71.0 115.0 48.0 51.0 57.0 286.0 156.0 442.0
31947 吴佳銮 113.0 119.0 137.0 65.0 85.0 73.0 369.0 223.0 592.0
31948 吴怡玫 101.0 110.0 111.0 54.0 57.0 67.0 322.0 178.0 500.0
31949 谢罗瀚 97.0 80.0 92.0 36.0 55.0 58.0 269.0 149.0 418.0
31950 谢泽钊 96.0 83.0 117.0 69.0 55.0 43.0 296.0 167.0 463.0
31951 徐润峰 94.0 89.0 98.0 38.0 71.0 58.0 281.0 167.0 448.0
31952 许滨楠 108.0 113.0 120.0 81.0 87.0 69.0 341.0 237.0 578.0
31953 许玫 108.0 102.0 123.0 80.0 73.0 64.0 333.0 217.0 550.0
31954 许子源 112.0 82.0 94.0 43.0 40.0 49.0 288.0 132.0 420.0
31955 杨利秋 117.0 116.0 130.0 74.0 66.0 65.0 363.0 205.0 568.0
31956 余子涵 114.0 77.0 121.0 51.0 46.0 47.0 312.0 144.0 456.0
31958 张超逸 100.0 86.0 103.0 60.0 68.0 63.0 289.0 191.0 480.0
31959 张曼琪 107.0 66.0 121.0 54.0 66.0 69.0 294.0 189.0 483.0
31960 赵彦纯 109.0 107.0 121.0 53.0 70.0 71.0 337.0 194.0 531.0
31961 郑钧漾 100.0 90.0 92.0 65.0 65.0 60.0 282.0 190.0 472.0
31962 郑玮涛 115.0 95.0 120.0 73.0 74.0 70.0 330.0 217.0 547.0
31963 郑锨淇 110.0 110.0 127.0 54.0 84.0 68.0 347.0 206.0 553.0
31964 庄开翔 116.0 114.0 107.0 68.0 89.0 70.0 337.0 227.0 564.0
32001 蔡佳琪 111.0 73.0 110.0 46.0 35.0 59.0 294.0 140.0 434.0
32002 蔡淑玲 115.0 97.0 111.0 52.0 72.0 67.0 323.0 191.0 514.0
32003 蔡伟龙 108.0 104.0 132.0 66.0 80.0 62.0 344.0 208.0 552.0
32004 陈博涵 110.0 122.0 114.0 68.0 79.0 63.0 346.0 210.0 556.0
32005 陈畅洪 103.0 85.0 99.0 54.0 74.0 48.0 287.0 176.0 463.0
32006 陈润洋 123.0 100.0 118.0 85.0 73.0 65.0 341.0 223.0 564.0
32007 陈思桦 108.0 102.0 123.0 53.0 68.0 70.0 333.0 191.0 524.0
32008 陈雪仪 117.0 89.0 111.0 79.0 74.0 72.0 317.0 225.0 542.0
32009 洪奕祥 104.0 110.0 124.0 71.0 62.0 63.0 338.0 196.0 534.0
32010 胡期升 109.0 88.0 118.0 92.0 73.0 57.0 315.0 222.0 537.0
32011 黄斌伟 106.0 91.0 117.0 62.0 73.0 67.0 314.0 202.0 516.0
32012 黄洪雯 114.0 75.0 108.0 48.0 55.0 39.0 297.0 142.0 439.0
32013 黄敏华 109.0 78.0 115.0 55.0 55.0 60.0 302.0 170.0 472.0
32014 黄舜娴 114.0 94.0 103.0 63.0 62.0 72.0 311.0 197.0 508.0
32015 黄于峻 99.0 91.0 79.0 34.0 62.0 51.0 269.0 147.0 416.0
32016 纪梓荣 105.0 106.0 97.0 40.0 72.0 55.0 308.0 167.0 475.0
32017 李东烁 102.0 99.0 120.0 53.0 68.0 64.0 321.0 185.0 506.0
32018 李洁 113.0 132.0 130.0 69.0 77.0 80.0 375.0 226.0 601.0
32019 李易霖 104.0 78.0 117.0 55.0 66.0 56.0 299.0 177.0 476.0
32020 李治 103.0 101.0 123.0 79.0 75.0 66.0 327.0 220.0 547.0
32021 李卓明 112.0 117.0 124.0 74.0 85.0 77.0 353.0 236.0 589.0
32022 林佳煌 105.0 109.0 120.0 45.0 77.0 70.0 334.0 192.0 526.0
32023 林钦鸿 112.0 131.0 117.0 88.0 84.0 68.0 360.0 240.0 600.0
32024 林小琪 111.0 95.0 121.0 72.0 93.0 74.0 327.0 239.0 566.0
32025 林烨 105.0 78.0 123.0 64.0 72.0 56.0 306.0 192.0 498.0
32027 刘旭东 113.0 118.0 105.0 84.0 76.0 71.0 336.0 231.0 567.0
32028 刘依菁 106.0 90.0 127.0 82.0 77.0 71.0 323.0 230.0 553.0
32029 刘悦韵 114.0 89.0 129.0 79.0 84.0 68.0 332.0 231.0 563.0
32030 马洪量 110.0 87.0 100.0 58.0 66.0 48.0 297.0 172.0 469.0
32031 马茵茵 106.0 73.0 100.0 53.0 38.0 33.0 279.0 124.0 403.0
32032 潘莹涵 102.0 77.0 105.0 30.0 40.0 41.0 284.0 111.0 395.0
32033 沈敏勇 117.0 100.0 115.0 88.0 93.0 79.0 332.0 260.0 592.0
32034 沈晓燕 101.0 105.0 124.0 79.0 87.0 77.0 330.0 243.0 573.0
32035 苏诚章 108.0 122.0 120.0 87.0 87.0 64.0 350.0 238.0 588.0
32036 唐梦洋 101.0 55.0 80.0 24.0 35.0 45.0 236.0 104.0 340.0
32037 王灿杜 116.0 112.0 121.0 86.0 76.0 70.0 349.0 232.0 581.0
32038 王鸿吉 107.0 100.0 103.0 55.0 48.0 51.0 310.0 154.0 464.0
32039 王杰鑫 112.0 117.0 112.0 56.0 71.0 69.0 341.0 196.0 537.0
32040 王泽锴 109.0 85.0 94.0 42.0 41.0 51.0 288.0 134.0 422.0
32041 王子铟 114.0 110.0 134.0 82.0 56.0 66.0 358.0 204.0 562.0
32042 吴斯彤 109.0 107.0 107.0 50.0 68.0 70.0 323.0 188.0 511.0
32044 谢锦珊 117.0 105.0 114.0 57.0 90.0 64.0 336.0 211.0 547.0
32045 谢铠羽 111.0 69.0 120.0 79.0 69.0 55.0 300.0 203.0 503.0
32046 谢婉婷 112.0 79.0 118.0 54.0 49.0 51.0 309.0 154.0 463.0
32047 谢懿锐 109.0 88.0 115.0 71.0 69.0 70.0 312.0 210.0 522.0
32048 徐英芸 110.0 76.0 124.0 74.0 70.0 57.0 310.0 201.0 511.0
32049 许晓刚 122.0 108.0 127.0 57.0 84.0 66.0 357.0 207.0 564.0
32050 许永泓 117.0 136.0 126.0 77.0 88.0 86.0 379.0 251.0 630.0
32051 颜莞尔 105.0 92.0 100.0 53.0 63.0 64.0 297.0 180.0 477.0
32052 姚树耿 114.0 106.0 121.0 85.0 81.0 74.0 341.0 240.0 581.0
32053 姚悦扬 98.0 73.0 122.0 53.0 62.0 67.0 293.0 182.0 475.0
32054 余钊 99.0 57.0 115.0 41.0 40.0 52.0 271.0 133.0 404.0
32055 詹金伟 100.0 74.0 92.0 31.0 59.0 48.0 266.0 138.0 404.0
32056 张皓洵 112.0 90.0 118.0 67.0 59.0 73.0 320.0 199.0 519.0
32057 张扬 110.0 105.0 109.0 55.0 84.0 76.0 324.0 215.0 539.0
32058 张奕欣 97.0 80.0 97.0 29.0 42.0 62.0 274.0 133.0 407.0
32059 郑铠 91.0 83.0 87.0 81.0 53.0 77.0 261.0 211.0 472.0
32060 郑哲然 125.0 110.0 125.0 80.0 82.0 81.0 360.0 243.0 603.0
32061 周泽妍 115.0 100.0 122.0 45.0 69.0 55.0 337.0 169.0 506.0
32062 周子毓 103.0 69.0 123.0 29.0 37.0 43.0 295.0 109.0 404.0
30430 沈丹琼 118 125 128 94 71 79 371 244 615
30433 韦昕澄 121 129 131 87 93 63 381 243 624
30444 许可淳 110 130 136 102 93 82 376 277 653
30447 许旭东 116 103 129 98 76 73 348 247 595
30451 杨芷涵 110 108 133 105 87 68 351 260 611
30457 郑沐林 115 116 134 105 88 70 365 263 628
30509 陈疏桐 117 121 135 54 89 78 373 221 594
30520 黄泓鉴 104 124 129 92 74 74 357 240 597
30650 杨金满 108 124 127 95 85 80 359 260 619
30654 余信荣 103 124 126 77 78 60 353 215 568
30714 陈晓雯 117 120 134 91 88 76 371 255 626
30805 陈丹仪 112 121 125 105 84 73 358 262 620
30828 林炳丽 112 112 130 106 40 73 354 219 573
30850 曾宇丹 101 123 127 96 74 69 351 239 590
30859 周弋钿 115 82 134 91 72 77 331 240 571
30955 张涵 124 118 130 98 73 80 372 251 623
31038 王新荣 127 114 127 95 81 73 368 249 617
31059 郑伟纯 104 129 131 98 87 73 364 258 622
31062 庄杰涛 121 115 128 90 87 70 364 247 611
31106 陈斯昂 115 131 136 106 95 80 382 281 663
31242 吴捷健 120 123 132 96 90 77 375 263 638
31260 周名弦 107 147 134 97 86 60 388 243 631
31307 陈文博 114 121 128 101 89 76 363 266 629
31312 黄宇阳 115 136 132 94 85 80 383 259 642
31352 曾博宇 113 127 135 87 82 72 375 241 616
31412 陈佐治 119 137 134 89 77 65 390 231 621
31430 刘易恺 115 135 119 76 92 70 369 238 607
31541 谢泳凯 103 113 121 84 90 80 337 254 591
31555 郑杰 109 104 125 105 80 71 338 256 594
31616 黄浩扬 115 104 130 86 88 75 349 249 598
31633 刘思煌 110 108 123 91 87 83 341 261 602
31636 柳婷 115 112 139 87 89 81 366 257 623
31659 郑林楷 92 138 103 95 62 61 333 218 551
31728 卢荣泰 113 120 135 100 94 81 368 275 643
31814 黄昕仪 113 124 136 106 88 78 373 272 645
31842 王振东 107 129 121 104 88 72 357 264 621
31901 蔡育铮 110 130 131 88 87 75 371 250 621
31914 郭佳鑫 112 110 131 104 90 76 353 270 623
31922 李岱谚 116 132 137 108 90 78 385 276 661
32026 刘艾莉 115 138 129 92 88 76 382 256 638
32043 吴泽锐 121 134 137 101 80 76 392 257 649
30415 李艺晴 125 119 136 93 84 74 380 251 631
30729 李沛熙 100 134 124 109 83 80 358 272 630
