30401 陈柏林 98.0 90.0 100.0 81.0 65.0 56.0 288.0 202.0 490.0
30402 陈东晓 118.0 116.0 112.0 87.0 51.0 53.0 346.0 191.0 537.0
30403 陈冬仪 114.0 49.0 103.0 60.0 68.0 53.0 266.0 181.0 447.0
30404 陈金洲 123.0 112.0 114.0 80.0 65.0 74.0 349.0 219.0 568.0
30405 陈淑妍 121.0 101.0 119.0 86.0 64.0 75.0 341.0 225.0 566.0
30406 胡楷宇 106.0 102.0 107.0 87.0 55.0 67.0 315.0 209.0 524.0
30407 胡昱 111.0 94.0 124.0 93.0 76.0 73.0 329.0 242.0 571.0
30408 黄艾琪 117.0 110.0 113.0 93.0 86.0 75.0 340.0 254.0 594.0
30409 黄狄林 113.0 91.0 123.0 59.0 90.0 68.0 327.0 217.0 544.0
30410 黄琳婷 112.0 76.0 119.0 57.0 67.0 58.0 307.0 182.0 489.0
30411 黄云进 101.0 111.0 109.0 89.0 83.0 74.0 321.0 246.0 567.0
30412 纪慧煊 109.0 112.0 100.0 89.0 69.0 57.0 321.0 215.0 536.0
30413 蓝玉奇 117.0 96.0 111.0 71.0 63.0 58.0 324.0 192.0 516.0
30414 李宏森 96.0 78.0 85.0 48.0 63.0 58.0 259.0 169.0 428.0
30416 李兆捷 121.0 119.0 108.0 93.0 85.0 71.0 348.0 249.0 597.0
30417 林达 106.0 89.0 114.0 90.0 69.0 71.0 309.0 230.0 539.0
30418 林镜辉 114.0 102.0 106.0 76.0 61.0 63.0 322.0 200.0 522.0
30419 林永佳 99.0 95.0 110.0 62.0 47.0 47.0 304.0 156.0 460.0
30420 林昱霖 107.0 124.0 98.0 89.0 86.0 66.0 329.0 241.0 570.0
30421 林泽楷 112.0 102.0 116.0 83.0 86.0 67.0 330.0 236.0 566.0
30422 刘琳菲 108.0 101.0 112.0 81.0 64.0 66.0 321.0 211.0 532.0
30424 卢涵 117.0 94.0 117.0 77.0 65.0 62.0 328.0 204.0 532.0
30425 卢昕玥 100.0 87.0 114.0 80.0 70.0 66.0 301.0 216.0 517.0
30426 卢彦宇 108.0 84.0 106.0 72.0 67.0 64.0 298.0 203.0 501.0
30427 罗亦宋 115.0 81.0 117.0 89.0 54.0 63.0 313.0 206.0 519.0
30428 麦扬 113.0 83.0 113.0 62.0 61.0 70.0 309.0 193.0 502.0
30429 邵彦程 89.0 91.0 81.0 52.0 47.0 50.0 261.0 149.0 410.0
30431 王磊 113.0 94.0 124.0 99.0 64.0 75.0 331.0 238.0 569.0
30432 王震霆 96.0 90.0 96.0 83.0 50.0 37.0 282.0 170.0 452.0
30434 魏桐曦 110.0 108.0 109.0 84.0 88.0 67.0 327.0 239.0 566.0
30435 翁铭捷 95.0 74.0 103.0 77.0 67.0 67.0 272.0 211.0 483.0
30437 吴婕洵 116.0 119.0 114.0 91.0 75.0 70.0 349.0 236.0 585.0
30438 吴郁楠 119.0 68.0 114.0 83.0 85.0 68.0 301.0 236.0 537.0
30439 吴泽峰 114.0 79.0 109.0 84.0 69.0 65.0 302.0 218.0 520.0
30440 吴植慧 108.0 92.0 107.0 28.0 44.0 55.0 307.0 127.0 434.0
30441 谢庆欣 103.0 71.0 118.0 57.0 47.0 57.0 292.0 161.0 453.0
30442 辛孜玫 113.0 106.0 109.0 77.0 78.0 46.0 328.0 201.0 529.0
30443 徐浩锴 123.0 100.0 114.0 80.0 57.0 63.0 337.0 200.0 537.0
30445 许林菁 119.0 68.0 118.0 81.0 67.0 67.0 305.0 215.0 520.0
30446 许统辉 104.0 85.0 95.0 59.0 69.0 63.0 284.0 191.0 475.0
30448 杨博锐 103.0 99.0 102.0 44.0 34.0 73.0 304.0 151.0 455.0
30449 杨乔 104.0 64.0 105.0 66.0 70.0 67.0 273.0 203.0 476.0
30450 杨宇镔 117.0 76.0 103.0 55.0 45.0 59.0 296.0 159.0 455.0
30452 姚楷炫 112.0 100.0 111.0 92.0 74.0 67.0 323.0 233.0 556.0
30453 张若涵 124.0 130.0 121.0 70.0 76.0 67.0 375.0 213.0 588.0
30454 张雪妍 112.0 75.0 110.0 69.0 74.0 59.0 297.0 202.0 499.0
30455 赵明明 107.0 83.0 105.0 69.0 67.0 64.0 295.0 200.0 495.0
30456 赵晓明 109.0 84.0 108.0 69.0 70.0 65.0 301.0 204.0 505.0
30459 钟献彪 117.0 97.0 106.0 67.0 57.0 71.0 320.0 195.0 515.0
30460 周梓勃 108.0 99.0 113.0 94.0 73.0 60.0 320.0 227.0 547.0
30461 朱丹琪 114.0 114.0 117.0 91.0 79.0 67.0 345.0 237.0 582.0
30462 庄漪婷 92.0 86.0 99.0 67.0 48.0 56.0 277.0 171.0 448.0
30501 蔡苑虹 107.0 127.0 118.0 99.0 82.0 74.0 352.0 255.0 607.0
30502 陈福溢 105.0 115.0 119.0 79.0 77.0 58.0 339.0 214.0 553.0
30503 陈泓 104.0 58.0 113.0 68.0 49.0 63.0 275.0 180.0 455.0
30504 陈佳泓 107.0 107.0 109.0 90.0 68.0 69.0 323.0 227.0 550.0
30505 陈嘉胜 116.0 57.0 107.0 37.0 51.0 56.0 280.0 144.0 424.0
30506 陈丽娜 107.0 85.0 112.0 78.0 57.0 59.0 304.0 194.0 498.0
30507 陈沛震 95.0 71.0 90.0 57.0 67.0 54.0 256.0 178.0 434.0
30508 陈乔林 110.0 95.0 109.0 81.0 85.0 65.0 314.0 231.0 545.0
30509 陈疏桐 124.0 128.0 126.0 102.0 88.0 83.0 378.0 273.0 651.0
30510 陈欣洋 105.0 86.0 97.0 42.0 29.0 46.0 288.0 117.0 405.0
30511 陈雅琪 109.0 102.0 125.0 80.0 69.0 71.0 336.0 220.0 556.0
30512 陈一凡 115.0 127.0 105.0 110.0 96.0 82.0 347.0 288.0 635.0
30514 陈煜琳 116.0 105.0 121.0 81.0 82.0 73.0 342.0 236.0 578.0
30515 陈梓瀚 102.0 92.0 117.0 90.0 72.0 67.0 311.0 229.0 540.0
30516 陈梓霓 94.0 83.0 104.0 63.0 70.0 55.0 281.0 188.0 469.0
30517 陈梓宇 109.0 107.0 120.0 84.0 82.0 74.0 336.0 240.0 576.0
30518 方灿鸿 111.0 105.0 102.0 78.0 67.0 76.0 318.0 221.0 539.0
30519 郭梓淇 106.0 71.0 102.0 47.0 53.0 52.0 279.0 152.0 431.0
30521 黄金涛 110.0 92.0 106.0 68.0 52.0 59.0 308.0 179.0 487.0
30522 黄式铨 98.0 96.0 109.0 83.0 80.0 72.0 303.0 235.0 538.0
30523 黄孜睿 103.0 112.0 115.0 85.0 82.0 65.0 330.0 232.0 562.0
30524 江卓聪 109.0 110.0 113.0 98.0 81.0 72.0 332.0 251.0 583.0
30525 李依璘 109.0 97.0 121.0 80.0 73.0 63.0 327.0 216.0 543.0
30526 李子聪 113.0 115.0 122.0 103.0 73.0 73.0 350.0 249.0 599.0
30527 林钡钡 109.0 122.0 104.0 103.0 81.0 73.0 335.0 257.0 592.0
30528 林洁萍 106.0 100.0 112.0 90.0 72.0 65.0 318.0 227.0 545.0
30529 林煜涛 106.0 72.0 94.0 97.0 61.0 70.0 272.0 228.0 500.0
30530 林泽滢 112.0 77.0 107.0 87.0 62.0 58.0 296.0 207.0 503.0
30531 刘榕飒 99.0 90.0 114.0 78.0 74.0 71.0 303.0 223.0 526.0
30532 陆凡冰 110.0 138.0 117.0 88.0 69.0 73.0 365.0 230.0 595.0
30533 马万里 100.0 71.0 98.0 62.0 59.0 44.0 269.0 165.0 434.0
30535 潘俞霏 109.0 112.0 125.0 75.0 83.0 55.0 346.0 213.0 559.0
30536 沈哲沛 106.0 92.0 95.0 58.0 43.0 55.0 293.0 156.0 449.0
30537 孙玮 102.0 112.0 105.0 79.0 66.0 66.0 319.0 211.0 530.0
30539 王天乐 105.0 84.0 108.0 64.0 56.0 50.0 297.0 170.0 467.0
30540 吴博 109.0 103.0 122.0 103.0 91.0 78.0 334.0 272.0 606.0
30541 吴佳芸 104.0 83.0 100.0 71.0 58.0 67.0 287.0 196.0 483.0
30542 吴淇升 104.0 83.0 111.0 65.0 72.0 58.0 298.0 195.0 493.0
30543 吴易达 113.0 98.0 104.0 87.0 69.0 60.0 315.0 216.0 531.0
30544 肖泽楷 118.0 76.0 114.0 80.0 56.0 65.0 308.0 201.0 509.0
30545 谢函瀚 119.0 82.0 113.0 64.0 73.0 68.0 314.0 205.0 519.0
30547 谢思婷 111.0 91.0 123.0 75.0 77.0 74.0 325.0 226.0 551.0
30548 谢育锋 103.0 94.0 93.0 72.0 85.0 72.0 290.0 229.0 519.0
30549 徐芷欣 108.0 96.0 123.0 84.0 60.0 54.0 327.0 198.0 525.0
30550 杨昕 113.0 90.0 121.0 72.0 75.0 68.0 324.0 215.0 539.0
30551 姚雪萍 94.0 86.0 107.0 60.0 54.0 65.0 287.0 179.0 466.0
30552 姚逸峰 117.0 90.0 116.0 74.0 62.0 66.0 323.0 202.0 525.0
30553 余泓涛 108.0 83.0 103.0 69.0 67.0 65.0 294.0 201.0 495.0
30554 余珮镕 108.0 89.0 108.0 71.0 61.0 57.0 305.0 189.0 494.0
30555 曾烁 102.0 91.0 97.0 70.0 35.0 57.0 290.0 162.0 452.0
30556 张基烨 103.0 103.0 103.0 101.0 60.0 71.0 309.0 232.0 541.0
30557 张锦河 107.0 98.0 95.0 90.0 86.0 73.0 300.0 249.0 549.0
30558 张子斌 99.0 103.0 114.0 94.0 81.0 71.0 316.0 246.0 562.0
30559 张宗泽 101.0 100.0 112.0 79.0 75.0 74.0 313.0 228.0 541.0
30560 郑涵 113.0 125.0 119.0 108.0 81.0 72.0 357.0 261.0 618.0
30561 郑主加 98.0 80.0 99.0 63.0 17.0 56.0 277.0 136.0 413.0
30562 钟婉灵 111.0 108.0 99.0 80.0 41.0 67.0 318.0 188.0 506.0
30563 周哲 101.0 120.0 102.0 97.0 71.0 53.0 323.0 221.0 544.0
30601 蔡楚怡 113.0 90.0 124.0 72.0 69.0 58.0 327.0 199.0 526.0
30602 蔡瀚锋 117.0 106.0 112.0 80.0 77.0 69.0 335.0 226.0 561.0
30603 蔡弋炀 111.0 121.0 104.0 98.0 87.0 71.0 336.0 256.0 592.0
30604 陈金涛 121.0 103.0 117.0 81.0 83.0 69.0 341.0 233.0 574.0
30605 陈谨 115.0 71.0 118.0 57.0 48.0 43.0 304.0 148.0 452.0
30606 陈庆 97.0 75.0 106.0 78.0 60.0 58.0 278.0 196.0 474.0
30607 陈帅琦 104.0 102.0 118.0 62.0 84.0 74.0 324.0 220.0 544.0
30608 陈锶涛 109.0 80.0 95.0 46.0 55.0 49.0 284.0 150.0 434.0
30609 陈雅文 112.0 84.0 126.0 66.0 84.0 79.0 322.0 229.0 551.0
30610 陈妍 99.0 109.0 114.0 77.0 56.0 55.0 322.0 188.0 510.0
30611 陈振霖 106.0 75.0 99.0 67.0 59.0 62.0 280.0 188.0 468.0
30612 陈震寅 103.0 114.0 96.0 79.0 78.0 58.0 313.0 215.0 528.0
30613 陈梓泓 98.0 107.0 111.0 73.0 77.0 69.0 316.0 219.0 535.0
30614 陈梓演 103.0 79.0 119.0 70.0 69.0 69.0 301.0 208.0 509.0
30615 戴德燊 108.0 107.0 113.0 92.0 76.0 67.0 328.0 235.0 563.0
30616 方家浩 108.0 98.0 110.0 85.0 82.0 65.0 316.0 232.0 548.0
30617 方玮绚 111.0 81.0 104.0 79.0 61.0 63.0 296.0 203.0 499.0
30618 方小涵 106.0 83.0 107.0 59.0 58.0 51.0 296.0 168.0 464.0
30619 方梓昊 103.0 79.0 119.0 77.0 59.0 66.0 301.0 202.0 503.0
30620 郭悦宁 99.0 84.0 117.0 53.0 52.0 54.0 300.0 159.0 459.0
30621 郭滋涵 79.0 26.0 57.0 31.0 14.0 33.0 162.0 78.0 240.0
30622 洪斯沛 104.0 96.0 116.0 63.0 66.0 59.0 316.0 188.0 504.0
30623 黄蔓蔓 102.0 99.0 103.0 80.0 72.0 58.0 304.0 210.0 514.0
30624 黄树炫 117.0 108.0 121.0 90.0 81.0 70.0 346.0 241.0 587.0
30625 黄晚至 99.0 88.0 118.0 67.0 59.0 68.0 305.0 194.0 499.0
30626 黄粤奇 91.0 89.0 109.0 88.0 70.0 54.0 289.0 212.0 501.0
30627 李传璞 119.0 85.0 114.0 75.0 60.0 74.0 318.0 209.0 527.0
30628 李科谋 125.0 122.0 121.0 104.0 77.0 66.0 368.0 247.0 615.0
30629 李婉宜 112.0 101.0 114.0 77.0 91.0 53.0 327.0 221.0 548.0
30630 李心彤 97.0 99.0 99.0 49.0 57.0 50.0 295.0 156.0 451.0
30631 梁婧 106.0 85.0 105.0 77.0 66.0 68.0 296.0 211.0 507.0
30632 林琦 114.0 90.0 116.0 91.0 79.0 64.0 320.0 234.0 554.0
30633 林润峰 112.0 85.0 111.0 76.0 66.0 56.0 308.0 198.0 506.0
30634 林烁 106.0 114.0 115.0 65.0 66.0 49.0 335.0 180.0 515.0
30635 林钰祺 108.0 98.0 110.0 76.0 57.0 62.0 316.0 195.0 511.0
30636 林泽聪 106.0 100.0 118.0 93.0 92.0 76.0 324.0 261.0 585.0
30637 林泽娜 109.0 82.0 110.0 80.0 61.0 64.0 301.0 205.0 506.0
30638 刘学智 106.0 85.0 103.0 83.0 73.0 72.0 294.0 228.0 522.0
30639 马思奇 120.0 81.0 111.0 79.0 76.0 69.0 312.0 224.0 536.0
30640 佘卓键 102.0 92.0 106.0 74.0 59.0 70.0 300.0 203.0 503.0
30641 沈畅泳 119.0 119.0 119.0 87.0 84.0 70.0 357.0 241.0 598.0
30642 汤庆琳 103.0 69.0 110.0 33.0 34.0 46.0 282.0 113.0 395.0
30643 王嘉如 108.0 94.0 113.0 73.0 83.0 75.0 315.0 231.0 546.0
30644 王琳 108.0 80.0 111.0 61.0 81.0 70.0 299.0 212.0 511.0
30645 王梓渲 112.0 103.0 114.0 87.0 75.0 73.0 329.0 235.0 564.0
30646 吴文澜 98.0 93.0 109.0 60.0 50.0 55.0 300.0 165.0 465.0
30647 吴妍 116.0 109.0 111.0 65.0 85.0 68.0 336.0 218.0 554.0
30648 许夏帆 125.0 110.0 126.0 73.0 67.0 66.0 361.0 206.0 567.0
30649 许烨琪 102.0 100.0 108.0 69.0 58.0 71.0 310.0 198.0 508.0
30652 杨依云 109.0 103.0 114.0 65.0 70.0 65.0 326.0 200.0 526.0
30653 蚁维聪 116.0 79.0 100.0 75.0 74.0 63.0 295.0 212.0 507.0
30655 喻子韬 98.0 94.0 117.0 93.0 81.0 58.0 309.0 232.0 541.0
30656 詹育东 114.0 98.0 103.0 82.0 80.0 69.0 315.0 231.0 546.0
30657 张棣炫 104.0 87.0 107.0 88.0 58.0 63.0 298.0 209.0 507.0
30658 张欣悦 107.0 117.0 113.0 70.0 71.0 59.0 337.0 200.0 537.0
30659 郑东能 114.0 138.0 110.0 98.0 82.0 77.0 362.0 257.0 619.0
30660 郑凯元 107.0 91.0 114.0 97.0 82.0 62.0 312.0 241.0 553.0
30661 郑泽楠 98.0 89.0 104.0 79.0 67.0 69.0 291.0 215.0 506.0
30662 钟贝琪 107.0 95.0 113.0 82.0 75.0 64.0 315.0 221.0 536.0
30663 周盈贝 102.0 78.0 108.0 44.0 78.0 66.0 288.0 188.0 476.0
30701 蔡博涵 98.0 78.0 107.0 77.0 63.0 70.0 283.0 210.0 493.0
30702 蔡琪 105.0 83.0 90.0 51.0 59.0 62.0 278.0 172.0 450.0
30703 蔡淑熙 114.0 105.0 117.0 60.0 72.0 76.0 336.0 208.0 544.0
30704 蔡晓仪 105.0 108.0 121.0 74.0 82.0 63.0 334.0 219.0 553.0
30705 蔡泽莹 109.0 99.0 119.0 60.0 49.0 53.0 327.0 162.0 489.0
30708 陈畅 105.0 86.0 110.0 60.0 60.0 58.0 301.0 178.0 479.0
30709 陈铎仑 108.0 103.0 111.0 88.0 79.0 82.0 322.0 249.0 571.0
30710 陈俊成 114.0 122.0 121.0 93.0 92.0 72.0 357.0 257.0 614.0
30711 陈思冰 107.0 87.0 112.0 81.0 78.0 62.0 306.0 221.0 527.0
30712 陈思桦 97.0 88.0 100.0 89.0 66.0 55.0 285.0 210.0 495.0
30713 陈武杰 97.0 89.0 95.0 73.0 78.0 49.0 281.0 200.0 481.0
30715 陈奕纯 113.0 105.0 121.0 79.0 87.0 67.0 339.0 233.0 572.0
30716 陈钟之 98.0 108.0 116.0 78.0 65.0 61.0 322.0 204.0 526.0
30717 陈梓博 109.0 115.0 113.0 82.0 73.0 63.0 337.0 218.0 555.0
30719 丁烜 95.0 97.0 79.0 78.0 58.0 63.0 271.0 199.0 470.0
30720 杜昕 116.0 69.0 108.0 77.0 59.0 64.0 293.0 200.0 493.0
30721 杜展 104.0 103.0 112.0 101.0 81.0 59.0 319.0 241.0 560.0
30722 郭枫阳 119.0 103.0 122.0 86.0 87.0 70.0 344.0 243.0 587.0
30723 洪欣苑 109.0 102.0 107.0 78.0 64.0 63.0 318.0 205.0 523.0
30724 洪梓昂 108.0 94.0 123.0 79.0 75.0 63.0 325.0 217.0 542.0
30725 黄心婷 101.0 95.0 111.0 84.0 57.0 66.0 307.0 207.0 514.0
30726 黄芷琳 110.0 76.0 122.0 48.0 73.0 61.0 308.0 182.0 490.0
30727 李博恩 115.0 94.0 121.0 80.0 86.0 66.0 330.0 232.0 562.0
30728 李恺寰 108.0 86.0 108.0 92.0 80.0 80.0 302.0 252.0 554.0
30730 李翊亨 109.0 98.0 123.0 85.0 51.0 78.0 330.0 214.0 544.0
30731 林宏杰 109.0 98.0 98.0 85.0 57.0 66.0 305.0 208.0 513.0
30732 林熙 112.0 116.0 109.0 56.0 63.0 45.0 337.0 164.0 501.0
30733 林映含 110.0 105.0 109.0 85.0 61.0 73.0 324.0 219.0 543.0
30734 林芸 114.0 102.0 116.0 97.0 81.0 73.0 332.0 251.0 583.0
30735 刘乐欣 110.0 96.0 113.0 89.0 79.0 78.0 319.0 246.0 565.0
30736 刘依雯 101.0 85.0 122.0 49.0 41.0 64.0 308.0 154.0 462.0
30737 刘雨奇 114.0 135.0 117.0 95.0 79.0 77.0 366.0 251.0 617.0
30738 刘子烁 103.0 87.0 102.0 72.0 77.0 67.0 292.0 216.0 508.0
30739 陆伟坤 109.0 109.0 105.0 87.0 60.0 72.0 323.0 219.0 542.0
30740 马学宽 96.0 111.0 119.0 70.0 82.0 70.0 326.0 222.0 548.0
30741 彭博澄 123.0 108.0 114.0 101.0 72.0 65.0 345.0 238.0 583.0
30742 邱可盈 100.0 114.0 113.0 85.0 64.0 71.0 327.0 220.0 547.0
30743 佘晓仪 97.0 81.0 107.0 59.0 30.0 59.0 285.0 148.0 433.0
30745 苏烁航 100.0 102.0 99.0 66.0 59.0 56.0 301.0 181.0 482.0
30746 苏斯楠 106.0 87.0 98.0 90.0 76.0 71.0 291.0 237.0 528.0
30747 孙润楷 110.0 104.0 114.0 74.0 83.0 74.0 328.0 231.0 559.0
30748 吴佳生 107.0 95.0 125.0 97.0 84.0 86.0 327.0 267.0 594.0
30749 吴昕 97.0 83.0 100.0 57.0 63.0 54.0 280.0 174.0 454.0
30750 谢伟坤 104.0 88.0 114.0 70.0 62.0 66.0 306.0 198.0 504.0
30751 谢宗泰 114.0 82.0 97.0 71.0 64.0 67.0 293.0 202.0 495.0
30752 徐子媛 110.0 88.0 112.0 59.0 74.0 62.0 310.0 195.0 505.0
30753 许楷扬 98.0 101.0 105.0 73.0 71.0 60.0 304.0 204.0 508.0
30754 许艺瀛 106.0 117.0 113.0 86.0 73.0 58.0 336.0 217.0 553.0
30755 杨深林 106.0 97.0 109.0 80.0 66.0 79.0 312.0 225.0 537.0
30756 杨烨爽 106.0 112.0 107.0 90.0 86.0 66.0 325.0 242.0 567.0
30757 叶乐萱 127.0 110.0 130.0 92.0 87.0 84.0 367.0 263.0 630.0
30758 张睿 108.0 98.0 112.0 85.0 71.0 51.0 318.0 207.0 525.0
30759 张少伟 94.0 93.0 99.0 65.0 74.0 50.0 286.0 189.0 475.0
30760 张煜坚 114.0 78.0 116.0 77.0 63.0 67.0 308.0 207.0 515.0
30761 郑逸晖 109.0 103.0 121.0 91.0 83.0 76.0 333.0 250.0 583.0
30762 钟耿钦 103.0 90.0 107.0 68.0 66.0 57.0 300.0 191.0 491.0
30801 蔡筱蕊 112.0 95.0 119.0 75.0 65.0 63.0 326.0 203.0 529.0
30802 蔡奕桐 106.0 77.0 99.0 66.0 56.0 61.0 282.0 183.0 465.0
30803 蔡泽泓 108.0 98.0 109.0 78.0 84.0 62.0 315.0 224.0 539.0
30804 陈达可 106.0 119.0 119.0 85.0 75.0 81.0 344.0 241.0 585.0
30806 陈锴榆 115.0 98.0 99.0 84.0 75.0 69.0 312.0 228.0 540.0
30807 陈润慷 104.0 125.0 105.0 74.0 84.0 64.0 334.0 222.0 556.0
30808 陈淑芳 104.0 88.0 97.0 54.0 42.0 59.0 289.0 155.0 444.0
30809 陈彦宇 98.0 98.0 114.0 67.0 78.0 62.0 310.0 207.0 517.0
30810 陈钰琦 105.0 58.0 106.0 39.0 45.0 49.0 269.0 133.0 402.0
30811 陈志航 96.0 46.0 89.0 62.0 37.0 52.0 231.0 151.0 382.0
30812 单浩铭 116.0 83.0 101.0 61.0 55.0 69.0 300.0 185.0 485.0
30813 董煜然 113.0 78.0 103.0 79.0 68.0 65.0 294.0 212.0 506.0
30814 杜庚育 121.0 101.0 108.0 76.0 74.0 72.0 330.0 222.0 552.0
30816 方殷锴 110.0 101.0 128.0 76.0 72.0 80.0 339.0 228.0 567.0
30817 葛颖 103.0 87.0 106.0 83.0 62.0 63.0 296.0 208.0 504.0
30818 郭粉红 110.0 83.0 101.0 71.0 66.0 55.0 294.0 192.0 486.0
30819 郭景瀚 104.0 93.0 109.0 73.0 62.0 60.0 306.0 195.0 501.0
30820 洪立强 106.0 83.0 99.0 66.0 54.0 49.0 288.0 169.0 457.0
30821 洪少锐 112.0 105.0 108.0 87.0 71.0 69.0 325.0 227.0 552.0
30822 黄端 102.0 104.0 109.0 95.0 87.0 69.0 315.0 251.0 566.0
30823 黄丰 116.0 90.0 110.0 81.0 69.0 73.0 316.0 223.0 539.0
30824 黄俊斐 95.0 115.0 109.0 80.0 82.0 58.0 319.0 220.0 539.0
30825 黄可欣 116.0 106.0 130.0 85.0 87.0 74.0 352.0 246.0 598.0
30826 金泽薰 122.0 92.0 118.0 82.0 79.0 78.0 332.0 239.0 571.0
30827 蓝旸 108.0 61.0 104.0 70.0 60.0 57.0 273.0 187.0 460.0
30829 林栾荀 112.0 96.0 108.0 84.0 81.0 56.0 316.0 221.0 537.0
30830 林若彤 111.0 94.0 117.0 83.0 81.0 75.0 322.0 239.0 561.0
30831 林晓纯 114.0 114.0 119.0 82.0 87.0 76.0 347.0 245.0 592.0
30832 林钇 109.0 111.0 125.0 84.0 80.0 69.0 345.0 233.0 578.0
30833 林毓莹 105.0 65.0 121.0 64.0 69.0 55.0 291.0 188.0 479.0
30834 林泽凯 98.0 94.0 92.0 70.0 53.0 47.0 284.0 170.0 454.0
30835 刘尔嘉 118.0 101.0 131.0 86.0 69.0 65.0 350.0 220.0 570.0
30836 马旭宁 113.0 92.0 103.0 84.0 83.0 74.0 308.0 241.0 549.0
30837 彭诗妍 102.0 85.0 101.0 50.0 81.0 69.0 288.0 200.0 488.0
30838 宋洁榕 113.0 97.0 116.0 68.0 78.0 65.0 326.0 211.0 537.0
30839 王绿蔚 109.0 88.0 115.0 87.0 70.0 68.0 312.0 225.0 537.0
30840 王维佳 104.0 75.0 98.0 77.0 59.0 47.0 277.0 183.0 460.0
30841 王知往 102.0 83.0 114.0 67.0 45.0 54.0 299.0 166.0 465.0
30842 王志扬 96.0 109.0 102.0 74.0 75.0 70.0 307.0 219.0 526.0
30843 温一海 101.0 90.0 113.0 58.0 49.0 69.0 304.0 176.0 480.0
30844 吴丹妮 122.0 89.0 111.0 43.0 44.0 46.0 322.0 133.0 455.0
30845 吴赋 103.0 115.0 110.0 99.0 92.0 84.0 328.0 275.0 603.0
30846 吴润铭 111.0 105.0 99.0 71.0 60.0 44.0 315.0 175.0 490.0
30847 吴夏韵 103.0 106.0 108.0 89.0 51.0 62.0 317.0 202.0 519.0
30848 辛铄浩 102.0 88.0 103.0 83.0 72.0 68.0 293.0 223.0 516.0
30849 杨婷婷 104.0 72.0 112.0 64.0 50.0 48.0 288.0 162.0 450.0
30851 曾宇煌 122.0 78.0 119.0 83.0 38.0 66.0 319.0 187.0 506.0
30852 张晓斐 115.0 103.0 127.0 65.0 81.0 61.0 345.0 207.0 552.0
30853 张梓涵 111.0 95.0 109.0 79.0 63.0 77.0 315.0 219.0 534.0
30854 郑聪 104.0 95.0 113.0 66.0 70.0 70.0 312.0 206.0 518.0
30855 郑岱锋 98.0 64.0 90.0 30.0 46.0 54.0 252.0 130.0 382.0
30856 郑楷融 114.0 95.0 101.0 87.0 63.0 59.0 310.0 209.0 519.0
30857 郑欣琳 109.0 79.0 110.0 78.0 39.0 65.0 298.0 182.0 480.0
30858 郑宇平 100.0 93.0 101.0 60.0 63.0 62.0 294.0 185.0 479.0
30861 庄先正 104.0 68.0 100.0 62.0 42.0 58.0 272.0 162.0 434.0
30862 邹彤彤 110.0 65.0 104.0 61.0 56.0 59.0 279.0 176.0 455.0
30901 蔡仰涵 115.0 95.0 110.0 82.0 76.0 73.0 320.0 231.0 551.0
30902 陈玳翊 102.0 91.0 106.0 70.0 84.0 66.0 299.0 220.0 519.0
30903 陈方梓淳 114.0 74.0 113.0 78.0 62.0 53.0 301.0 193.0 494.0
30904 陈俊锴 110.0 105.0 118.0 71.0 63.0 63.0 333.0 197.0 530.0
30905 陈铿 98.0 104.0 101.0 55.0 62.0 70.0 303.0 187.0 490.0
30906 陈琳 121.0 85.0 107.0 83.0 65.0 72.0 313.0 220.0 533.0
30907 陈淼泓 98.0 73.0 106.0 69.0 41.0 49.0 277.0 159.0 436.0
30908 陈诺 113.0 118.0 106.0 80.0 79.0 62.0 337.0 221.0 558.0
30909 陈申 113.0 98.0 111.0 95.0 88.0 72.0 322.0 255.0 577.0
30910 陈曦芃 100.0 64.0 107.0 64.0 56.0 73.0 271.0 193.0 464.0
30911 陈逸挺 107.0 51.0 89.0 64.0 46.0 58.0 247.0 168.0 415.0
30912 陈钰媛 112.0 87.0 96.0 54.0 59.0 51.0 295.0 164.0 459.0
30913 陈裕 88.0 82.0 101.0 56.0 68.0 68.0 271.0 192.0 463.0
30914 陈钊燚 113.0 105.0 102.0 80.0 83.0 59.0 320.0 222.0 542.0
30915 丁琪瑄 111.0 96.0 108.0 66.0 81.0 73.0 315.0 220.0 535.0
30916 丁泽晟 112.0 122.0 117.0 91.0 86.0 72.0 351.0 249.0 600.0
30917 董信步 113.0 108.0 109.0 82.0 79.0 65.0 330.0 226.0 556.0
30918 郭婉祺 110.0 130.0 119.0 84.0 77.0 73.0 359.0 234.0 593.0
30919 郭潇凯 113.0 85.0 109.0 69.0 61.0 69.0 307.0 199.0 506.0
30920 洪愿足 115.0 82.0 96.0 83.0 91.0 77.0 293.0 251.0 544.0
30921 黄川 115.0 111.0 116.0 88.0 80.0 69.0 342.0 237.0 579.0
30923 黄晓彤 104.0 56.0 114.0 34.0 22.0 57.0 274.0 113.0 387.0
30924 黄泽钦 103.0 123.0 103.0 83.0 82.0 81.0 329.0 246.0 575.0
30925 黄梓媛 113.0 97.0 109.0 65.0 85.0 72.0 319.0 222.0 541.0
30926 蓝菁 123.0 97.0 118.0 47.0 67.0 69.0 338.0 183.0 521.0
30927 李金洺 106.0 65.0 95.0 59.0 36.0 62.0 266.0 157.0 423.0
30928 李乐浩 114.0 95.0 111.0 82.0 69.0 64.0 320.0 215.0 535.0
30929 李泽銮 115.0 73.0 110.0 83.0 46.0 69.0 298.0 198.0 496.0
30930 林翰 108.0 82.0 107.0 64.0 51.0 63.0 297.0 178.0 475.0
30931 林洁娜 114.0 82.0 117.0 56.0 48.0 41.0 313.0 145.0 458.0
30932 林锦燕 107.0 115.0 113.0 93.0 79.0 70.0 335.0 242.0 577.0
30933 林仕居 102.0 115.0 109.0 90.0 80.0 77.0 326.0 247.0 573.0
30934 林铄浩 114.0 97.0 104.0 69.0 80.0 65.0 315.0 214.0 529.0
30935 林晓琪 109.0 90.0 120.0 58.0 74.0 53.0 319.0 185.0 504.0
30936 林依洁 100.0 94.0 100.0 61.0 68.0 68.0 294.0 197.0 491.0
30937 刘泳钊 102.0 66.0 109.0 59.0 22.0 52.0 277.0 133.0 410.0
30938 罗泽鑫 108.0 120.0 107.0 77.0 70.0 76.0 335.0 223.0 558.0
30939 欧阳苇航 105.0 112.0 112.0 104.0 93.0 81.0 329.0 278.0 607.0
30940 潘沛 111.0 86.0 105.0 72.0 52.0 62.0 302.0 186.0 488.0
30941 邱子涵 104.0 119.0 116.0 77.0 69.0 75.0 339.0 221.0 560.0
30942 芮滢 110.0 106.0 117.0 65.0 74.0 71.0 333.0 210.0 543.0
30943 沈子钦 108.0 88.0 123.0 58.0 55.0 66.0 319.0 179.0 498.0
30944 王逸楠 106.0 90.0 115.0 80.0 49.0 63.0 311.0 192.0 503.0
30945 王梓宜 102.0 101.0 93.0 68.0 83.0 57.0 296.0 208.0 504.0
30946 吴佳锡 114.0 91.0 103.0 89.0 75.0 76.0 308.0 240.0 548.0
30947 吴奕艾 110.0 83.0 70.0 41.0 50.0 66.0 263.0 157.0 420.0
30948 吴逸慈 94.0 108.0 118.0 62.0 80.0 73.0 320.0 215.0 535.0
30949 徐仰男 109.0 92.0 102.0 84.0 62.0 58.0 303.0 204.0 507.0
30950 杨亦茜 103.0 118.0 114.0 97.0 78.0 69.0 335.0 244.0 579.0
30951 姚炜琳 106.0 92.0 99.0 48.0 57.0 68.0 297.0 173.0 470.0
30952 余烁 118.0 103.0 111.0 66.0 72.0 62.0 332.0 200.0 532.0
30953 袁一欣 109.0 120.0 112.0 71.0 63.0 59.0 341.0 193.0 534.0
30954 曾慧宾 109.0 96.0 110.0 60.0 66.0 68.0 315.0 194.0 509.0
30956 张禾 119.0 105.0 118.0 74.0 75.0 71.0 342.0 220.0 562.0
30957 郑瑞锐 111.0 128.0 126.0 96.0 87.0 83.0 365.0 266.0 631.0
30958 郑闻铎 101.0 84.0 0 79.0 51.0 55.0 0 185.0 0
30959 郑勋 77.0 85.0 114.0 71.0 74.0 60.0 276.0 205.0 481.0
30960 郑哲 105.0 63.0 102.0 47.0 43.0 43.0 270.0 133.0 403.0
30961 朱海平 108.0 83.0 107.0 83.0 43.0 61.0 298.0 187.0 485.0
30962 庄瑞临 120.0 102.0 103.0 71.0 63.0 65.0 325.0 199.0 524.0
31001 蔡凡 99.0 96.0 102.0 46.0 77.0 63.0 297.0 186.0 483.0
31002 蔡若珂 107.0 86.0 103.0 64.0 67.0 66.0 296.0 197.0 493.0
31004 蔡周峰 101.0 89.0 105.0 73.0 78.0 64.0 295.0 215.0 510.0
31005 陈蓓蓓 102.0 94.0 110.0 79.0 67.0 63.0 306.0 209.0 515.0
31006 陈钧哲 107.0 128.0 114.0 75.0 87.0 56.0 349.0 218.0 567.0
31007 陈树煜 116.0 92.0 106.0 79.0 73.0 60.0 314.0 212.0 526.0
31008 陈泰霖 116.0 104.0 109.0 83.0 76.0 79.0 329.0 238.0 567.0
31009 陈童菲 104.0 108.0 123.0 99.0 85.0 72.0 335.0 256.0 591.0
31010 陈泽锋 108.0 88.0 115.0 69.0 79.0 57.0 311.0 205.0 516.0
31011 陈泽锐 109.0 65.0 99.0 67.0 48.0 50.0 273.0 165.0 438.0
31012 池逸和 110.0 119.0 125.0 81.0 65.0 79.0 354.0 225.0 579.0
31013 杜鑫 120.0 112.0 123.0 82.0 59.0 69.0 355.0 210.0 565.0
31014 范冬倪 116.0 74.0 109.0 65.0 66.0 66.0 299.0 197.0 496.0
31015 房瑜仪 99.0 121.0 100.0 84.0 83.0 62.0 320.0 229.0 549.0
31016 高帅博 94.0 111.0 114.0 78.0 83.0 54.0 319.0 215.0 534.0
31017 黄钿津 101.0 106.0 92.0 33.0 42.0 31.0 299.0 106.0 405.0
31018 黄兰馨 112.0 95.0 104.0 72.0 85.0 70.0 311.0 227.0 538.0
31019 黄立涵 102.0 112.0 94.0 88.0 73.0 79.0 308.0 240.0 548.0
31020 黄泽瀚 109.0 107.0 118.0 86.0 72.0 74.0 334.0 232.0 566.0
31021 纪南帆 104.0 88.0 85.0 56.0 55.0 54.0 277.0 165.0 442.0
31022 纪欣格 111.0 108.0 105.0 77.0 86.0 57.0 324.0 220.0 544.0
31023 金敏桦 126.0 115.0 120.0 73.0 87.0 80.0 361.0 240.0 601.0
31024 李嘉桦 104.0 92.0 91.0 76.0 57.0 66.0 287.0 199.0 486.0
31025 李芷佳 100.0 97.0 113.0 67.0 64.0 45.0 310.0 176.0 486.0
31026 林翠环 113.0 105.0 111.0 66.0 66.0 74.0 329.0 206.0 535.0
31027 林丹娜 105.0 114.0 119.0 71.0 77.0 72.0 338.0 220.0 558.0
31028 林婷婷 110.0 108.0 111.0 75.0 78.0 66.0 329.0 219.0 548.0
31029 林钰 128.0 72.0 121.0 47.0 53.0 50.0 321.0 150.0 471.0
31030 林展锋 110.0 103.0 108.0 71.0 57.0 57.0 321.0 185.0 506.0
31031 林子潼 107.0 106.0 112.0 88.0 88.0 62.0 325.0 238.0 563.0
31032 刘派佳 105.0 109.0 99.0 55.0 55.0 72.0 313.0 182.0 495.0
31033 陆天宇 113.0 90.0 112.0 49.0 66.0 68.0 315.0 183.0 498.0
31034 马殊 105.0 88.0 117.0 55.0 68.0 59.0 310.0 182.0 492.0
31036 邱煜群 105.0 117.0 104.0 89.0 70.0 80.0 326.0 239.0 565.0
31037 王昊东 112.0 93.0 100.0 97.0 75.0 72.0 305.0 244.0 549.0
31039 王岳 96.0 75.0 90.0 47.0 46.0 51.0 261.0 144.0 405.0
31040 王芸 102.0 98.0 105.0 55.0 48.0 61.0 305.0 164.0 469.0
31041 翁培锴 113.0 93.0 113.0 84.0 87.0 70.0 319.0 241.0 560.0
31042 吴铭洵 110.0 86.0 110.0 59.0 51.0 50.0 306.0 160.0 466.0
31043 吴楠 107.0 106.0 118.0 68.0 86.0 73.0 331.0 227.0 558.0
31044 吴新仪 100.0 99.0 115.0 64.0 84.0 67.0 314.0 215.0 529.0
31045 夏立嘉 97.0 98.0 123.0 86.0 78.0 69.0 318.0 233.0 551.0
31046 辛焜媛 110.0 111.0 110.0 90.0 59.0 59.0 331.0 208.0 539.0
31048 许思琪 77.0 75.0 113.0 52.0 62.0 47.0 265.0 161.0 426.0
31049 羊雪琪 116.0 109.0 118.0 91.0 89.0 71.0 343.0 251.0 594.0
31050 杨基石 122.0 89.0 97.0 86.0 73.0 58.0 308.0 217.0 525.0
31051 杨璐羽 112.0 99.0 114.0 82.0 60.0 69.0 325.0 211.0 536.0
31052 曾炀铃 96.0 83.0 110.0 65.0 67.0 52.0 289.0 184.0 473.0
31053 曾钰辉 105.0 89.0 86.0 65.0 59.0 63.0 280.0 187.0 467.0
31054 张森烔 99.0 88.0 108.0 76.0 60.0 67.0 295.0 203.0 498.0
31055 赵博瑄 107.0 76.0 102.0 62.0 37.0 48.0 285.0 147.0 432.0
31056 郑乐镔 109.0 90.0 91.0 78.0 52.0 68.0 290.0 198.0 488.0
31057 郑若晗 111.0 103.0 105.0 72.0 69.0 57.0 319.0 198.0 517.0
31061 周之祺 111.0 123.0 109.0 98.0 82.0 69.0 343.0 249.0 592.0
31101 蔡滨 106.0 117.0 124.0 101.0 89.0 77.0 347.0 267.0 614.0
31102 曹耿槟 100.0 90.0 107.0 72.0 57.0 49.0 297.0 178.0 475.0
31103 陈浩钦 113.0 117.0 111.0 93.0 73.0 74.0 341.0 240.0 581.0
31104 陈洪昱 106.0 111.0 109.0 85.0 77.0 74.0 326.0 236.0 562.0
31105 陈令烨 110.0 90.0 131.0 73.0 87.0 76.0 331.0 236.0 567.0
31107 陈逸南 113.0 105.0 110.0 93.0 84.0 75.0 328.0 252.0 580.0
31108 陈逸天 114.0 80.0 111.0 73.0 69.0 75.0 305.0 217.0 522.0
31109 陈詠萩 109.0 87.0 122.0 102.0 71.0 79.0 318.0 252.0 570.0
31110 代桂敏 107.0 56.0 111.0 67.0 54.0 59.0 274.0 180.0 454.0
31111 方江鑫 113.0 112.0 113.0 87.0 84.0 72.0 338.0 243.0 581.0
31112 方武智 106.0 60.0 105.0 57.0 29.0 58.0 271.0 144.0 415.0
31113 高亦婷 113.0 87.0 114.0 82.0 54.0 67.0 314.0 203.0 517.0
31114 郭林凯 107.0 56.0 95.0 34.0 6.0 24.0 258.0 64.0 322.0
31115 黄航 115.0 102.0 118.0 81.0 71.0 73.0 335.0 225.0 560.0
31116 黄腾 105.0 86.0 102.0 74.0 69.0 59.0 293.0 202.0 495.0
31117 黄钰涵 110.0 86.0 103.0 50.0 50.0 66.0 299.0 166.0 465.0
31118 黄仲铖 107.0 65.0 89.0 38.0 79.0 61.0 261.0 178.0 439.0
31120 李琳纯 110.0 82.0 105.0 54.0 42.0 57.0 297.0 153.0 450.0
31121 李世濠 108.0 100.0 112.0 84.0 76.0 72.0 320.0 232.0 552.0
31122 李晓琳 111.0 88.0 116.0 71.0 73.0 61.0 315.0 205.0 520.0
31123 李旭纯 121.0 93.0 117.0 81.0 80.0 69.0 331.0 230.0 561.0
31124 林德明 106.0 116.0 96.0 94.0 73.0 73.0 318.0 240.0 558.0
31125 林介山 105.0 111.0 94.0 79.0 69.0 73.0 310.0 221.0 531.0
31126 林琳 100.0 98.0 108.0 61.0 63.0 51.0 306.0 175.0 481.0
31127 林南裕 112.0 82.0 104.0 64.0 86.0 70.0 298.0 220.0 518.0
31128 林烁 108.0 103.0 95.0 65.0 54.0 70.0 306.0 189.0 495.0
31129 林媛 115.0 74.0 100.0 68.0 72.0 52.0 289.0 192.0 481.0
31130 林泽豪 106.0 114.0 106.0 85.0 87.0 82.0 326.0 254.0 580.0
31131 林曾越 107.0 108.0 102.0 94.0 66.0 71.0 317.0 231.0 548.0
31132 卢楠 106.0 68.0 108.0 39.0 60.0 51.0 282.0 150.0 432.0
31133 罗世跃 105.0 105.0 90.0 69.0 56.0 55.0 300.0 180.0 480.0
31134 佘晓洁 109.0 68.0 114.0 55.0 42.0 46.0 291.0 143.0 434.0
31135 宋畅 112.0 87.0 114.0 68.0 66.0 69.0 313.0 203.0 516.0
31136 苏梓禄 98.0 55.0 82.0 61.0 40.0 34.0 235.0 135.0 370.0
31137 孙可欣 116.0 126.0 112.0 81.0 80.0 74.0 354.0 235.0 589.0
31138 王冬梅 110.0 95.0 112.0 77.0 65.0 79.0 317.0 221.0 538.0
31139 王睿琪 116.0 93.0 108.0 73.0 77.0 66.0 317.0 216.0 533.0
31140 王松波 114.0 111.0 104.0 87.0 84.0 73.0 329.0 244.0 573.0
31141 王宇涵 114.0 94.0 108.0 75.0 85.0 64.0 316.0 224.0 540.0
31142 翁锐鹏 103.0 63.0 89.0 72.0 28.0 53.0 255.0 153.0 408.0
31143 翁慎喆 111.0 82.0 113.0 81.0 67.0 58.0 306.0 206.0 512.0
31144 吴吉莉 104.0 77.0 112.0 67.0 59.0 72.0 293.0 198.0 491.0
31145 吴锦涛 103.0 91.0 90.0 57.0 43.0 44.0 284.0 144.0 428.0
31146 吴泽钟 113.0 88.0 95.0 85.0 62.0 69.0 296.0 216.0 512.0
31147 肖涵 96.0 94.0 110.0 60.0 65.0 73.0 300.0 198.0 498.0
31148 肖芷雅 112.0 105.0 109.0 82.0 60.0 71.0 326.0 213.0 539.0
31149 谢冬纯 119.0 122.0 115.0 89.0 87.0 79.0 356.0 255.0 611.0
31150 谢晴 115.0 91.0 115.0 80.0 60.0 69.0 321.0 209.0 530.0
31151 徐子东 119.0 94.0 98.0 72.0 73.0 70.0 311.0 215.0 526.0
31152 杨薇 118.0 110.0 112.0 82.0 89.0 74.0 340.0 245.0 585.0
31153 杨艺霞 122.0 115.0 126.0 77.0 76.0 82.0 363.0 235.0 598.0
31154 姚曙凯 98.0 105.0 104.0 70.0 73.0 66.0 307.0 209.0 516.0
31155 曾扬航 96.0 111.0 116.0 75.0 85.0 77.0 323.0 237.0 560.0
31156 张新阳 104.0 105.0 104.0 85.0 89.0 77.0 313.0 251.0 564.0
31157 郑长河 111.0 84.0 111.0 68.0 76.0 59.0 306.0 203.0 509.0
31158 郑力中 104.0 89.0 108.0 82.0 75.0 68.0 301.0 225.0 526.0
31159 郑润华 108.0 101.0 115.0 69.0 80.0 65.0 324.0 214.0 538.0
31160 郑逸锋 109.0 121.0 99.0 105.0 82.0 79.0 329.0 266.0 595.0
31161 周锦煜 107.0 65.0 108.0 64.0 58.0 66.0 280.0 188.0 468.0
31201 陈健颖 105.0 125.0 103.0 84.0 83.0 80.0 333.0 247.0 580.0
31202 陈楠弘 102.0 106.0 108.0 66.0 58.0 64.0 316.0 188.0 504.0
31203 陈祈丹 102.0 58.0 100.0 48.0 29.0 54.0 260.0 131.0 391.0
31204 陈舒颖 101.0 92.0 120.0 64.0 84.0 60.0 313.0 208.0 521.0
31205 陈晓婷 116.0 87.0 121.0 67.0 55.0 56.0 324.0 178.0 502.0
31206 陈雅昕 110.0 125.0 111.0 101.0 91.0 79.0 346.0 271.0 617.0
31208 陈裕渊 109.0 103.0 114.0 97.0 81.0 74.0 326.0 252.0 578.0
31209 程梓 107.0 67.0 104.0 75.0 58.0 58.0 278.0 191.0 469.0
31210 池霖锋 111.0 88.0 93.0 69.0 66.0 63.0 292.0 198.0 490.0
31211 高丹敏 107.0 120.0 116.0 64.0 71.0 59.0 343.0 194.0 537.0
31212 洪耿鑫 108.0 86.0 109.0 89.0 81.0 68.0 303.0 238.0 541.0
31213 洪泳琪 112.0 104.0 120.0 86.0 93.0 76.0 336.0 255.0 591.0
31214 黄骏涵 101.0 85.0 73.0 70.0 48.0 60.0 259.0 178.0 437.0
31215 黄丽楠 117.0 77.0 102.0 57.0 59.0 60.0 296.0 176.0 472.0
31216 黄绵煌 103.0 82.0 104.0 43.0 60.0 56.0 289.0 159.0 448.0
31217 黄曦宇 107.0 87.0 100.0 53.0 54.0 47.0 294.0 154.0 448.0
31218 李洁淳 112.0 89.0 98.0 54.0 66.0 54.0 299.0 174.0 473.0
31219 李晓波 110.0 86.0 89.0 69.0 74.0 64.0 285.0 207.0 492.0
31220 李育纯 113.0 89.0 113.0 84.0 76.0 59.0 315.0 219.0 534.0
31221 李云山 112.0 126.0 108.0 84.0 79.0 71.0 346.0 234.0 580.0
31222 林翰韬 109.0 85.0 117.0 67.0 69.0 65.0 311.0 201.0 512.0
31223 林靖 105.0 111.0 121.0 93.0 92.0 70.0 337.0 255.0 592.0
31224 林敏英 110.0 107.0 119.0 72.0 75.0 75.0 336.0 222.0 558.0
31225 林汪灏 105.0 70.0 98.0 53.0 45.0 54.0 273.0 152.0 425.0
31226 林晓仰 106.0 81.0 114.0 78.0 82.0 50.0 301.0 210.0 511.0
31227 刘陈婷 111.0 104.0 122.0 81.0 89.0 74.0 337.0 244.0 581.0
31228 刘淇文 113.0 79.0 108.0 59.0 64.0 53.0 300.0 176.0 476.0
31229 刘逸璋 107.0 100.0 121.0 67.0 71.0 62.0 328.0 200.0 528.0
31230 罗立扬 112.0 96.0 106.0 91.0 79.0 60.0 314.0 230.0 544.0
31231 马尚霖 104.0 84.0 102.0 42.0 54.0 55.0 290.0 151.0 441.0
31232 沈楠 114.0 86.0 105.0 78.0 73.0 51.0 305.0 202.0 507.0
31233 孙奇 122.0 140.0 115.0 105.0 96.0 83.0 377.0 284.0 661.0
31234 孙泽鑫 101.0 87.0 77.0 61.0 54.0 62.0 265.0 177.0 442.0
31235 王锴 118.0 113.0 123.0 92.0 90.0 78.0 354.0 260.0 614.0
31236 王婉仪 106.0 67.0 105.0 41.0 58.0 56.0 278.0 155.0 433.0
31237 王炜 102.0 125.0 106.0 73.0 90.0 70.0 333.0 233.0 566.0
31238 王志鹏 102.0 90.0 108.0 67.0 68.0 66.0 300.0 201.0 501.0
31239 王梓菁 100.0 84.0 108.0 71.0 65.0 65.0 292.0 201.0 493.0
31240 翁子腾 104.0 116.0 102.0 88.0 87.0 74.0 322.0 249.0 571.0
31241 吴宏振 99.0 91.0 111.0 58.0 71.0 56.0 301.0 185.0 486.0
31243 吴晓杰 115.0 106.0 113.0 98.0 86.0 72.0 334.0 256.0 590.0
31244 肖扬秀 119.0 105.0 118.0 72.0 87.0 70.0 342.0 229.0 571.0
31245 谢艾津 118.0 104.0 111.0 62.0 47.0 53.0 333.0 162.0 495.0
31246 谢泽杰 113.0 104.0 117.0 81.0 74.0 59.0 334.0 214.0 548.0
31247 许涵英 107.0 101.0 108.0 75.0 97.0 74.0 316.0 246.0 562.0
31248 许佳森 107.0 69.0 79.0 51.0 52.0 55.0 255.0 158.0 413.0
31249 许桐辉 116.0 71.0 96.0 70.0 75.0 48.0 283.0 193.0 476.0
31250 杨时骅 114.0 38.0 102.0 52.0 33.0 45.0 254.0 130.0 384.0
31251 杨时颖 112.0 86.0 106.0 69.0 75.0 59.0 304.0 203.0 507.0
31252 余洢彤 107.0 80.0 107.0 62.0 57.0 51.0 294.0 170.0 464.0
31253 曾婵娟 110.0 99.0 121.0 94.0 81.0 64.0 330.0 239.0 569.0
31254 张漫卿 105.0 74.0 96.0 31.0 67.0 64.0 275.0 162.0 437.0
31255 张睿莹 112.0 92.0 108.0 84.0 90.0 70.0 312.0 244.0 556.0
31256 张艺涵 107.0 108.0 110.0 83.0 81.0 70.0 325.0 234.0 559.0
31257 郑思思 96.0 78.0 97.0 85.0 67.0 56.0 271.0 208.0 479.0
31258 郑希彦 110.0 84.0 100.0 63.0 68.0 59.0 294.0 190.0 484.0
31259 郑以豪 110.0 99.0 106.0 80.0 90.0 75.0 315.0 245.0 560.0
31261 朱源腾 120.0 107.0 110.0 69.0 75.0 72.0 337.0 216.0 553.0
31262 朱越 118.0 118.0 119.0 88.0 88.0 72.0 355.0 248.0 603.0
31301 蔡祎晖 106.0 117.0 109.0 74.0 78.0 55.0 332.0 207.0 539.0
31302 蔡永杰 105.0 85.0 97.0 59.0 83.0 60.0 287.0 202.0 489.0
31303 蔡泽莎 106.0 116.0 110.0 68.0 57.0 68.0 332.0 193.0 525.0
31304 蔡芝恬 119.0 84.0 115.0 75.0 67.0 66.0 318.0 208.0 526.0
31305 陈璐 108.0 95.0 115.0 57.0 35.0 65.0 318.0 157.0 475.0
31306 陈冉 104.0 88.0 117.0 72.0 73.0 71.0 309.0 216.0 525.0
31308 陈宇铭 108.0 94.0 111.0 83.0 86.0 73.0 313.0 242.0 555.0
31309 陈岳彬 100.0 80.0 107.0 63.0 40.0 63.0 287.0 166.0 453.0
31310 郭剑豪 108.0 115.0 109.0 87.0 79.0 64.0 332.0 230.0 562.0
31311 黄凯丽 106.0 89.0 107.0 81.0 67.0 56.0 302.0 204.0 506.0
31313 黄桢栩 101.0 82.0 108.0 65.0 65.0 62.0 291.0 192.0 483.0
31314 黄柱铭 105.0 85.0 105.0 65.0 55.0 63.0 295.0 183.0 478.0
31315 赖浩锋 113.0 104.0 117.0 83.0 83.0 74.0 334.0 240.0 574.0
31317 林耿烨 112.0 108.0 111.0 92.0 78.0 73.0 331.0 243.0 574.0
31318 林炜钿 110.0 82.0 101.0 28.0 48.0 58.0 293.0 134.0 427.0
31319 林业渺 110.0 102.0 104.0 82.0 57.0 66.0 316.0 205.0 521.0
31320 林子棉 92.0 117.0 105.0 91.0 69.0 74.0 314.0 234.0 548.0
31321 刘佳彤 104.0 97.0 104.0 54.0 59.0 63.0 305.0 176.0 481.0
31322 刘珊 110.0 115.0 121.0 67.0 55.0 65.0 346.0 187.0 533.0
31323 陆齐 103.0 90.0 116.0 55.0 63.0 57.0 309.0 175.0 484.0
31324 马丹泓 112.0 85.0 78.0 57.0 76.0 62.0 275.0 195.0 470.0
31325 马伟根 107.0 122.0 118.0 95.0 74.0 80.0 347.0 249.0 596.0
31326 欧斐斐 117.0 110.0 118.0 63.0 88.0 70.0 345.0 221.0 566.0
31327 宋伊钿 92.0 78.0 113.0 74.0 50.0 65.0 283.0 189.0 472.0
31328 苏昉 109.0 74.0 115.0 82.0 76.0 72.0 298.0 230.0 528.0
31329 孙佳笙 113.0 99.0 111.0 73.0 72.0 60.0 323.0 205.0 528.0
31330 孙隽源 107.0 124.0 113.0 92.0 89.0 67.0 344.0 248.0 592.0
31331 吴国炀 101.0 102.0 100.0 63.0 60.0 60.0 303.0 183.0 486.0
31332 吴铭泓 109.0 122.0 108.0 68.0 88.0 66.0 339.0 222.0 561.0
31333 吴任诚 107.0 70.0 99.0 61.0 48.0 64.0 276.0 173.0 449.0
31334 吴之林 108.0 90.0 109.0 74.0 77.0 76.0 307.0 227.0 534.0
31335 肖林昕 110.0 49.0 106.0 37.0 37.0 61.0 265.0 135.0 400.0
31336 谢键焕 114.0 123.0 106.0 96.0 95.0 79.0 343.0 270.0 613.0
31338 徐略 108.0 87.0 105.0 24.0 35.0 46.0 300.0 105.0 405.0
31339 徐紫丹 102.0 86.0 100.0 43.0 56.0 50.0 288.0 149.0 437.0
31340 许锦涛 105.0 97.0 124.0 74.0 76.0 60.0 326.0 210.0 536.0
31341 许稚芝 111.0 98.0 105.0 63.0 73.0 62.0 314.0 198.0 512.0
31342 许宗蕾 95.0 90.0 95.0 51.0 59.0 59.0 280.0 169.0 449.0
31343 颜舒洁 105.0 76.0 117.0 59.0 30.0 55.0 298.0 144.0 442.0
31344 羊恩跃 112.0 128.0 102.0 78.0 68.0 65.0 342.0 211.0 553.0
31345 杨璐洁 113.0 91.0 115.0 77.0 60.0 67.0 319.0 204.0 523.0
31346 杨宓 113.0 98.0 125.0 73.0 71.0 76.0 336.0 220.0 556.0
31347 杨晓虹 114.0 65.0 102.0 60.0 69.0 68.0 281.0 197.0 478.0
31348 姚佳宜 110.0 113.0 102.0 91.0 84.0 73.0 325.0 248.0 573.0
31349 姚星宇 102.0 99.0 111.0 67.0 77.0 68.0 312.0 212.0 524.0
31350 姚映苗 107.0 90.0 127.0 82.0 65.0 61.0 324.0 208.0 532.0
31351 余嘉梓 106.0 102.0 98.0 89.0 75.0 73.0 306.0 237.0 543.0
31354 曾坚锐 113.0 86.0 109.0 75.0 71.0 60.0 308.0 206.0 514.0
31355 曾妍 104.0 106.0 101.0 63.0 65.0 64.0 311.0 192.0 503.0
31356 詹海鹏 115.0 139.0 100.0 94.0 66.0 77.0 354.0 237.0 591.0
31357 詹絮素 109.0 86.0 117.0 59.0 54.0 55.0 312.0 168.0 480.0
31358 张泽恩 102.0 87.0 95.0 60.0 63.0 64.0 284.0 187.0 471.0
31359 章智秋 104.0 117.0 103.0 93.0 71.0 83.0 324.0 247.0 571.0
31360 郑少锐 115.0 75.0 88.0 75.0 64.0 68.0 278.0 207.0 485.0
31361 郑泽明 119.0 107.0 110.0 82.0 80.0 75.0 336.0 237.0 573.0
31362 庄鸿鑫 114.0 115.0 113.0 98.0 90.0 72.0 342.0 260.0 602.0
31401 陈岱芃 120.0 94.0 125.0 81.0 80.0 78.0 339.0 239.0 578.0
31402 陈端华 108.0 118.0 120.0 65.0 81.0 68.0 346.0 214.0 560.0
31403 陈挥遒 97.0 75.0 103.0 56.0 64.0 58.0 275.0 178.0 453.0
31404 陈建诚 108.0 123.0 128.0 86.0 69.0 63.0 359.0 218.0 577.0
31405 陈沛峰 100.0 62.0 98.0 63.0 60.0 60.0 260.0 183.0 443.0
31406 陈芃 108.0 99.0 110.0 99.0 80.0 60.0 317.0 239.0 556.0
31407 陈铄霓 97.0 86.0 99.0 58.0 63.0 67.0 282.0 188.0 470.0
31408 陈奕希 100.0 78.0 113.0 75.0 62.0 63.0 291.0 200.0 491.0
31409 陈泽伟 113.0 94.0 116.0 68.0 80.0 70.0 323.0 218.0 541.0
31410 陈喆慧 105.0 89.0 98.0 77.0 65.0 66.0 292.0 208.0 500.0
31411 陈至渲 110.0 119.0 124.0 81.0 83.0 71.0 353.0 235.0 588.0
31413 邓昱聪 108.0 91.0 111.0 91.0 71.0 70.0 310.0 232.0 542.0
31414 邓泽淳 111.0 95.0 104.0 71.0 54.0 63.0 310.0 188.0 498.0
31415 冯嘉俊 116.0 90.0 103.0 57.0 78.0 71.0 309.0 206.0 515.0
31416 龚泽颖 109.0 98.0 111.0 84.0 82.0 78.0 318.0 244.0 562.0
31417 郭冰桦 113.0 74.0 119.0 70.0 72.0 67.0 306.0 209.0 515.0
31418 黄恩童 119.0 100.0 95.0 69.0 69.0 72.0 314.0 210.0 524.0
31419 黄桂凤 109.0 78.0 99.0 67.0 60.0 49.0 286.0 176.0 462.0
31420 江锦虹 118.0 112.0 117.0 85.0 63.0 68.0 347.0 216.0 563.0
31421 李佳晟 124.0 112.0 118.0 77.0 67.0 67.0 354.0 211.0 565.0
31422 李楠 115.0 122.0 116.0 80.0 81.0 71.0 353.0 232.0 585.0
31423 李舒婷 111.0 110.0 108.0 73.0 51.0 73.0 329.0 197.0 526.0
31424 李易熹 108.0 114.0 116.0 64.0 92.0 68.0 338.0 224.0 562.0
31425 林泓 99.0 83.0 99.0 91.0 70.0 72.0 281.0 233.0 514.0
31426 林可依 118.0 115.0 118.0 85.0 70.0 67.0 351.0 222.0 573.0
31427 林珮汝 110.0 98.0 108.0 65.0 70.0 48.0 316.0 183.0 499.0
31428 林心玥 109.0 45.0 117.0 34.0 48.0 51.0 271.0 133.0 404.0
31429 刘硕霓 114.0 112.0 112.0 93.0 84.0 75.0 338.0 252.0 590.0
31431 卢琳绵 116.0 97.0 113.0 74.0 79.0 59.0 326.0 212.0 538.0
31432 吕远东 108.0 102.0 103.0 89.0 55.0 66.0 313.0 210.0 523.0
31433 马旭民 120.0 132.0 100.0 89.0 81.0 76.0 352.0 246.0 598.0
31434 麦泽涵 116.0 100.0 115.0 65.0 82.0 71.0 331.0 218.0 549.0
31435 邱鸿鑫 113.0 101.0 109.0 64.0 72.0 63.0 323.0 199.0 522.0
31436 邱诗钿 104.0 69.0 94.0 51.0 43.0 50.0 267.0 144.0 411.0
31437 邱梓妍 111.0 90.0 118.0 87.0 68.0 63.0 319.0 218.0 537.0
31438 谭妍真 112.0 68.0 111.0 52.0 75.0 72.0 291.0 199.0 490.0
31439 王毓佳 101.0 66.0 109.0 49.0 63.0 77.0 276.0 189.0 465.0
31440 吴昊 108.0 64.0 118.0 54.0 50.0 79.0 290.0 183.0 473.0
31441 吴浩瀚 105.0 94.0 102.0 106.0 65.0 68.0 301.0 239.0 540.0
31442 吴彤君 105.0 95.0 120.0 64.0 59.0 57.0 320.0 180.0 500.0
31443 肖培亮 112.0 101.0 108.0 85.0 73.0 74.0 321.0 232.0 553.0
31444 谢碧瑶 111.0 104.0 110.0 89.0 77.0 69.0 325.0 235.0 560.0
31445 辛杨淳 110.0 99.0 115.0 76.0 70.0 74.0 324.0 220.0 544.0
31446 徐国玮 117.0 92.0 112.0 72.0 70.0 76.0 321.0 218.0 539.0
31447 徐铤 116.0 124.0 123.0 94.0 93.0 72.0 363.0 259.0 622.0
31448 许凯涵 106.0 99.0 120.0 68.0 69.0 76.0 325.0 213.0 538.0
31449 许正纲 113.0 94.0 98.0 77.0 69.0 67.0 305.0 213.0 518.0
31450 杨琳 102.0 90.0 108.0 64.0 85.0 56.0 300.0 205.0 505.0
31451 杨泽仪 118.0 91.0 114.0 65.0 82.0 54.0 323.0 201.0 524.0
31452 姚广濠 114.0 130.0 122.0 86.0 80.0 66.0 366.0 232.0 598.0
31453 叶济东 118.0 96.0 117.0 67.0 71.0 73.0 331.0 211.0 542.0
31454 叶洋 107.0 92.0 100.0 78.0 67.0 61.0 299.0 206.0 505.0
31455 余旭玮 96.0 88.0 114.0 40.0 66.0 61.0 298.0 167.0 465.0
31456 曾思沛 116.0 73.0 104.0 67.0 78.0 55.0 293.0 200.0 493.0
31457 张睿博 111.0 90.0 106.0 69.0 73.0 60.0 307.0 202.0 509.0
31458 章炫锐 123.0 107.0 122.0 86.0 82.0 74.0 352.0 242.0 594.0
31459 章梓烨 111.0 88.0 114.0 49.0 51.0 63.0 313.0 163.0 476.0
31460 郑康 109.0 100.0 96.0 72.0 67.0 64.0 305.0 203.0 508.0
31461 郑宇婷 114.0 79.0 114.0 50.0 59.0 63.0 307.0 172.0 479.0
31462 庄泽达 96.0 45.0 88.0 51.0 32.0 41.0 229.0 124.0 353.0
31501 蔡嘉煜 106.0 95.0 95.0 64.0 65.0 60.0 296.0 189.0 485.0
31502 陈力 103.0 78.0 108.0 81.0 82.0 70.0 289.0 233.0 522.0
31503 陈梦琪 105.0 116.0 115.0 105.0 94.0 71.0 336.0 270.0 606.0
31504 陈培铭 105.0 111.0 113.0 80.0 80.0 74.0 329.0 234.0 563.0
31505 陈佩恋 107.0 103.0 98.0 56.0 69.0 60.0 308.0 185.0 493.0
31506 陈斯哲 106.0 114.0 99.0 89.0 79.0 73.0 319.0 241.0 560.0
31507 陈文浩 118.0 120.0 113.0 86.0 86.0 79.0 351.0 251.0 602.0
31508 陈漪皓 102.0 107.0 116.0 77.0 66.0 58.0 325.0 201.0 526.0
31509 陈溢煌 96.0 101.0 99.0 71.0 56.0 74.0 296.0 201.0 497.0
31510 陈梓轩 102.0 86.0 95.0 71.0 69.0 55.0 283.0 195.0 478.0
31511 程晓婷 117.0 101.0 118.0 84.0 89.0 74.0 336.0 247.0 583.0
31512 杜浜弘 91.0 83.0 100.0 61.0 42.0 51.0 274.0 154.0 428.0
31513 杜佳锴 104.0 113.0 103.0 72.0 86.0 55.0 320.0 213.0 533.0
31514 方宇驰 98.0 88.0 84.0 65.0 59.0 69.0 270.0 193.0 463.0
31515 高越 103.0 122.0 115.0 83.0 74.0 77.0 340.0 234.0 574.0
31516 洪戈 106.0 118.0 109.0 76.0 83.0 74.0 333.0 233.0 566.0
31517 黄向鸿 113.0 109.0 100.0 83.0 78.0 75.0 322.0 236.0 558.0
31518 黄泽山 100.0 88.0 82.0 62.0 35.0 39.0 270.0 136.0 406.0
31519 黄梓彤 109.0 87.0 111.0 56.0 68.0 62.0 307.0 186.0 493.0
31520 柯金宏 103.0 116.0 119.0 97.0 84.0 69.0 338.0 250.0 588.0
31521 赖炜豪 106.0 95.0 116.0 52.0 81.0 71.0 317.0 204.0 521.0
31522 李涵 115.0 101.0 108.0 80.0 73.0 63.0 324.0 216.0 540.0
31523 李沐峻 100.0 93.0 91.0 54.0 64.0 56.0 284.0 174.0 458.0
31524 李润熹 104.0 95.0 108.0 82.0 71.0 77.0 307.0 230.0 537.0
31525 李舒婷 107.0 97.0 113.0 57.0 77.0 69.0 317.0 203.0 520.0
31526 李梓煌 117.0 84.0 110.0 88.0 43.0 63.0 311.0 194.0 505.0
31527 林钗 105.0 79.0 106.0 59.0 84.0 75.0 290.0 218.0 508.0
31528 林若欣 114.0 82.0 115.0 73.0 74.0 70.0 311.0 217.0 528.0
31529 林爽 115.0 74.0 105.0 67.0 59.0 61.0 294.0 187.0 481.0
31530 刘粉婷 109.0 101.0 113.0 96.0 92.0 81.0 323.0 269.0 592.0
31531 刘烨桦 111.0 83.0 115.0 61.0 64.0 66.0 309.0 191.0 500.0
31532 彭瀚锟 105.0 101.0 92.0 85.0 61.0 69.0 298.0 215.0 513.0
31533 邱霜晓 106.0 93.0 107.0 46.0 61.0 63.0 306.0 170.0 476.0
31534 沈晓琦 104.0 91.0 120.0 82.0 80.0 76.0 315.0 238.0 553.0
31535 王曙丹 113.0 107.0 108.0 81.0 58.0 59.0 328.0 198.0 526.0
31536 王泽翔 107.0 78.0 96.0 74.0 68.0 64.0 281.0 206.0 487.0
31537 翁梓洪 111.0 74.0 90.0 51.0 42.0 55.0 275.0 148.0 423.0
31538 吴林瀚 97.0 97.0 103.0 81.0 81.0 70.0 297.0 232.0 529.0
31539 夏梓斌 101.0 25.0 90.0 43.0 58.0 59.0 216.0 160.0 376.0
31540 谢梦霞 117.0 69.0 116.0 63.0 66.0 70.0 302.0 199.0 501.0
31541 谢泳凯 106.0 134.0 120.0 102.0 97.0 88.0 360.0 287.0 647.0
31542 谢植煌 106.0 87.0 91.0 74.0 74.0 64.0 284.0 212.0 496.0
31543 徐国瑞 102.0 84.0 111.0 80.0 76.0 71.0 297.0 227.0 524.0
31544 许欢 114.0 98.0 106.0 65.0 73.0 57.0 318.0 195.0 513.0
31545 许越 104.0 91.0 113.0 65.0 62.0 59.0 308.0 186.0 494.0
31546 杨小嬉 100.0 95.0 113.0 78.0 56.0 60.0 308.0 194.0 502.0
31547 杨铮楷 101.0 117.0 98.0 79.0 72.0 73.0 316.0 224.0 540.0
31548 姚喆仪 110.0 99.0 104.0 63.0 71.0 63.0 313.0 197.0 510.0
31549 袁若瑶 123.0 119.0 102.0 79.0 76.0 73.0 344.0 228.0 572.0
31550 曾少擎 117.0 96.0 120.0 61.0 70.0 74.0 333.0 205.0 538.0
31551 曾欣哲 112.0 109.0 109.0 86.0 85.0 72.0 330.0 243.0 573.0
31552 张志鹏 103.0 109.0 98.0 93.0 70.0 79.0 310.0 242.0 552.0
31553 赵晓冰 107.0 104.0 98.0 71.0 48.0 55.0 309.0 174.0 483.0
31554 郑帆 105.0 86.0 114.0 75.0 65.0 69.0 305.0 209.0 514.0
31556 郑婕 112.0 98.0 111.0 89.0 81.0 71.0 321.0 241.0 562.0
31557 郑钧璟 115.0 98.0 121.0 69.0 61.0 66.0 334.0 196.0 530.0
31558 郑丽璇 109.0 120.0 128.0 58.0 74.0 67.0 357.0 199.0 556.0
31559 郑婷芝 105.0 90.0 107.0 64.0 66.0 64.0 302.0 194.0 496.0
31560 郑鑫海 103.0 99.0 108.0 86.0 67.0 53.0 310.0 206.0 516.0
31561 周健驰 98.0 99.0 101.0 83.0 73.0 65.0 298.0 221.0 519.0
31562 邹丹纯 110.0 96.0 116.0 57.0 58.0 54.0 322.0 169.0 491.0
31601 蔡慈瀚 102.0 126.0 115.0 97.0 81.0 72.0 343.0 250.0 593.0
31602 蔡君悦 103.0 88.0 116.0 61.0 72.0 64.0 307.0 197.0 504.0
31603 陈东晗 108.0 103.0 114.0 88.0 90.0 63.0 325.0 241.0 566.0
31604 陈佳伶 115.0 77.0 103.0 82.0 60.0 72.0 295.0 214.0 509.0
31605 陈佳盈 109.0 97.0 98.0 78.0 76.0 65.0 304.0 219.0 523.0
31606 陈力 99.0 104.0 122.0 88.0 88.0 70.0 325.0 246.0 571.0
31607 陈敏儿 106.0 107.0 113.0 90.0 83.0 69.0 326.0 242.0 568.0
31608 陈派捷 106.0 100.0 108.0 91.0 57.0 59.0 314.0 207.0 521.0
31609 陈日 110.0 80.0 109.0 62.0 80.0 66.0 299.0 208.0 507.0
31610 陈逸镕 105.0 89.0 103.0 39.0 58.0 64.0 297.0 161.0 458.0
31611 陈莹 108.0 90.0 117.0 70.0 73.0 54.0 315.0 197.0 512.0
31612 陈滢 121.0 94.0 104.0 64.0 82.0 82.0 319.0 228.0 547.0
31613 陈梓鑫 117.0 82.0 110.0 75.0 67.0 55.0 309.0 197.0 506.0
31614 方浩锴 113.0 91.0 112.0 74.0 55.0 62.0 316.0 191.0 507.0
31615 黄谷 104.0 78.0 110.0 62.0 82.0 63.0 292.0 207.0 499.0
31617 黄锐敏 115.0 105.0 123.0 64.0 78.0 73.0 343.0 215.0 558.0
31618 黄少邑 102.0 95.0 106.0 62.0 55.0 64.0 303.0 181.0 484.0
31619 黄舒乐 119.0 98.0 106.0 66.0 33.0 58.0 323.0 157.0 480.0
31620 江佳仪 119.0 104.0 114.0 88.0 78.0 70.0 337.0 236.0 573.0
31621 李嘉鑫 105.0 87.0 99.0 81.0 73.0 53.0 291.0 207.0 498.0
31622 李琳丹 111.0 94.0 117.0 80.0 64.0 59.0 322.0 203.0 525.0
31623 李暄婷 115.0 110.0 118.0 64.0 52.0 50.0 343.0 166.0 509.0
31624 李奕 102.0 79.0 118.0 37.0 53.0 58.0 299.0 148.0 447.0
31625 廖骊涵 106.0 100.0 114.0 49.0 43.0 46.0 320.0 138.0 458.0
31626 廖澍镔 101.0 92.0 113.0 97.0 84.0 80.0 306.0 261.0 567.0
31627 林灿荣 93.0 99.0 103.0 79.0 82.0 64.0 295.0 225.0 520.0
31628 林冠之 116.0 89.0 103.0 72.0 64.0 67.0 308.0 203.0 511.0
31629 林楠 108.0 102.0 91.0 88.0 74.0 65.0 301.0 227.0 528.0
31630 林树红 113.0 83.0 104.0 61.0 73.0 77.0 300.0 211.0 511.0
31631 林仪 106.0 87.0 117.0 62.0 60.0 74.0 310.0 196.0 506.0
31632 林意 109.0 107.0 99.0 59.0 76.0 57.0 315.0 192.0 507.0
31634 刘奕 108.0 77.0 97.0 82.0 69.0 64.0 282.0 215.0 497.0
31635 刘泽 103.0 77.0 97.0 59.0 56.0 55.0 277.0 170.0 447.0
31637 卢开书 122.0 91.0 118.0 88.0 74.0 72.0 331.0 234.0 565.0
31638 马润青 114.0 109.0 122.0 96.0 89.0 70.0 345.0 255.0 600.0
31639 彭灏 104.0 80.0 111.0 66.0 67.0 65.0 295.0 198.0 493.0
31640 孙熹珣 103.0 85.0 118.0 66.0 65.0 61.0 306.0 192.0 498.0
31641 孙烨 108.0 99.0 123.0 57.0 75.0 67.0 330.0 199.0 529.0
31642 王海槟 113.0 97.0 112.0 83.0 72.0 74.0 322.0 229.0 551.0
31643 王晓钟 103.0 109.0 112.0 77.0 88.0 73.0 324.0 238.0 562.0
31644 王雨青 104.0 85.0 101.0 91.0 63.0 64.0 290.0 218.0 508.0
31645 吴毅聪 104.0 62.0 100.0 60.0 47.0 53.0 266.0 160.0 426.0
31646 吴梓帆 117.0 112.0 105.0 97.0 88.0 75.0 334.0 260.0 594.0
31647 谢尘沐 108.0 66.0 109.0 58.0 60.0 72.0 283.0 190.0 473.0
31648 谢锦珮 109.0 77.0 121.0 52.0 75.0 65.0 307.0 192.0 499.0
31649 谢小雪 124.0 123.0 120.0 90.0 75.0 76.0 367.0 241.0 608.0
31650 谢奕纯 105.0 86.0 106.0 40.0 55.0 39.0 297.0 134.0 431.0
31651 杨涵 105.0 94.0 95.0 67.0 88.0 64.0 294.0 219.0 513.0
31652 姚采妮 99.0 62.0 94.0 42.0 71.0 41.0 255.0 154.0 409.0
31653 余泽泰 113.0 95.0 113.0 80.0 74.0 69.0 321.0 223.0 544.0
31654 张泽琳 105.0 118.0 118.0 77.0 86.0 73.0 341.0 236.0 577.0
31655 张泽宇 103.0 108.0 107.0 93.0 90.0 66.0 318.0 249.0 567.0
31656 章婉仪 90.0 93.0 119.0 55.0 81.0 69.0 302.0 205.0 507.0
31657 赵先铎 120.0 121.0 108.0 90.0 86.0 72.0 349.0 248.0 597.0
31658 郑涵禧 99.0 93.0 119.0 64.0 59.0 57.0 311.0 180.0 491.0
31660 郑镇灏 98.0 93.0 109.0 66.0 73.0 53.0 300.0 192.0 492.0
31661 郑重 108.0 107.0 93.0 81.0 76.0 71.0 308.0 228.0 536.0
31662 朱俊宇 97.0 74.0 87.0 47.0 42.0 57.0 258.0 146.0 404.0
31663 庄声锐 108.0 71.0 84.0 39.0 58.0 50.0 263.0 147.0 410.0
31701 蔡金沛 107.0 113.0 107.0 81.0 85.0 73.0 327.0 239.0 566.0
31702 蔡俊峰 110.0 88.0 103.0 89.0 81.0 69.0 301.0 239.0 540.0
31703 曹宇韬 101.0 87.0 100.0 85.0 57.0 60.0 288.0 202.0 490.0
31704 陈大立 114.0 122.0 124.0 90.0 95.0 69.0 360.0 254.0 614.0
31705 陈浩杰 111.0 106.0 104.0 83.0 65.0 67.0 321.0 215.0 536.0
31706 陈沛润 102.0 118.0 108.0 87.0 77.0 75.0 328.0 239.0 567.0
31707 陈锐 119.0 122.0 113.0 81.0 82.0 79.0 354.0 242.0 596.0
31708 陈烁 95.0 92.0 84.0 68.0 58.0 67.0 271.0 193.0 464.0
31709 陈学诚 116.0 99.0 115.0 85.0 69.0 67.0 330.0 221.0 551.0
31710 陈韫颖 112.0 82.0 126.0 64.0 77.0 59.0 320.0 200.0 520.0
31712 陈中一 105.0 100.0 119.0 50.0 40.0 22.0 324.0 112.0 436.0
31713 何伊慧 104.0 96.0 111.0 82.0 78.0 67.0 311.0 227.0 538.0
31714 侯思涵 122.0 91.0 126.0 75.0 54.0 67.0 339.0 196.0 535.0
31715 黄彬霆 115.0 76.0 111.0 78.0 70.0 73.0 302.0 221.0 523.0
31717 黄光炳 102.0 63.0 86.0 38.0 36.0 61.0 251.0 135.0 386.0
31718 黄慧敏 115.0 93.0 126.0 78.0 80.0 72.0 334.0 230.0 564.0
31719 黄思翰 102.0 126.0 110.0 85.0 85.0 71.0 338.0 241.0 579.0
31720 黄伟纯 112.0 83.0 114.0 79.0 62.0 75.0 309.0 216.0 525.0
31721 黄莹 106.0 119.0 114.0 88.0 74.0 61.0 339.0 223.0 562.0
31722 黄梓芸 113.0 74.0 99.0 34.0 55.0 55.0 286.0 144.0 430.0
31723 江相渝 107.0 69.0 91.0 63.0 59.0 57.0 267.0 179.0 446.0
31724 李洁瀚 104.0 104.0 121.0 63.0 77.0 68.0 329.0 208.0 537.0
31725 林仰 107.0 112.0 116.0 82.0 76.0 68.0 335.0 226.0 561.0
31726 林雍权 111.0 116.0 111.0 91.0 67.0 76.0 338.0 234.0 572.0
31727 刘嘉鑫 97.0 57.0 99.0 64.0 47.0 58.0 253.0 169.0 422.0
31729 卢仪蕊 108.0 81.0 99.0 63.0 50.0 55.0 288.0 168.0 456.0
31730 马学盈 118.0 110.0 118.0 71.0 74.0 61.0 346.0 206.0 552.0
31731 马直先 109.0 96.0 110.0 63.0 71.0 66.0 315.0 200.0 515.0
31732 麦博 115.0 110.0 120.0 83.0 67.0 73.0 345.0 223.0 568.0
31733 欧阳生 108.0 119.0 117.0 85.0 80.0 78.0 344.0 243.0 587.0
31734 彭琪 109.0 102.0 98.0 57.0 73.0 67.0 309.0 197.0 506.0
31735 佘晓环 101.0 90.0 119.0 65.0 68.0 68.0 310.0 201.0 511.0
31736 王基鸿 109.0 89.0 112.0 86.0 84.0 79.0 310.0 249.0 559.0
31737 王俊澎 111.0 85.0 122.0 85.0 67.0 75.0 318.0 227.0 545.0
31738 王烔毅 100.0 73.0 104.0 72.0 78.0 56.0 277.0 206.0 483.0
31739 王钰 104.0 73.0 98.0 74.0 57.0 63.0 275.0 194.0 469.0
31740 王真子 116.0 94.0 103.0 81.0 40.0 59.0 313.0 180.0 493.0
31741 吴俊翰 108.0 110.0 113.0 71.0 78.0 61.0 331.0 210.0 541.0
31742 吴彤沛 107.0 65.0 105.0 42.0 78.0 68.0 277.0 188.0 465.0
31743 吴伟霞 117.0 104.0 118.0 61.0 68.0 69.0 339.0 198.0 537.0
31744 谢锶琦 110.0 88.0 107.0 81.0 59.0 69.0 305.0 209.0 514.0
31745 许锶妍 109.0 86.0 115.0 68.0 51.0 59.0 310.0 178.0 488.0
31746 许奕烁 95.0 79.0 88.0 38.0 55.0 51.0 262.0 144.0 406.0
31747 许哲浩 110.0 99.0 121.0 80.0 80.0 59.0 330.0 219.0 549.0
31748 杨铠翔 106.0 77.0 90.0 92.0 58.0 59.0 273.0 209.0 482.0
31749 杨腾 118.0 56.0 91.0 44.0 17.0 52.0 265.0 113.0 378.0
31750 姚佳妮 114.0 115.0 115.0 71.0 78.0 76.0 344.0 225.0 569.0
31751 张纯 98.0 87.0 106.0 72.0 72.0 60.0 291.0 204.0 495.0
31752 张锐翰 106.0 79.0 90.0 45.0 36.0 37.0 275.0 118.0 393.0
31754 张奕 109.0 75.0 109.0 42.0 42.0 60.0 293.0 144.0 437.0
31755 张翼 105.0 90.0 107.0 87.0 86.0 72.0 302.0 245.0 547.0
31756 章家竣 115.0 89.0 127.0 92.0 88.0 75.0 331.0 255.0 586.0
31757 郑慈香 114.0 85.0 121.0 60.0 81.0 76.0 320.0 217.0 537.0
31758 郑曼燕 110.0 79.0 103.0 56.0 78.0 49.0 292.0 183.0 475.0
31759 郑铭 103.0 74.0 122.0 54.0 49.0 39.0 299.0 142.0 441.0
31761 周锴捷 106.0 91.0 123.0 70.0 73.0 72.0 320.0 215.0 535.0
31762 庄本熙 98.0 97.0 103.0 62.0 58.0 67.0 298.0 187.0 485.0
31763 黄钰莹 104.0 87.0 115.0 52.0 78.0 61.0 306.0 191.0 497.0
31764 王宏 112.0 97.0 119.0 82.0 79.0 70.0 328.0 231.0 559.0
31801 陈鸿飞 100.0 80.0 108.0 75.0 74.0 70.0 288.0 219.0 507.0
31802 陈家思 99.0 103.0 106.0 72.0 67.0 63.0 308.0 202.0 510.0
31803 陈立芃 100.0 87.0 107.0 76.0 50.0 66.0 294.0 192.0 486.0
31804 陈齐骏 80.0 51.0 0 0 0 0 0 0 0
31805 陈润铎 113.0 92.0 120.0 78.0 51.0 60.0 325.0 189.0 514.0
31806 陈润楷 101.0 100.0 113.0 74.0 82.0 55.0 314.0 211.0 525.0
31807 陈鑫冰 111.0 105.0 117.0 81.0 77.0 54.0 333.0 212.0 545.0
31808 陈永佳 116.0 122.0 109.0 89.0 84.0 66.0 347.0 239.0 586.0
31809 陈元嘉 103.0 118.0 100.0 82.0 78.0 65.0 321.0 225.0 546.0
31810 冯钰冰 109.0 83.0 110.0 38.0 66.0 57.0 302.0 161.0 463.0
31811 何畅 106.0 35.0 105.0 40.0 35.0 44.0 246.0 119.0 365.0
31812 黄怀瑶 103.0 86.0 110.0 51.0 69.0 57.0 299.0 177.0 476.0
31813 黄凯鹏 91.0 69.0 84.0 58.0 53.0 62.0 244.0 173.0 417.0
31815 黄泽宇 104.0 91.0 100.0 71.0 77.0 68.0 295.0 216.0 511.0
31816 康思妹 107.0 78.0 111.0 56.0 65.0 63.0 296.0 184.0 480.0
31817 孔雪欣 103.0 74.0 102.0 68.0 66.0 58.0 279.0 192.0 471.0
31818 赖淑凌 100.0 83.0 106.0 60.0 67.0 63.0 289.0 190.0 479.0
31819 李俊 116.0 101.0 114.0 76.0 67.0 72.0 331.0 215.0 546.0
31820 李楠 99.0 95.0 113.0 69.0 68.0 63.0 307.0 200.0 507.0
31821 李蔚东 106.0 124.0 108.0 90.0 82.0 78.0 338.0 250.0 588.0
31822 李昕 108.0 103.0 95.0 91.0 88.0 70.0 306.0 249.0 555.0
31823 连泓杰 109.0 119.0 112.0 63.0 89.0 66.0 340.0 218.0 558.0
31824 林泓 101.0 69.0 106.0 68.0 73.0 66.0 276.0 207.0 483.0
31825 林培润 82.0 76.0 107.0 50.0 39.0 45.0 265.0 134.0 399.0
31826 林绮娜 108.0 110.0 109.0 66.0 81.0 77.0 327.0 224.0 551.0
31827 林昕 113.0 98.0 115.0 64.0 72.0 59.0 326.0 195.0 521.0
31828 林奕敏 97.0 110.0 114.0 81.0 74.0 71.0 321.0 226.0 547.0
31829 林泽辉 97.0 115.0 92.0 85.0 88.0 60.0 304.0 233.0 537.0
31830 林泽炜 105.0 122.0 103.0 99.0 84.0 64.0 330.0 247.0 577.0
31831 林增瑞 104.0 97.0 112.0 67.0 71.0 66.0 313.0 204.0 517.0
31832 刘丁玮 98.0 122.0 127.0 91.0 82.0 64.0 347.0 237.0 584.0
31833 卢呈焕 110.0 100.0 97.0 69.0 64.0 45.0 307.0 178.0 485.0
31834 卢智扬 103.0 59.0 97.0 41.0 53.0 52.0 259.0 146.0 405.0
31835 罗亿权 103.0 59.0 100.0 63.0 55.0 57.0 262.0 175.0 437.0
31836 邱乐思 109.0 90.0 116.0 89.0 70.0 70.0 315.0 229.0 544.0
31837 佘涵 104.0 100.0 109.0 63.0 87.0 57.0 313.0 207.0 520.0
31838 汤钰瑛 102.0 75.0 110.0 43.0 48.0 46.0 287.0 137.0 424.0
31839 王佩佩 112.0 82.0 91.0 92.0 74.0 75.0 285.0 241.0 526.0
31840 王思佳 115.0 116.0 123.0 94.0 80.0 65.0 354.0 239.0 593.0
31841 王晓泽 104.0 79.0 100.0 65.0 55.0 53.0 283.0 173.0 456.0
31843 王子瑜 110.0 122.0 113.0 76.0 64.0 65.0 345.0 205.0 550.0
31844 吴绍邦 103.0 106.0 122.0 86.0 87.0 62.0 331.0 235.0 566.0
31845 吴水滇 87.0 114.0 113.0 91.0 61.0 63.0 314.0 215.0 529.0
31846 吴晓琪 111.0 96.0 120.0 70.0 59.0 55.0 327.0 184.0 511.0
31847 吴昕 114.0 74.0 120.0 66.0 63.0 55.0 308.0 184.0 492.0
31848 谢昱康 100.0 111.0 111.0 90.0 49.0 78.0 322.0 217.0 539.0
31849 姚少云 101.0 81.0 78.0 41.0 59.0 62.0 260.0 162.0 422.0
31851 曾泓燊 110.0 124.0 108.0 90.0 85.0 72.0 342.0 247.0 589.0
31852 曾佳泓 107.0 87.0 101.0 70.0 63.0 57.0 295.0 190.0 485.0
31853 曾琳 107.0 99.0 116.0 51.0 66.0 56.0 322.0 173.0 495.0
31854 曾宪瀚 108.0 74.0 101.0 65.0 71.0 57.0 283.0 193.0 476.0
31855 曾伊琳 109.0 85.0 103.0 79.0 48.0 60.0 297.0 187.0 484.0
31856 张随娜 107.0 94.0 105.0 55.0 61.0 59.0 306.0 175.0 481.0
31857 张育铭 102.0 118.0 103.0 89.0 75.0 65.0 323.0 229.0 552.0
31858 章滢蓥 115.0 108.0 109.0 93.0 83.0 79.0 332.0 255.0 587.0
31859 郑任翔 111.0 92.0 119.0 77.0 69.0 55.0 322.0 201.0 523.0
31860 郑子昂 105.0 69.0 112.0 77.0 50.0 62.0 286.0 189.0 475.0
31861 钟浩川 115.0 99.0 119.0 78.0 86.0 71.0 333.0 235.0 568.0
31862 周苑婷 112.0 112.0 123.0 87.0 84.0 81.0 347.0 252.0 599.0
31863 庄妍 114.0 118.0 130.0 84.0 75.0 72.0 362.0 231.0 593.0
31902 蔡卓颖 111.0 82.0 110.0 78.0 80.0 68.0 303.0 226.0 529.0
31903 陈功超 101.0 56.0 98.0 40.0 59.0 38.0 255.0 137.0 392.0
31904 陈浩宇 108.0 117.0 107.0 88.0 83.0 79.0 332.0 250.0 582.0
31905 陈红 110.0 96.0 105.0 78.0 79.0 72.0 311.0 229.0 540.0
31906 陈嘉杭 110.0 87.0 114.0 67.0 56.0 56.0 311.0 179.0 490.0
31907 陈锴灏 110.0 100.0 105.0 75.0 85.0 64.0 315.0 224.0 539.0
31908 陈孟耀 107.0 80.0 89.0 55.0 45.0 72.0 276.0 172.0 448.0
31909 陈伟杰 120.0 123.0 126.0 106.0 85.0 73.0 369.0 264.0 633.0
31910 陈宇霏 99.0 91.0 112.0 55.0 65.0 55.0 302.0 175.0 477.0
31911 陈卓妮 115.0 78.0 115.0 49.0 47.0 55.0 308.0 151.0 459.0
31912 杜振超 109.0 119.0 118.0 78.0 94.0 80.0 346.0 252.0 598.0
31913 方家颖 112.0 88.0 97.0 58.0 59.0 50.0 297.0 167.0 464.0
31915 黄超铄 115.0 88.0 102.0 80.0 81.0 71.0 305.0 232.0 537.0
31916 黄海铭 96.0 83.0 91.0 82.0 44.0 66.0 270.0 192.0 462.0
31917 黄融杰 102.0 132.0 112.0 82.0 81.0 78.0 346.0 241.0 587.0
31918 黄晓琦 107.0 95.0 105.0 68.0 54.0 69.0 307.0 191.0 498.0
31920 黄泽锴 106.0 67.0 98.0 57.0 53.0 54.0 271.0 164.0 435.0
31921 纪沛桐 107.0 109.0 114.0 72.0 68.0 69.0 330.0 209.0 539.0
31923 李光泽 114.0 66.0 91.0 72.0 59.0 50.0 271.0 181.0 452.0
31924 李鸿 119.0 121.0 113.0 89.0 74.0 80.0 353.0 243.0 596.0
31925 李林昕 111.0 105.0 106.0 81.0 52.0 52.0 322.0 185.0 507.0
31926 李欣然 105.0 105.0 113.0 51.0 58.0 55.0 323.0 164.0 487.0
31927 李鑫 117.0 92.0 103.0 58.0 66.0 47.0 312.0 171.0 483.0
31928 李彦腾 108.0 91.0 105.0 86.0 82.0 57.0 304.0 225.0 529.0
31929 林坚生 111.0 113.0 114.0 74.0 65.0 72.0 338.0 211.0 549.0
31930 林乐贤 119.0 131.0 109.0 84.0 85.0 61.0 359.0 230.0 589.0
31931 林萌子 111.0 101.0 117.0 74.0 82.0 63.0 329.0 219.0 548.0
31932 林银虹 110.0 97.0 113.0 73.0 72.0 58.0 320.0 203.0 523.0
31933 林岳青 111.0 112.0 118.0 75.0 66.0 70.0 341.0 211.0 552.0
31934 卢晓杰 119.0 118.0 117.0 105.0 93.0 71.0 354.0 269.0 623.0
31935 马思昀 96.0 101.0 113.0 77.0 75.0 75.0 310.0 227.0 537.0
31936 彭丽妹 103.0 78.0 100.0 62.0 75.0 59.0 281.0 196.0 477.0
31937 彭扬帆 103.0 98.0 104.0 67.0 66.0 76.0 305.0 209.0 514.0
31938 沈桂菱 107.0 115.0 90.0 77.0 81.0 77.0 312.0 235.0 547.0
31939 沈益聪 116.0 118.0 120.0 78.0 76.0 77.0 354.0 231.0 585.0
31940 苏思澄 108.0 111.0 86.0 81.0 73.0 59.0 305.0 213.0 518.0
31941 苏泽坤 86.0 93.0 83.0 51.0 45.0 50.0 262.0 146.0 408.0
31942 王璐 110.0 133.0 128.0 88.0 87.0 71.0 371.0 246.0 617.0
31943 王梓琦 97.0 95.0 92.0 97.0 52.0 67.0 284.0 216.0 500.0
31944 文渲 113.0 90.0 99.0 69.0 66.0 66.0 302.0 201.0 503.0
31945 翁涵 123.0 94.0 110.0 72.0 69.0 77.0 327.0 218.0 545.0
31946 吴虹燕 111.0 71.0 99.0 42.0 51.0 57.0 281.0 150.0 431.0
31947 吴佳銮 115.0 119.0 126.0 65.0 85.0 73.0 360.0 223.0 583.0
31948 吴怡玫 119.0 110.0 112.0 54.0 63.0 57.0 341.0 174.0 515.0
31949 谢罗瀚 89.0 80.0 84.0 52.0 55.0 58.0 253.0 165.0 418.0
31950 谢泽钊 109.0 83.0 99.0 69.0 63.0 71.0 291.0 203.0 494.0
31951 徐润峰 100.0 89.0 78.0 89.0 71.0 58.0 267.0 218.0 485.0
31952 许滨楠 105.0 113.0 121.0 91.0 87.0 69.0 339.0 247.0 586.0
31953 许玫 113.0 102.0 128.0 80.0 75.0 73.0 343.0 228.0 571.0
31954 许子源 108.0 82.0 89.0 47.0 40.0 49.0 279.0 136.0 415.0
31955 杨利秋 106.0 116.0 103.0 74.0 82.0 72.0 325.0 228.0 553.0
31956 余子涵 99.0 77.0 114.0 51.0 60.0 59.0 290.0 170.0 460.0
31958 张超逸 115.0 86.0 100.0 63.0 68.0 63.0 301.0 194.0 495.0
31959 张曼琪 112.0 66.0 108.0 52.0 66.0 69.0 286.0 187.0 473.0
31960 赵彦纯 99.0 107.0 109.0 67.0 90.0 68.0 315.0 225.0 540.0
31961 郑钧漾 107.0 90.0 94.0 39.0 65.0 60.0 291.0 164.0 455.0
31962 郑玮涛 108.0 95.0 112.0 82.0 74.0 70.0 315.0 226.0 541.0
31963 郑锨淇 113.0 110.0 115.0 82.0 84.0 68.0 338.0 234.0 572.0
31964 庄开翔 111.0 114.0 104.0 104.0 89.0 70.0 329.0 263.0 592.0
32001 蔡佳琪 124.0 73.0 98.0 55.0 35.0 59.0 295.0 149.0 444.0
32002 蔡淑玲 108.0 97.0 119.0 70.0 72.0 67.0 324.0 209.0 533.0
32003 蔡伟龙 113.0 104.0 117.0 79.0 80.0 62.0 334.0 221.0 555.0
32004 陈博涵 116.0 122.0 111.0 82.0 79.0 63.0 349.0 224.0 573.0
32005 陈畅洪 94.0 85.0 95.0 56.0 74.0 48.0 274.0 178.0 452.0
32006 陈润洋 103.0 100.0 104.0 85.0 77.0 58.0 307.0 220.0 527.0
32007 陈思桦 118.0 102.0 115.0 58.0 68.0 70.0 335.0 196.0 531.0
32008 陈雪仪 103.0 89.0 93.0 73.0 85.0 76.0 285.0 234.0 519.0
32009 洪奕祥 92.0 110.0 102.0 91.0 62.0 63.0 304.0 216.0 520.0
32010 胡期升 107.0 88.0 109.0 92.0 69.0 55.0 304.0 216.0 520.0
32011 黄斌伟 108.0 91.0 125.0 91.0 73.0 67.0 324.0 231.0 555.0
32012 黄洪雯 110.0 75.0 107.0 47.0 65.0 52.0 292.0 164.0 456.0
32013 黄敏华 105.0 78.0 115.0 79.0 67.0 68.0 298.0 214.0 512.0
32014 黄舜娴 110.0 94.0 101.0 73.0 62.0 72.0 305.0 207.0 512.0
32015 黄于峻 107.0 91.0 86.0 62.0 62.0 51.0 284.0 175.0 459.0
32016 纪梓荣 105.0 106.0 91.0 54.0 72.0 55.0 302.0 181.0 483.0
32017 李东烁 109.0 99.0 104.0 76.0 68.0 64.0 312.0 208.0 520.0
32018 李洁 118.0 132.0 119.0 85.0 77.0 80.0 369.0 242.0 611.0
32019 李易霖 90.0 78.0 102.0 56.0 66.0 56.0 270.0 178.0 448.0
32020 李治 109.0 101.0 99.0 90.0 75.0 66.0 309.0 231.0 540.0
32021 李卓明 105.0 117.0 111.0 85.0 85.0 77.0 333.0 247.0 580.0
32022 林佳煌 113.0 109.0 108.0 57.0 95.0 63.0 330.0 215.0 545.0
32023 林钦鸿 110.0 131.0 117.0 88.0 77.0 69.0 358.0 234.0 592.0
32024 林小琪 118.0 95.0 109.0 74.0 93.0 74.0 322.0 241.0 563.0
32025 林烨 102.0 78.0 117.0 72.0 72.0 56.0 297.0 200.0 497.0
32027 刘旭东 104.0 118.0 95.0 84.0 80.0 65.0 317.0 229.0 546.0
32028 刘依菁 115.0 90.0 119.0 82.0 67.0 73.0 324.0 222.0 546.0
32029 刘悦韵 109.0 89.0 128.0 93.0 84.0 68.0 326.0 245.0 571.0
32030 马洪量 104.0 87.0 104.0 77.0 65.0 67.0 295.0 209.0 504.0
32031 马茵茵 93.0 73.0 93.0 54.0 38.0 33.0 259.0 125.0 384.0
32032 潘莹涵 108.0 77.0 105.0 56.0 35.0 53.0 290.0 144.0 434.0
32033 沈敏勇 105.0 100.0 104.0 82.0 93.0 79.0 309.0 254.0 563.0
32034 沈晓燕 120.0 105.0 117.0 86.0 87.0 77.0 342.0 250.0 592.0
32035 苏诚章 106.0 122.0 116.0 87.0 75.0 71.0 344.0 233.0 577.0
32036 唐梦洋 108.0 55.0 98.0 31.0 52.0 46.0 261.0 129.0 390.0
32037 王灿杜 99.0 112.0 102.0 86.0 84.0 65.0 313.0 235.0 548.0
32038 王鸿吉 96.0 100.0 107.0 55.0 62.0 45.0 303.0 162.0 465.0
32039 王杰鑫 109.0 117.0 122.0 89.0 71.0 69.0 348.0 229.0 577.0
32040 王泽锴 110.0 85.0 94.0 36.0 52.0 41.0 289.0 129.0 418.0
32041 王子铟 117.0 110.0 125.0 82.0 70.0 63.0 352.0 215.0 567.0
32042 吴斯彤 114.0 107.0 109.0 70.0 68.0 70.0 330.0 208.0 538.0
32044 谢锦珊 121.0 105.0 99.0 68.0 90.0 64.0 325.0 222.0 547.0
32045 谢铠羽 109.0 69.0 119.0 79.0 49.0 47.0 297.0 175.0 472.0
32046 谢婉婷 113.0 79.0 114.0 50.0 54.0 57.0 306.0 161.0 467.0
32047 谢懿锐 114.0 88.0 97.0 70.0 69.0 70.0 299.0 209.0 508.0
32048 徐英芸 100.0 76.0 107.0 60.0 56.0 62.0 283.0 178.0 461.0
32049 许晓刚 114.0 108.0 112.0 82.0 84.0 66.0 334.0 232.0 566.0
32050 许永泓 115.0 136.0 115.0 86.0 88.0 86.0 366.0 260.0 626.0
32051 颜莞尔 112.0 92.0 101.0 67.0 63.0 64.0 305.0 194.0 499.0
32052 姚树耿 108.0 106.0 106.0 85.0 91.0 62.0 320.0 238.0 558.0
32053 姚悦扬 94.0 73.0 111.0 56.0 62.0 67.0 278.0 185.0 463.0
32054 余钊 104.0 57.0 90.0 52.0 40.0 52.0 251.0 144.0 395.0
32055 詹金伟 103.0 74.0 103.0 72.0 59.0 48.0 280.0 179.0 459.0
32056 张皓洵 103.0 90.0 113.0 79.0 59.0 73.0 306.0 211.0 517.0
32057 张扬 103.0 105.0 109.0 53.0 84.0 76.0 317.0 213.0 530.0
32058 张奕欣 104.0 80.0 101.0 35.0 42.0 62.0 285.0 139.0 424.0
32059 郑铠 101.0 83.0 95.0 81.0 62.0 69.0 279.0 212.0 491.0
32060 郑哲然 112.0 110.0 112.0 80.0 82.0 81.0 334.0 243.0 577.0
32061 周泽妍 109.0 100.0 106.0 62.0 69.0 55.0 315.0 186.0 501.0
32062 周子毓 108.0 69.0 114.0 59.0 37.0 43.0 291.0 139.0 430.0
30430 沈丹琼 115 125 121 94 83 79 361 256 617
30433 韦昕澄 114 129 126 87 89 72 369 248 617
30444 许可淳 112 130 123 102 90 81 365 273 638
30447 许旭东 125 103 132 98 93 78 360 269 629
30451 杨芷涵 115 108 122 105 82 81 345 268 613
30457 郑沐林 119 116 123 105 84 74 358 263 621
30520 黄泓鉴 102 124 118 92 92 83 344 267 611
30650 杨金满 108 124 116 95 89 71 348 255 603
30654 余信荣 113 124 121 77 87 82 358 246 604
30714 陈晓雯 122 120 121 91 98 81 363 270 633
30805 陈丹仪 112 121 109 105 87 75 342 267 609
30828 林炳丽 110 112 122 106 62 69 344 237 581
30850 曾宇丹 114 123 125 96 76 74 362 246 608
30859 周弋钿 120 82 118 91 91 69 320 251 571
30955 张涵 118 118 114 98 89 77 350 264 614
31038 王新荣 121 114 119 95 88 82 354 265 619
31059 郑伟纯 111 129 117 98 89 81 357 268 625
31062 庄杰涛 121 115 120 90 81 74 356 245 601
31106 陈斯昂 110 131 121 106 98 86 362 290 652
31242 吴捷健 114 123 129 96 93 77 366 266 632
31260 周名弦 119 147 119 97 96 79 385 272 657
31307 陈文博 110 121 123 101 100 81 354 282 636
31312 黄宇阳 115 136 124 94 87 84 375 265 640
31352 曾博宇 116 127 118 87 83 73 361 243 604
31412 陈佐治 117 137 124 89 91 73 378 253 631
31430 刘易恺 113 135 117 76 90 73 365 239 604
31555 郑杰 115 104 105 105 86 82 324 273 597
31616 黄浩扬 111 104 118 86 85 73 333 244 577
31633 刘思煌 116 108 114 91 87 83 338 261 599
31636 柳婷 115 112 123 87 93 83 350 263 613
31659 郑林楷 103 138 101 95 64 59 342 218 560
31728 卢荣泰 108 120 113 100 87 83 341 270 611
31814 黄昕仪 106 124 123 106 95 68 353 269 622
31842 王振东 102 129 113 104 77 82 344 263 607
31901 蔡育铮 113 130 121 88 96 82 364 266 630
31914 郭佳鑫 107 110 119 104 80 83 336 267 603
31922 李岱谚 119 132 124 108 84 79 375 271 646
32026 刘艾莉 109 138 109 92 93 61 356 246 602
32043 吴泽锐 121 134 129 101 91 88 384 280 664
30415 李艺晴 114 119 123 93 83 80 356 256 612
30729 李沛熙 113 134 112 109 93 76 359 278 637
