30401 陈柏林 105.0 88.0 110.0 83.0 61.0 84.0 303.0 228.0 531.0
30402 陈东晓 99.0 99.0 113.0 96.0 75.0 66.0 311.0 237.0 548.0
30403 陈冬仪 98.0 73.0 125.0 76.0 56.0 61.0 296.0 193.0 489.0
30404 陈金洲 100.0 89.0 130.0 89.0 69.0 88.0 319.0 246.0 565.0
30405 陈淑妍 120.0 103.0 133.0 81.0 54.0 84.0 356.0 219.0 575.0
30406 胡楷宇 96.0 103.0 114.0 89.0 57.0 73.0 313.0 219.0 532.0
30407 胡昱 106.0 96.0 122.0 84.0 77.0 81.0 324.0 242.0 566.0
30408 黄艾琪 116.0 109.0 128.0 78.0 90.0 81.0 353.0 249.0 602.0
30409 黄狄林 108.0 88.0 124.0 84.0 77.0 86.0 320.0 247.0 567.0
30410 黄琳婷 111.0 78.0 129.0 46.0 55.0 65.0 318.0 166.0 484.0
30411 黄云进 108.0 82.0 127.0 77.0 66.0 68.0 317.0 211.0 528.0
30412 纪慧煊 115.0 98.0 106.0 78.0 49.0 69.0 319.0 196.0 515.0
30413 蓝玉奇 109.0 86.0 115.0 77.0 48.0 74.0 310.0 199.0 509.0
30414 李宏森 95.0 72.0 98.0 35.0 34.0 67.0 265.0 136.0 401.0
30416 李兆捷 84.0 102.0 121.0 77.0 80.0 80.0 307.0 237.0 544.0
30417 林达 90.0 104.0 124.0 86.0 60.0 88.0 318.0 234.0 552.0
30418 林镜辉 94.0 113.0 117.0 80.0 58.0 73.0 324.0 211.0 535.0
30419 林永佳 98.0 78.0 107.0 58.0 43.0 69.0 283.0 170.0 453.0
30420 林昱霖 95.0 128.0 97.0 89.0 82.0 80.0 320.0 251.0 571.0
30421 林泽楷 103.0 93.0 113.0 80.0 83.0 80.0 309.0 243.0 552.0
30422 刘琳菲 93.0 80.0 116.0 66.0 57.0 72.0 289.0 195.0 484.0
30424 卢涵 105.0 86.0 129.0 78.0 59.0 81.0 320.0 218.0 538.0
30425 卢昕玥 105.0 114.0 117.0 80.0 75.0 70.0 336.0 225.0 561.0
30426 卢彦宇 84.0 86.0 109.0 67.0 60.0 68.0 279.0 195.0 474.0
30427 罗亦宋 104.0 91.0 124.0 65.0 60.0 82.0 319.0 207.0 526.0
30428 麦扬 101.0 82.0 119.0 75.0 61.0 65.0 302.0 201.0 503.0
30429 邵彦程 76.0 69.0 97.0 46.0 38.0 73.0 242.0 157.0 399.0
30431 王磊 94.0 113.0 120.0 77.0 72.0 78.0 327.0 227.0 554.0
30432 王震霆 88.0 83.0 96.0 77.0 27.0 58.0 267.0 162.0 429.0
30434 魏桐曦 110.0 101.0 124.0 88.0 79.0 68.0 335.0 235.0 570.0
30435 翁铭捷 108.0 73.0 118.0 67.0 62.0 76.0 299.0 205.0 504.0
30437 吴婕洵 108.0 92.0 128.0 88.0 72.0 78.0 328.0 238.0 566.0
30438 吴郁楠 101.0 91.0 122.0 79.0 68.0 81.0 314.0 228.0 542.0
30439 吴泽峰 112.0 86.0 126.0 76.0 75.0 85.0 324.0 236.0 560.0
30440 吴植慧 93.0 80.0 118.0 47.0 55.0 59.0 291.0 161.0 452.0
30441 谢庆欣 97.0 84.0 113.0 67.0 73.0 82.0 294.0 222.0 516.0
30442 辛孜玫 108.0 86.0 116.0 77.0 77.0 72.0 310.0 226.0 536.0
30443 徐浩锴 95.0 84.0 115.0 84.0 62.0 62.0 294.0 208.0 502.0
30445 许林菁 106.0 90.0 122.0 86.0 61.0 83.0 318.0 230.0 548.0
30446 许统辉 95.0 73.0 104.0 72.0 74.0 71.0 272.0 217.0 489.0
30448 杨博锐 93.0 58.0 111.0 59.0 43.0 81.0 262.0 183.0 445.0
30449 杨乔 106.0 67.0 123.0 59.0 39.0 84.0 296.0 182.0 478.0
30450 杨宇镔 101.0 91.0 109.0 61.0 55.0 69.0 301.0 185.0 486.0
30452 姚楷炫 92.0 112.0 130.0 78.0 78.0 72.0 334.0 228.0 562.0
30453 张若涵 111.0 100.0 126.0 78.0 73.0 74.0 337.0 225.0 562.0
30454 张雪妍 94.0 89.0 128.0 69.0 61.0 63.0 311.0 193.0 504.0
30455 赵明明 121.0 81.0 134.0 69.0 56.0 78.0 336.0 203.0 539.0
30456 赵晓明 103.0 86.0 118.0 77.0 64.0 70.0 307.0 211.0 518.0
30459 钟献彪 97.0 106.0 130.0 91.0 68.0 78.0 333.0 237.0 570.0
30461 朱丹琪 118.0 127.0 130.0 88.0 64.0 83.0 375.0 235.0 610.0
30462 庄漪婷 94.0 78.0 104.0 72.0 45.0 65.0 276.0 182.0 458.0
30501 蔡苑虹 110.0 114.0 127.0 90.0 68.0 62.0 351.0 220.0 571.0
30502 陈福溢 99.0 87.0 124.0 79.0 48.0 70.0 310.0 197.0 507.0
30503 陈泓 91.0 81.0 118.0 61.0 32.0 60.0 290.0 153.0 443.0
30504 陈佳泓 100.0 107.0 111.0 89.0 65.0 78.0 318.0 232.0 550.0
30505 陈嘉胜 96.0 67.0 106.0 64.0 48.0 76.0 269.0 188.0 457.0
30506 陈丽娜 96.0 102.0 107.0 76.0 67.0 75.0 305.0 218.0 523.0
30507 陈沛震 98.0 84.0 99.0 75.0 60.0 74.0 281.0 209.0 490.0
30508 陈乔林 98.0 86.0 120.0 88.0 56.0 66.0 304.0 210.0 514.0
30509 陈疏桐 108.0 105.0 138.0 94.0 78.0 82.0 351.0 254.0 605.0
30510 陈欣洋 100.0 91.0 112.0 63.0 39.0 68.0 303.0 170.0 473.0
30511 陈雅琪 105.0 94.0 127.0 95.0 68.0 84.0 326.0 247.0 573.0
30512 陈一凡 105.0 114.0 123.0 92.0 87.0 80.0 342.0 259.0 601.0
30514 陈煜琳 113.0 109.0 126.0 92.0 63.0 82.0 348.0 237.0 585.0
30515 陈梓瀚 93.0 109.0 117.0 80.0 69.0 84.0 319.0 233.0 552.0
30516 陈梓霓 95.0 93.0 122.0 81.0 56.0 75.0 310.0 212.0 522.0
30517 陈梓宇 97.0 103.0 113.0 82.0 89.0 78.0 313.0 249.0 562.0
30518 方灿鸿 110.0 80.0 120.0 75.0 59.0 78.0 310.0 212.0 522.0
30519 郭梓淇 102.0 77.0 119.0 54.0 34.0 57.0 298.0 145.0 443.0
30521 黄金涛 109.0 72.0 113.0 64.0 36.0 70.0 294.0 170.0 464.0
30522 黄式铨 100.0 103.0 120.0 86.0 50.0 76.0 323.0 212.0 535.0
30523 黄孜睿 108.0 94.0 118.0 78.0 86.0 75.0 320.0 239.0 559.0
30524 江卓聪 93.0 104.0 127.0 88.0 61.0 77.0 324.0 226.0 550.0
30525 李依璘 89.0 75.0 124.0 75.0 61.0 82.0 288.0 218.0 506.0
30526 李子聪 102.0 95.0 131.0 81.0 72.0 82.0 328.0 235.0 563.0
30527 林钡钡 105.0 128.0 116.0 82.0 84.0 74.0 349.0 240.0 589.0
30528 林洁萍 111.0 78.0 130.0 70.0 64.0 69.0 319.0 203.0 522.0
30529 林煜涛 106.0 76.0 104.0 91.0 44.0 81.0 286.0 216.0 502.0
30530 林泽滢 118.0 87.0 111.0 81.0 60.0 83.0 316.0 224.0 540.0
30531 刘榕飒 104.0 80.0 118.0 70.0 79.0 78.0 302.0 227.0 529.0
30532 陆凡冰 102.0 109.0 107.0 89.0 80.0 85.0 318.0 254.0 572.0
30533 马万里 98.0 87.0 116.0 67.0 61.0 65.0 301.0 193.0 494.0
30535 潘俞霏 102.0 101.0 133.0 71.0 79.0 81.0 336.0 231.0 567.0
30536 沈哲沛 90.0 77.0 105.0 73.0 62.0 68.0 272.0 203.0 475.0
30537 孙玮 113.0 95.0 121.0 80.0 68.0 75.0 329.0 223.0 552.0
30539 王天乐 95.0 81.0 109.0 62.0 37.0 58.0 285.0 157.0 442.0
30540 吴博 106.0 125.0 129.0 82.0 71.0 82.0 360.0 235.0 595.0
30541 吴佳芸 106.0 79.0 122.0 83.0 60.0 84.0 307.0 227.0 534.0
30542 吴淇升 110.0 77.0 116.0 73.0 72.0 75.0 303.0 220.0 523.0
30543 吴易达 108.0 94.0 107.0 72.0 58.0 74.0 309.0 204.0 513.0
30544 肖泽楷 114.0 82.0 126.0 67.0 69.0 81.0 322.0 217.0 539.0
30545 谢函瀚 111.0 72.0 125.0 84.0 53.0 83.0 308.0 220.0 528.0
30547 谢思婷 108.0 80.0 137.0 87.0 54.0 82.0 325.0 223.0 548.0
30548 谢育锋 93.0 89.0 115.0 81.0 73.0 74.0 297.0 228.0 525.0
30549 徐芷欣 102.0 82.0 126.0 66.0 59.0 72.0 310.0 197.0 507.0
30550 杨昕 111.0 85.0 127.0 74.0 55.0 85.0 323.0 214.0 537.0
30551 姚雪萍 105.0 73.0 118.0 59.0 44.0 56.0 296.0 159.0 455.0
30552 姚逸峰 108.0 95.0 126.0 89.0 61.0 83.0 329.0 233.0 562.0
30553 余泓涛 106.0 84.0 98.0 77.0 41.0 81.0 288.0 199.0 487.0
30554 余珮镕 109.0 81.0 118.0 67.0 62.0 68.0 308.0 197.0 505.0
30555 曾烁 98.0 83.0 109.0 67.0 61.0 56.0 290.0 184.0 474.0
30556 张基烨 101.0 95.0 122.0 79.0 71.0 76.0 318.0 226.0 544.0
30557 张锦河 90.0 110.0 109.0 80.0 72.0 82.0 309.0 234.0 543.0
30558 张子斌 100.0 90.0 120.0 72.0 61.0 71.0 310.0 204.0 514.0
30559 张宗泽 93.0 88.0 116.0 92.0 87.0 76.0 297.0 255.0 552.0
30560 郑涵 105.0 112.0 137.0 99.0 70.0 79.0 354.0 248.0 602.0
30561 郑主加 99.0 96.0 107.0 74.0 51.0 73.0 302.0 198.0 500.0
30562 钟婉灵 110.0 93.0 128.0 92.0 63.0 56.0 331.0 211.0 542.0
30563 周哲 100.0 105.0 120.0 94.0 65.0 75.0 325.0 234.0 559.0
30601 蔡楚怡 94.0 102.0 124.0 70.0 73.0 82.0 320.0 225.0 545.0
30602 蔡瀚锋 106.0 95.0 118.0 61.0 59.0 78.0 319.0 198.0 517.0
30603 蔡弋炀 95.0 107.0 117.0 84.0 68.0 75.0 319.0 227.0 546.0
30604 陈金涛 101.0 113.0 120.0 80.0 66.0 78.0 334.0 224.0 558.0
30605 陈谨 108.0 85.0 114.0 74.0 49.0 78.0 307.0 201.0 508.0
30606 陈庆 87.0 99.0 104.0 73.0 53.0 73.0 290.0 199.0 489.0
30607 陈帅琦 97.0 94.0 120.0 84.0 55.0 74.0 311.0 213.0 524.0
30608 陈锶涛 83.0 64.0 96.0 48.0 43.0 57.0 243.0 148.0 391.0
30609 陈雅文 97.0 72.0 126.0 83.0 70.0 80.0 295.0 233.0 528.0
30610 陈妍 105.0 99.0 125.0 81.0 72.0 76.0 329.0 229.0 558.0
30611 陈振霖 101.0 75.0 98.0 84.0 62.0 71.0 274.0 217.0 491.0
30612 陈震寅 92.0 106.0 97.0 82.0 71.0 81.0 295.0 234.0 529.0
30613 陈梓泓 107.0 99.0 114.0 87.0 66.0 74.0 320.0 227.0 547.0
30615 戴德燊 94.0 122.0 109.0 83.0 65.0 63.0 325.0 211.0 536.0
30616 方家浩 109.0 94.0 120.0 87.0 75.0 81.0 323.0 243.0 566.0
30617 方玮绚 105.0 75.0 127.0 81.0 74.0 82.0 307.0 237.0 544.0
30618 方小涵 96.0 77.0 117.0 59.0 56.0 61.0 290.0 176.0 466.0
30619 方梓昊 90.0 94.0 110.0 76.0 51.0 81.0 294.0 208.0 502.0
30620 郭悦宁 95.0 95.0 110.0 71.0 41.0 80.0 300.0 192.0 492.0
30621 郭滋涵 87.0 24.0 84.0 31.0 35.0 48.0 195.0 114.0 309.0
30622 洪斯沛 103.0 98.0 122.0 66.0 67.0 77.0 323.0 210.0 533.0
30623 黄蔓蔓 110.0 77.0 115.0 86.0 63.0 78.0 302.0 227.0 529.0
30624 黄树炫 105.0 99.0 126.0 92.0 83.0 83.0 330.0 258.0 588.0
30625 黄晚至 105.0 85.0 130.0 64.0 50.0 79.0 320.0 193.0 513.0
30626 黄粤奇 96.0 76.0 123.0 79.0 66.0 75.0 295.0 220.0 515.0
30627 李传璞 107.0 80.0 137.0 92.0 68.0 85.0 324.0 245.0 569.0
30628 李科谋 112.0 113.0 128.0 79.0 65.0 64.0 353.0 208.0 561.0
30629 李婉宜 104.0 111.0 115.0 89.0 78.0 83.0 330.0 250.0 580.0
30630 李心彤 95.0 72.0 119.0 60.0 47.0 45.0 286.0 152.0 438.0
30631 梁婧 103.0 94.0 106.0 78.0 68.0 74.0 303.0 220.0 523.0
30632 林琦 114.0 98.0 118.0 71.0 89.0 78.0 330.0 238.0 568.0
30633 林润峰 95.0 82.0 127.0 57.0 67.0 63.0 304.0 187.0 491.0
30634 林烁 105.0 71.0 126.0 70.0 48.0 78.0 302.0 196.0 498.0
30635 林钰祺 106.0 90.0 109.0 79.0 65.0 82.0 305.0 226.0 531.0
30636 林泽聪 105.0 97.0 124.0 89.0 81.0 86.0 326.0 256.0 582.0
30637 林泽娜 102.0 93.0 119.0 70.0 64.0 80.0 314.0 214.0 528.0
30638 刘学智 98.0 101.0 123.0 82.0 56.0 73.0 322.0 211.0 533.0
30639 马思奇 102.0 92.0 127.0 83.0 50.0 78.0 321.0 211.0 532.0
30640 佘卓键 96.0 96.0 117.0 79.0 70.0 77.0 309.0 226.0 535.0
30641 沈畅泳 112.0 124.0 126.0 84.0 65.0 85.0 362.0 234.0 596.0
30642 汤庆琳 105.0 74.0 122.0 50.0 37.0 66.0 301.0 153.0 454.0
30643 王嘉如 119.0 83.0 118.0 68.0 69.0 80.0 320.0 217.0 537.0
30644 王琳 100.0 70.0 125.0 66.0 69.0 73.0 295.0 208.0 503.0
30645 王梓渲 111.0 86.0 132.0 84.0 74.0 84.0 329.0 242.0 571.0
30646 吴文澜 95.0 56.0 109.0 75.0 53.0 75.0 260.0 203.0 463.0
30647 吴妍 110.0 95.0 119.0 85.0 57.0 62.0 324.0 204.0 528.0
30648 许夏帆 113.0 104.0 130.0 92.0 64.0 74.0 347.0 230.0 577.0
30649 许烨琪 96.0 92.0 120.0 75.0 51.0 76.0 308.0 202.0 510.0
30652 杨依云 97.0 97.0 129.0 87.0 64.0 80.0 323.0 231.0 554.0
30653 蚁维聪 108.0 85.0 119.0 77.0 54.0 78.0 312.0 209.0 521.0
30655 喻子韬 97.0 68.0 131.0 79.0 78.0 72.0 296.0 229.0 525.0
30656 詹育东 109.0 95.0 118.0 85.0 77.0 76.0 322.0 238.0 560.0
30657 张棣炫 91.0 81.0 120.0 79.0 51.0 76.0 292.0 206.0 498.0
30658 张欣悦 108.0 85.0 123.0 76.0 68.0 81.0 316.0 225.0 541.0
30659 郑东能 99.0 115.0 124.0 98.0 88.0 82.0 338.0 268.0 606.0
30660 郑凯元 100.0 101.0 126.0 89.0 62.0 80.0 327.0 231.0 558.0
30661 郑泽楠 99.0 91.0 111.0 92.0 64.0 71.0 301.0 227.0 528.0
30662 钟贝琪 109.0 95.0 122.0 81.0 54.0 65.0 326.0 200.0 526.0
30663 周盈贝 100.0 86.0 122.0 56.0 54.0 64.0 308.0 174.0 482.0
30701 蔡博涵 90.0 106.0 113.0 67.0 64.0 75.0 309.0 206.0 515.0
30702 蔡琪 91.0 81.0 110.0 74.0 38.0 62.0 282.0 174.0 456.0
30703 蔡淑熙 105.0 108.0 124.0 78.0 62.0 72.0 337.0 212.0 549.0
30704 蔡晓仪 105.0 94.0 128.0 78.0 71.0 74.0 327.0 223.0 550.0
30705 蔡泽莹 92.0 85.0 129.0 70.0 64.0 61.0 306.0 195.0 501.0
30708 陈畅 100.0 96.0 110.0 76.0 52.0 68.0 306.0 196.0 502.0
30709 陈铎仑 105.0 116.0 131.0 93.0 87.0 76.0 352.0 256.0 608.0
30710 陈俊成 103.0 115.0 128.0 95.0 83.0 82.0 346.0 260.0 606.0
30711 陈思冰 93.0 91.0 115.0 45.0 46.0 59.0 299.0 150.0 449.0
30712 陈思桦 90.0 90.0 108.0 79.0 61.0 84.0 288.0 224.0 512.0
30713 陈武杰 84.0 74.0 110.0 75.0 46.0 65.0 268.0 186.0 454.0
30715 陈奕纯 87.0 106.0 131.0 81.0 68.0 82.0 324.0 231.0 555.0
30716 陈钟之 105.0 109.0 123.0 80.0 64.0 80.0 337.0 224.0 561.0
30717 陈梓博 96.0 87.0 123.0 81.0 65.0 62.0 306.0 208.0 514.0
30719 丁烜 94.0 91.0 94.0 68.0 51.0 79.0 279.0 198.0 477.0
30720 杜昕 93.0 88.0 118.0 88.0 64.0 80.0 299.0 232.0 531.0
30721 杜展 97.0 108.0 123.0 93.0 81.0 81.0 328.0 255.0 583.0
30722 郭枫阳 103.0 115.0 125.0 81.0 86.0 80.0 343.0 247.0 590.0
30723 洪欣苑 92.0 85.0 110.0 51.0 43.0 64.0 287.0 158.0 445.0
30724 洪梓昂 103.0 90.0 128.0 84.0 58.0 77.0 321.0 219.0 540.0
30725 黄心婷 102.0 81.0 116.0 80.0 55.0 79.0 299.0 214.0 513.0
30726 黄芷琳 111.0 100.0 129.0 59.0 58.0 81.0 340.0 198.0 538.0
30727 李博恩 86.0 121.0 128.0 86.0 67.0 79.0 335.0 232.0 567.0
30728 李恺寰 106.0 96.0 119.0 83.0 82.0 82.0 321.0 247.0 568.0
30730 李翊亨 97.0 77.0 110.0 88.0 52.0 77.0 284.0 217.0 501.0
30731 林宏杰 90.0 90.0 111.0 74.0 60.0 72.0 291.0 206.0 497.0
30732 林熙 98.0 74.0 114.0 62.0 61.0 67.0 286.0 190.0 476.0
30733 林映含 95.0 79.0 122.0 98.0 70.0 79.0 296.0 247.0 543.0
30734 林芸 100.0 96.0 122.0 81.0 71.0 71.0 318.0 223.0 541.0
30735 刘乐欣 109.0 102.0 121.0 83.0 79.0 76.0 332.0 238.0 570.0
30736 刘依雯 99.0 47.0 127.0 50.0 46.0 73.0 273.0 169.0 442.0
30737 刘雨奇 105.0 109.0 126.0 94.0 91.0 76.0 340.0 261.0 601.0
30738 刘子烁 105.0 74.0 114.0 64.0 64.0 76.0 293.0 204.0 497.0
30739 陆伟坤 95.0 85.0 117.0 87.0 69.0 74.0 297.0 230.0 527.0
30740 马学宽 98.0 123.0 124.0 79.0 80.0 80.0 345.0 239.0 584.0
30741 彭博澄 108.0 105.0 128.0 88.0 73.0 65.0 341.0 226.0 567.0
30742 邱可盈 103.0 108.0 125.0 94.0 73.0 76.0 336.0 243.0 579.0
30743 佘晓仪 85.0 55.0 109.0 35.0 54.0 70.0 249.0 159.0 408.0
30745 苏烁航 91.0 73.0 89.0 76.0 64.0 72.0 253.0 212.0 465.0
30746 苏斯楠 100.0 91.0 94.0 88.0 70.0 77.0 285.0 235.0 520.0
30747 孙润楷 99.0 110.0 116.0 76.0 66.0 81.0 325.0 223.0 548.0
30748 吴佳生 96.0 105.0 131.0 95.0 89.0 83.0 332.0 267.0 599.0
30749 吴昕 85.0 88.0 126.0 65.0 46.0 66.0 299.0 177.0 476.0
30750 谢伟坤 96.0 90.0 119.0 77.0 63.0 65.0 305.0 205.0 510.0
30751 谢宗泰 92.0 83.0 94.0 78.0 43.0 73.0 269.0 194.0 463.0
30752 徐子媛 120.0 92.0 125.0 79.0 62.0 68.0 337.0 209.0 546.0
30753 许楷扬 102.0 103.0 109.0 63.0 62.0 57.0 314.0 182.0 496.0
30754 许艺瀛 89.0 101.0 123.0 79.0 68.0 79.0 313.0 226.0 539.0
30755 杨深林 103.0 111.0 124.0 90.0 87.0 81.0 338.0 258.0 596.0
30756 杨烨爽 88.0 126.0 114.0 83.0 76.0 69.0 328.0 228.0 556.0
30757 叶乐萱 108.0 120.0 141.0 89.0 90.0 86.0 369.0 265.0 634.0
30758 张睿 98.0 71.0 119.0 91.0 51.0 74.0 288.0 216.0 504.0
30759 张少伟 93.0 110.0 106.0 62.0 62.0 60.0 309.0 184.0 493.0
30760 张煜坚 100.0 100.0 123.0 66.0 60.0 65.0 323.0 191.0 514.0
30761 郑逸晖 105.0 111.0 134.0 74.0 70.0 77.0 350.0 221.0 571.0
30762 钟耿钦 101.0 83.0 110.0 94.0 57.0 69.0 294.0 220.0 514.0
30801 蔡筱蕊 115.0 50.0 122.0 73.0 72.0 63.0 287.0 208.0 495.0
30802 蔡奕桐 110.0 79.0 108.0 73.0 53.0 66.0 297.0 192.0 489.0
30803 蔡泽泓 101.0 74.0 132.0 72.0 67.0 66.0 307.0 205.0 512.0
30804 陈达可 94.0 104.0 122.0 83.0 80.0 86.0 320.0 249.0 569.0
30806 陈锴榆 94.0 102.0 124.0 77.0 77.0 85.0 320.0 239.0 559.0
30807 陈润慷 96.0 101.0 108.0 81.0 66.0 74.0 305.0 221.0 526.0
30808 陈淑芳 105.0 94.0 109.0 72.0 40.0 62.0 308.0 174.0 482.0
30809 陈彦宇 104.0 83.0 106.0 67.0 55.0 65.0 293.0 187.0 480.0
30810 陈钰琦 91.0 63.0 112.0 64.0 51.0 57.0 266.0 172.0 438.0
30811 陈志航 102.0 80.0 100.0 52.0 43.0 44.0 282.0 139.0 421.0
30812 单浩铭 97.0 83.0 125.0 73.0 65.0 68.0 305.0 206.0 511.0
30813 董煜然 87.0 87.0 109.0 82.0 53.0 72.0 283.0 207.0 490.0
30814 杜庚育 106.0 114.0 126.0 73.0 82.0 78.0 346.0 233.0 579.0
30816 方殷锴 94.0 95.0 127.0 82.0 66.0 79.0 316.0 227.0 543.0
30817 葛颖 98.0 108.0 102.0 61.0 67.0 79.0 308.0 207.0 515.0
30818 郭粉红 99.0 84.0 118.0 63.0 75.0 83.0 301.0 221.0 522.0
30819 郭景瀚 94.0 81.0 122.0 62.0 46.0 70.0 297.0 178.0 475.0
30820 洪立强 98.0 64.0 114.0 70.0 58.0 63.0 276.0 191.0 467.0
30821 洪少锐 99.0 82.0 126.0 94.0 78.0 81.0 307.0 253.0 560.0
30822 黄端 90.0 131.0 113.0 88.0 90.0 78.0 334.0 256.0 590.0
30823 黄丰 105.0 79.0 109.0 83.0 49.0 63.0 293.0 195.0 488.0
30824 黄俊斐 100.0 105.0 113.0 81.0 76.0 72.0 318.0 229.0 547.0
30825 黄可欣 100.0 117.0 127.0 84.0 80.0 77.0 344.0 241.0 585.0
30826 金泽薰 106.0 99.0 124.0 92.0 66.0 85.0 329.0 243.0 572.0
30827 蓝旸 90.0 95.0 110.0 61.0 50.0 84.0 295.0 195.0 490.0
30829 林栾荀 106.0 110.0 118.0 81.0 77.0 65.0 334.0 223.0 557.0
30830 林若彤 98.0 104.0 119.0 91.0 82.0 76.0 321.0 249.0 570.0
30831 林晓纯 101.0 103.0 138.0 76.0 85.0 87.0 342.0 248.0 590.0
30832 林钇 102.0 93.0 128.0 93.0 80.0 73.0 323.0 246.0 569.0
30833 林毓莹 107.0 78.0 127.0 61.0 64.0 80.0 312.0 205.0 517.0
30834 林泽凯 81.0 87.0 107.0 72.0 63.0 66.0 275.0 201.0 476.0
30835 刘尔嘉 89.0 108.0 130.0 79.0 73.0 78.0 327.0 230.0 557.0
30836 马旭宁 100.0 90.0 113.0 94.0 69.0 79.0 303.0 242.0 545.0
30837 彭诗妍 109.0 88.0 108.0 72.0 65.0 66.0 305.0 203.0 508.0
30838 宋洁榕 97.0 78.0 124.0 80.0 68.0 72.0 299.0 220.0 519.0
30839 王绿蔚 96.0 84.0 114.0 85.0 84.0 73.0 294.0 242.0 536.0
30840 王维佳 101.0 66.0 113.0 60.0 63.0 67.0 280.0 190.0 470.0
30841 王知往 104.0 88.0 130.0 61.0 49.0 71.0 322.0 181.0 503.0
30842 王志扬 108.0 93.0 116.0 81.0 78.0 76.0 317.0 235.0 552.0
30843 温一海 98.0 75.0 125.0 70.0 56.0 66.0 298.0 192.0 490.0
30844 吴丹妮 99.0 85.0 131.0 71.0 54.0 76.0 315.0 201.0 516.0
30845 吴赋 100.0 115.0 119.0 86.0 76.0 85.0 334.0 247.0 581.0
30846 吴润铭 91.0 93.0 123.0 62.0 44.0 70.0 307.0 176.0 483.0
30847 吴夏韵 96.0 90.0 119.0 67.0 65.0 72.0 305.0 204.0 509.0
30848 辛铄浩 101.0 104.0 115.0 65.0 66.0 70.0 320.0 201.0 521.0
30849 杨婷婷 100.0 80.0 111.0 64.0 58.0 60.0 291.0 182.0 473.0
30851 曾宇煌 106.0 92.0 121.0 70.0 45.0 73.0 319.0 188.0 507.0
30852 张晓斐 95.0 95.0 130.0 73.0 68.0 77.0 320.0 218.0 538.0
30853 张梓涵 92.0 103.0 124.0 73.0 83.0 81.0 319.0 237.0 556.0
30854 郑聪 83.0 76.0 123.0 78.0 51.0 76.0 282.0 205.0 487.0
30855 郑岱锋 87.0 49.0 114.0 60.0 34.0 69.0 250.0 163.0 413.0
30856 郑楷融 104.0 90.0 112.0 89.0 60.0 56.0 306.0 205.0 511.0
30857 郑欣琳 102.0 78.0 126.0 72.0 76.0 73.0 306.0 221.0 527.0
30858 郑宇平 90.0 98.0 118.0 84.0 47.0 70.0 306.0 201.0 507.0
30861 庄先正 99.0 86.0 79.0 59.0 57.0 69.0 264.0 185.0 449.0
30862 邹彤彤 106.0 81.0 116.0 59.0 58.0 73.0 303.0 190.0 493.0
30901 蔡仰涵 103.0 96.0 114.0 87.0 64.0 77.0 313.0 228.0 541.0
30902 陈玳翊 96.0 90.0 110.0 76.0 72.0 75.0 296.0 223.0 519.0
30903 陈方梓淳 106.0 101.0 122.0 82.0 42.0 63.0 329.0 187.0 516.0
30904 陈俊锴 106.0 98.0 130.0 78.0 65.0 71.0 334.0 214.0 548.0
30905 陈铿 91.0 81.0 112.0 86.0 79.0 66.0 284.0 231.0 515.0
30906 陈琳 97.0 103.0 118.0 84.0 67.0 71.0 318.0 222.0 540.0
30907 陈淼泓 99.0 83.0 106.0 69.0 40.0 76.0 288.0 185.0 473.0
30908 陈诺 104.0 113.0 110.0 89.0 78.0 81.0 327.0 248.0 575.0
30909 陈申 106.0 106.0 131.0 77.0 85.0 75.0 343.0 237.0 580.0
30910 陈曦芃 101.0 84.0 127.0 53.0 53.0 76.0 312.0 182.0 494.0
30911 陈逸挺 80.0 67.0 104.0 41.0 35.0 63.0 251.0 139.0 390.0
30912 陈钰媛 115.0 89.0 113.0 58.0 58.0 60.0 317.0 176.0 493.0
30913 陈裕 95.0 86.0 113.0 77.0 50.0 60.0 294.0 187.0 481.0
30914 陈钊燚 100.0 93.0 122.0 89.0 72.0 80.0 315.0 241.0 556.0
30915 丁琪瑄 88.0 85.0 123.0 53.0 59.0 67.0 296.0 179.0 475.0
30916 丁泽晟 95.0 127.0 113.0 89.0 96.0 80.0 335.0 265.0 600.0
30917 董信步 100.0 87.0 119.0 80.0 57.0 83.0 306.0 220.0 526.0
30918 郭婉祺 104.0 114.0 121.0 88.0 56.0 81.0 339.0 225.0 564.0
30919 郭潇凯 97.0 93.0 124.0 86.0 62.0 76.0 314.0 224.0 538.0
30920 洪愿足 99.0 105.0 113.0 82.0 76.0 80.0 317.0 238.0 555.0
30921 黄川 107.0 124.0 131.0 86.0 65.0 84.0 362.0 235.0 597.0
30923 黄晓彤 92.0 73.0 120.0 37.0 41.0 63.0 285.0 141.0 426.0
30924 黄泽钦 97.0 115.0 116.0 81.0 80.0 78.0 328.0 239.0 567.0
30925 黄梓媛 116.0 103.0 118.0 77.0 76.0 78.0 337.0 231.0 568.0
30926 蓝菁 104.0 99.0 118.0 66.0 49.0 77.0 321.0 192.0 513.0
30927 李金洺 99.0 73.0 100.0 44.0 53.0 63.0 272.0 160.0 432.0
30928 李乐浩 93.0 87.0 117.0 70.0 62.0 72.0 297.0 204.0 501.0
30929 李泽銮 107.0 88.0 124.0 88.0 57.0 76.0 319.0 221.0 540.0
30930 林翰 105.0 75.0 119.0 54.0 63.0 82.0 299.0 199.0 498.0
30931 林洁娜 102.0 83.0 124.0 68.0 47.0 58.0 309.0 173.0 482.0
30932 林锦燕 100.0 102.0 135.0 87.0 65.0 81.0 337.0 233.0 570.0
30933 林仕居 92.0 127.0 126.0 97.0 79.0 83.0 345.0 259.0 604.0
30934 林铄浩 102.0 104.0 116.0 76.0 80.0 76.0 322.0 232.0 554.0
30935 林晓琪 111.0 111.0 129.0 65.0 72.0 66.0 351.0 203.0 554.0
30936 林依洁 107.0 78.0 113.0 76.0 57.0 64.0 298.0 197.0 495.0
30937 刘泳钊 98.0 60.0 112.0 64.0 44.0 68.0 270.0 176.0 446.0
30938 罗泽鑫 99.0 106.0 115.0 93.0 70.0 78.0 320.0 241.0 561.0
30939 欧阳苇航 101.0 125.0 131.0 89.0 89.0 86.0 357.0 264.0 621.0
30940 潘沛 106.0 93.0 121.0 80.0 46.0 82.0 320.0 208.0 528.0
30941 邱子涵 105.0 105.0 125.0 93.0 74.0 83.0 335.0 250.0 585.0
30942 芮滢 107.0 105.0 127.0 87.0 60.0 78.0 339.0 225.0 564.0
30943 沈子钦 95.0 77.0 123.0 77.0 52.0 73.0 295.0 202.0 497.0
30944 王逸楠 108.0 93.0 117.0 67.0 59.0 72.0 318.0 198.0 516.0
30945 王梓宜 91.0 101.0 101.0 85.0 79.0 81.0 293.0 245.0 538.0
30946 吴佳锡 106.0 101.0 114.0 97.0 67.0 80.0 321.0 244.0 565.0
30947 吴奕艾 102.0 79.0 92.0 76.0 53.0 58.0 273.0 187.0 460.0
30948 吴逸慈 93.0 85.0 128.0 70.0 55.0 85.0 306.0 210.0 516.0
30949 徐仰男 96.0 83.0 119.0 82.0 70.0 82.0 298.0 234.0 532.0
30950 杨亦茜 105.0 110.0 137.0 90.0 58.0 69.0 352.0 217.0 569.0
30951 姚炜琳 89.0 89.0 100.0 58.0 53.0 76.0 278.0 187.0 465.0
30952 余烁 99.0 88.0 118.0 77.0 73.0 76.0 305.0 226.0 531.0
30953 袁一欣 98.0 88.0 113.0 82.0 70.0 65.0 299.0 217.0 516.0
30954 曾慧宾 103.0 86.0 116.0 68.0 72.0 72.0 305.0 212.0 517.0
30956 张禾 102.0 80.0 125.0 69.0 61.0 66.0 307.0 196.0 503.0
30957 郑瑞锐 96.0 145.0 119.0 77.0 81.0 82.0 360.0 240.0 600.0
30958 郑闻铎 92.0 81.0 106.0 87.0 43.0 71.0 279.0 201.0 480.0
30959 郑勋 100.0 64.0 128.0 49.0 61.0 74.0 292.0 184.0 476.0
30960 郑哲 94.0 56.0 121.0 39.0 26.0 61.0 271.0 126.0 397.0
30961 朱海平 103.0 86.0 116.0 74.0 48.0 70.0 305.0 192.0 497.0
30962 庄瑞临 117.0 108.0 131.0 79.0 60.0 73.0 356.0 212.0 568.0
31001 蔡凡 99.0 80.0 113.0 61.0 59.0 80.0 292.0 200.0 492.0
31002 蔡若珂 113.0 74.0 117.0 77.0 63.0 69.0 304.0 209.0 513.0
31004 蔡周峰 96.0 96.0 116.0 70.0 75.0 86.0 308.0 231.0 539.0
31005 陈蓓蓓 107.0 74.0 109.0 44.0 56.0 75.0 290.0 175.0 465.0
31006 陈钧哲 89.0 109.0 116.0 90.0 63.0 60.0 314.0 213.0 527.0
31007 陈树煜 100.0 96.0 110.0 87.0 70.0 83.0 306.0 240.0 546.0
31008 陈泰霖 102.0 103.0 122.0 86.0 77.0 76.0 327.0 239.0 566.0
31009 陈童菲 99.0 95.0 124.0 86.0 77.0 75.0 318.0 238.0 556.0
31010 陈泽锋 87.0 87.0 108.0 67.0 70.0 67.0 282.0 204.0 486.0
31011 陈泽锐 89.0 83.0 116.0 65.0 62.0 66.0 288.0 193.0 481.0
31012 池逸和 100.0 86.0 133.0 59.0 74.0 83.0 319.0 216.0 535.0
31013 杜鑫 102.0 98.0 128.0 86.0 85.0 80.0 328.0 251.0 579.0
31014 范冬倪 96.0 81.0 110.0 70.0 59.0 73.0 287.0 202.0 489.0
31015 房瑜仪 103.0 106.0 109.0 83.0 78.0 77.0 318.0 238.0 556.0
31016 高帅博 99.0 98.0 122.0 85.0 78.0 69.0 319.0 232.0 551.0
31017 黄钿津 75.0 97.0 98.0 45.0 40.0 39.0 270.0 124.0 394.0
31018 黄兰馨 109.0 88.0 122.0 78.0 68.0 82.0 319.0 228.0 547.0
31019 黄立涵 98.0 91.0 109.0 86.0 76.0 83.0 298.0 245.0 543.0
31020 黄泽瀚 94.0 95.0 128.0 85.0 65.0 83.0 317.0 233.0 550.0
31021 纪南帆 106.0 84.0 109.0 78.0 47.0 77.0 299.0 202.0 501.0
31022 纪欣格 105.0 109.0 125.0 96.0 59.0 67.0 339.0 222.0 561.0
31023 金敏桦 108.0 99.0 119.0 75.0 72.0 83.0 326.0 230.0 556.0
31024 李嘉桦 100.0 94.0 115.0 70.0 51.0 65.0 309.0 186.0 495.0
31025 李芷佳 99.0 83.0 117.0 77.0 68.0 64.0 299.0 209.0 508.0
31026 林翠环 109.0 97.0 119.0 81.0 55.0 85.0 325.0 221.0 546.0
31027 林丹娜 111.0 92.0 113.0 72.0 71.0 79.0 316.0 222.0 538.0
31028 林婷婷 104.0 101.0 126.0 59.0 64.0 81.0 331.0 204.0 535.0
31029 林钰 107.0 87.0 127.0 62.0 57.0 78.0 321.0 197.0 518.0
31030 林展锋 106.0 103.0 122.0 65.0 67.0 72.0 331.0 204.0 535.0
31031 林子潼 99.0 104.0 113.0 92.0 73.0 80.0 316.0 245.0 561.0
31032 刘派佳 98.0 80.0 108.0 75.0 48.0 51.0 286.0 174.0 460.0
31033 陆天宇 87.0 102.0 107.0 73.0 56.0 68.0 296.0 197.0 493.0
31034 马殊 99.0 70.0 119.0 47.0 53.0 69.0 288.0 169.0 457.0
31036 邱煜群 84.0 123.0 126.0 85.0 87.0 79.0 333.0 251.0 584.0
31037 王昊东 97.0 111.0 120.0 82.0 85.0 81.0 328.0 248.0 576.0
31039 王岳 100.0 72.0 98.0 59.0 39.0 73.0 270.0 171.0 441.0
31040 王芸 104.0 96.0 108.0 51.0 46.0 71.0 308.0 168.0 476.0
31041 翁培锴 110.0 101.0 131.0 82.0 66.0 80.0 342.0 228.0 570.0
31042 吴铭洵 90.0 69.0 126.0 61.0 46.0 66.0 285.0 173.0 458.0
31043 吴楠 93.0 111.0 120.0 86.0 67.0 80.0 324.0 233.0 557.0
31044 吴新仪 112.0 75.0 124.0 73.0 68.0 84.0 311.0 225.0 536.0
31045 夏立嘉 103.0 111.0 136.0 90.0 65.0 82.0 350.0 237.0 587.0
31046 辛焜媛 110.0 98.0 113.0 74.0 47.0 76.0 321.0 197.0 518.0
31048 许思琪 88.0 87.0 110.0 69.0 51.0 74.0 285.0 194.0 479.0
31049 羊雪琪 108.0 106.0 112.0 84.0 91.0 81.0 326.0 256.0 582.0
31050 杨基石 108.0 83.0 110.0 74.0 65.0 78.0 301.0 217.0 518.0
31051 杨璐羽 97.0 106.0 111.0 70.0 52.0 75.0 314.0 197.0 511.0
31052 曾炀铃 95.0 89.0 113.0 62.0 67.0 74.0 297.0 203.0 500.0
31053 曾钰辉 105.0 89.0 108.0 78.0 35.0 79.0 302.0 192.0 494.0
31054 张森烔 101.0 80.0 118.0 75.0 66.0 85.0 299.0 226.0 525.0
31055 赵博瑄 94.0 61.0 107.0 37.0 38.0 56.0 262.0 131.0 393.0
31056 郑乐镔 89.0 99.0 120.0 87.0 55.0 68.0 308.0 210.0 518.0
31057 郑若晗 99.0 101.0 118.0 79.0 56.0 72.0 318.0 207.0 525.0
31061 周之祺 103.0 127.0 132.0 92.0 85.0 82.0 362.0 259.0 621.0
31101 蔡滨 106.0 104.0 128.0 78.0 84.0 82.0 338.0 244.0 582.0
31102 曹耿槟 89.0 64.0 118.0 80.0 45.0 63.0 271.0 188.0 459.0
31103 陈浩钦 103.0 107.0 125.0 86.0 59.0 82.0 335.0 227.0 562.0
31104 陈洪昱 106.0 115.0 99.0 81.0 68.0 82.0 320.0 231.0 551.0
31105 陈令烨 112.0 84.0 128.0 89.0 65.0 77.0 324.0 231.0 555.0
31107 陈逸南 104.0 115.0 130.0 91.0 78.0 77.0 349.0 246.0 595.0
31108 陈逸天 103.0 93.0 114.0 86.0 60.0 69.0 310.0 215.0 525.0
31109 陈詠萩 108.0 96.0 132.0 86.0 77.0 82.0 336.0 245.0 581.0
31110 代桂敏 105.0 64.0 109.0 56.0 52.0 78.0 278.0 186.0 464.0
31111 方江鑫 102.0 112.0 117.0 83.0 66.0 80.0 331.0 229.0 560.0
31112 方武智 90.0 80.0 118.0 64.0 48.0 68.0 288.0 180.0 468.0
31113 高亦婷 109.0 79.0 122.0 80.0 67.0 67.0 310.0 214.0 524.0
31114 郭林凯 83.0 68.0 104.0 33.0 25.0 24.0 255.0 82.0 337.0
31115 黄航 113.0 119.0 131.0 91.0 76.0 83.0 363.0 250.0 613.0
31116 黄腾 104.0 79.0 112.0 77.0 58.0 59.0 295.0 194.0 489.0
31117 黄钰涵 111.0 96.0 127.0 88.0 53.0 62.0 334.0 203.0 537.0
31118 黄仲铖 95.0 83.0 113.0 72.0 73.0 73.0 291.0 218.0 509.0
31120 李琳纯 110.0 72.0 108.0 64.0 58.0 59.0 290.0 181.0 471.0
31121 李世濠 102.0 85.0 122.0 64.0 75.0 80.0 309.0 219.0 528.0
31122 李晓琳 93.0 74.0 124.0 53.0 63.0 74.0 291.0 190.0 481.0
31123 李旭纯 95.0 109.0 124.0 88.0 73.0 80.0 328.0 241.0 569.0
31124 林德明 106.0 108.0 117.0 89.0 63.0 76.0 331.0 228.0 559.0
31125 林介山 103.0 126.0 104.0 86.0 64.0 75.0 333.0 225.0 558.0
31126 林琳 93.0 100.0 115.0 68.0 46.0 67.0 308.0 181.0 489.0
31127 林南裕 85.0 101.0 111.0 77.0 87.0 84.0 297.0 248.0 545.0
31128 林烁 91.0 100.0 119.0 75.0 62.0 71.0 310.0 208.0 518.0
31129 林媛 106.0 87.0 117.0 68.0 51.0 63.0 310.0 182.0 492.0
31130 林泽豪 103.0 105.0 123.0 78.0 64.0 83.0 331.0 225.0 556.0
31131 林曾越 108.0 85.0 119.0 87.0 73.0 72.0 312.0 232.0 544.0
31132 卢楠 106.0 76.0 115.0 60.0 61.0 60.0 297.0 181.0 478.0
31133 罗世跃 94.0 87.0 93.0 77.0 43.0 65.0 274.0 185.0 459.0
31134 佘晓洁 106.0 54.0 113.0 61.0 37.0 70.0 273.0 168.0 441.0
31135 宋畅 105.0 105.0 113.0 90.0 54.0 64.0 323.0 208.0 531.0
31136 苏梓禄 86.0 53.0 96.0 33.0 45.0 74.0 235.0 152.0 387.0
31137 孙可欣 115.0 113.0 129.0 97.0 81.0 82.0 357.0 260.0 617.0
31138 王冬梅 114.0 107.0 114.0 84.0 70.0 82.0 335.0 236.0 571.0
31139 王睿琪 103.0 84.0 122.0 81.0 78.0 78.0 309.0 237.0 546.0
31140 王松波 101.0 112.0 125.0 74.0 79.0 80.0 338.0 233.0 571.0
31141 王宇涵 113.0 100.0 120.0 73.0 64.0 84.0 333.0 221.0 554.0
31142 翁锐鹏 83.0 75.0 101.0 68.0 37.0 56.0 259.0 161.0 420.0
31143 翁慎喆 107.0 84.0 119.0 74.0 44.0 64.0 310.0 182.0 492.0
31144 吴吉莉 93.0 98.0 120.0 86.0 65.0 77.0 311.0 228.0 539.0
31145 吴锦涛 82.0 54.0 95.0 66.0 40.0 52.0 231.0 158.0 389.0
31146 吴泽钟 93.0 81.0 118.0 88.0 69.0 75.0 292.0 232.0 524.0
31147 肖涵 109.0 87.0 113.0 56.0 58.0 73.0 309.0 187.0 496.0
31148 肖芷雅 106.0 96.0 124.0 64.0 46.0 69.0 326.0 179.0 505.0
31149 谢冬纯 107.0 109.0 127.0 98.0 71.0 82.0 343.0 251.0 594.0
31150 谢晴 110.0 78.0 119.0 80.0 70.0 84.0 307.0 234.0 541.0
31151 徐子东 89.0 113.0 128.0 84.0 72.0 80.0 330.0 236.0 566.0
31152 杨薇 101.0 125.0 126.0 84.0 80.0 80.0 352.0 244.0 596.0
31153 杨艺霞 115.0 116.0 129.0 94.0 69.0 84.0 360.0 247.0 607.0
31154 姚曙凯 106.0 107.0 112.0 68.0 70.0 66.0 325.0 204.0 529.0
31155 曾扬航 90.0 92.0 120.0 76.0 70.0 77.0 302.0 223.0 525.0
31156 张新阳 88.0 99.0 111.0 85.0 74.0 81.0 298.0 240.0 538.0
31157 郑长河 102.0 94.0 125.0 69.0 58.0 80.0 321.0 207.0 528.0
31158 郑力中 104.0 85.0 121.0 84.0 67.0 76.0 310.0 227.0 537.0
31159 郑润华 105.0 96.0 117.0 67.0 64.0 73.0 318.0 204.0 522.0
31160 郑逸锋 98.0 97.0 110.0 82.0 84.0 76.0 305.0 242.0 547.0
31161 周锦煜 101.0 82.0 119.0 71.0 44.0 55.0 302.0 170.0 472.0
31201 陈健颖 108.0 113.0 114.0 82.0 88.0 81.0 335.0 251.0 586.0
31202 陈楠弘 91.0 53.0 114.0 63.0 56.0 60.0 258.0 179.0 437.0
31203 陈祈丹 87.0 76.0 110.0 44.0 43.0 68.0 273.0 155.0 428.0
31204 陈舒颖 100.0 124.0 130.0 80.0 83.0 76.0 354.0 239.0 593.0
31205 陈晓婷 90.0 70.0 121.0 87.0 66.0 73.0 281.0 226.0 507.0
31206 陈雅昕 99.0 104.0 128.0 92.0 90.0 83.0 331.0 265.0 596.0
31208 陈裕渊 99.0 102.0 129.0 94.0 61.0 68.0 330.0 223.0 553.0
31209 程梓 97.0 96.0 112.0 81.0 61.0 71.0 305.0 213.0 518.0
31210 池霖锋 104.0 101.0 115.0 67.0 65.0 76.0 320.0 208.0 528.0
31211 高丹敏 89.0 103.0 121.0 93.0 66.0 68.0 313.0 227.0 540.0
31212 洪耿鑫 95.0 114.0 115.0 82.0 73.0 78.0 324.0 233.0 557.0
31213 洪泳琪 108.0 117.0 128.0 91.0 61.0 83.0 353.0 235.0 588.0
31214 黄骏涵 89.0 72.0 79.0 59.0 60.0 61.0 240.0 180.0 420.0
31215 黄丽楠 97.0 63.0 92.0 55.0 57.0 61.0 252.0 173.0 425.0
31216 黄绵煌 106.0 88.0 118.0 46.0 63.0 53.0 312.0 162.0 474.0
31217 黄曦宇 88.0 52.0 108.0 58.0 47.0 66.0 248.0 171.0 419.0
31218 李洁淳 113.0 80.0 116.0 69.0 46.0 71.0 309.0 186.0 495.0
31219 李晓波 98.0 80.0 111.0 83.0 69.0 80.0 289.0 232.0 521.0
31220 李育纯 101.0 87.0 123.0 69.0 66.0 82.0 311.0 217.0 528.0
31221 李云山 104.0 119.0 125.0 89.0 83.0 67.0 348.0 239.0 587.0
31222 林翰韬 94.0 88.0 121.0 78.0 59.0 71.0 303.0 208.0 511.0
31223 林靖 104.0 114.0 128.0 98.0 85.0 78.0 346.0 261.0 607.0
31224 林敏英 116.0 101.0 118.0 81.0 64.0 81.0 335.0 226.0 561.0
31225 林汪灏 99.0 58.0 123.0 71.0 52.0 75.0 280.0 198.0 478.0
31226 林晓仰 108.0 96.0 127.0 77.0 68.0 75.0 331.0 220.0 551.0
31227 刘陈婷 109.0 120.0 127.0 86.0 83.0 81.0 356.0 250.0 606.0
31228 刘淇文 97.0 86.0 126.0 74.0 61.0 53.0 309.0 188.0 497.0
31229 刘逸璋 96.0 95.0 120.0 70.0 67.0 79.0 311.0 216.0 527.0
31230 罗立扬 104.0 121.0 131.0 89.0 81.0 81.0 356.0 251.0 607.0
31231 马尚霖 94.0 69.0 117.0 42.0 38.0 59.0 280.0 139.0 419.0
31232 沈楠 95.0 80.0 124.0 86.0 60.0 73.0 299.0 219.0 518.0
31233 孙奇 99.0 135.0 131.0 95.0 85.0 82.0 365.0 262.0 627.0
31234 孙泽鑫 86.0 68.0 108.0 68.0 58.0 66.0 262.0 192.0 454.0
31235 王锴 115.0 114.0 132.0 84.0 83.0 82.0 361.0 249.0 610.0
31236 王婉仪 109.0 84.0 121.0 46.0 56.0 67.0 314.0 169.0 483.0
31237 王炜 105.0 105.0 121.0 86.0 69.0 80.0 331.0 235.0 566.0
31238 王志鹏 106.0 90.0 126.0 86.0 71.0 58.0 322.0 215.0 537.0
31239 王梓菁 97.0 94.0 126.0 74.0 71.0 70.0 317.0 215.0 532.0
31240 翁子腾 94.0 109.0 120.0 87.0 64.0 69.0 323.0 220.0 543.0
31241 吴宏振 108.0 67.0 116.0 77.0 48.0 75.0 291.0 200.0 491.0
31243 吴晓杰 90.0 116.0 113.0 84.0 83.0 82.0 319.0 249.0 568.0
31244 肖扬秀 108.0 97.0 124.0 83.0 69.0 74.0 329.0 226.0 555.0
31245 谢艾津 97.0 90.0 113.0 68.0 41.0 65.0 300.0 174.0 474.0
31246 谢泽杰 126.0 115.0 114.0 88.0 75.0 80.0 355.0 243.0 598.0
31247 许涵英 103.0 101.0 122.0 92.0 82.0 78.0 326.0 252.0 578.0
31248 许佳森 99.0 68.0 76.0 59.0 39.0 68.0 243.0 166.0 409.0
31249 许桐辉 118.0 75.0 121.0 63.0 61.0 72.0 314.0 196.0 510.0
31250 杨时骅 97.0 55.0 116.0 36.0 44.0 56.0 268.0 136.0 404.0
31251 杨时颖 94.0 88.0 119.0 68.0 66.0 67.0 301.0 201.0 502.0
31252 余洢彤 100.0 93.0 118.0 74.0 62.0 49.0 311.0 185.0 496.0
31253 曾婵娟 115.0 101.0 123.0 88.0 67.0 77.0 339.0 232.0 571.0
31254 张漫卿 106.0 50.0 111.0 43.0 43.0 74.0 267.0 160.0 427.0
31255 张睿莹 110.0 70.0 124.0 74.0 82.0 83.0 304.0 239.0 543.0
31256 张艺涵 103.0 84.0 115.0 87.0 72.0 82.0 302.0 241.0 543.0
31257 郑思思 99.0 84.0 108.0 68.0 51.0 73.0 291.0 192.0 483.0
31258 郑希彦 105.0 82.0 116.0 89.0 66.0 53.0 303.0 208.0 511.0
31259 郑以豪 96.0 90.0 104.0 82.0 69.0 83.0 290.0 234.0 524.0
31261 朱源腾 88.0 77.0 111.0 88.0 68.0 74.0 276.0 230.0 506.0
31262 朱越 107.0 106.0 128.0 73.0 91.0 83.0 341.0 247.0 588.0
31301 蔡祎晖 90.0 96.0 104.0 58.0 66.0 65.0 290.0 189.0 479.0
31302 蔡永杰 96.0 71.0 103.0 46.0 73.0 77.0 270.0 196.0 466.0
31303 蔡泽莎 108.0 111.0 115.0 74.0 75.0 81.0 334.0 230.0 564.0
31304 蔡芝恬 104.0 94.0 124.0 72.0 78.0 76.0 322.0 226.0 548.0
31305 陈璐 102.0 91.0 106.0 69.0 47.0 81.0 299.0 197.0 496.0
31306 陈冉 118.0 89.0 125.0 76.0 63.0 84.0 332.0 223.0 555.0
31308 陈宇铭 105.0 109.0 110.0 78.0 79.0 81.0 324.0 238.0 562.0
31309 陈岳彬 100.0 99.0 127.0 82.0 50.0 75.0 326.0 207.0 533.0
31310 郭剑豪 103.0 98.0 118.0 74.0 60.0 82.0 319.0 216.0 535.0
31311 黄凯丽 95.0 98.0 119.0 73.0 59.0 81.0 312.0 213.0 525.0
31313 黄桢栩 97.0 97.0 114.0 57.0 55.0 76.0 308.0 188.0 496.0
31314 黄柱铭 97.0 83.0 108.0 69.0 50.0 67.0 288.0 186.0 474.0
31315 赖浩锋 94.0 108.0 129.0 80.0 81.0 76.0 331.0 237.0 568.0
31317 林耿烨 105.0 103.0 121.0 75.0 76.0 81.0 329.0 232.0 561.0
31318 林炜钿 108.0 80.0 92.0 62.0 56.0 77.0 280.0 195.0 475.0
31319 林业渺 88.0 92.0 124.0 85.0 66.0 81.0 304.0 232.0 536.0
31320 林子棉 95.0 115.0 107.0 85.0 69.0 71.0 317.0 225.0 542.0
31321 刘佳彤 104.0 77.0 117.0 70.0 40.0 73.0 298.0 183.0 481.0
31322 刘珊 116.0 74.0 126.0 75.0 65.0 75.0 316.0 215.0 531.0
31323 陆齐 99.0 101.0 123.0 65.0 62.0 72.0 323.0 199.0 522.0
31324 马丹泓 104.0 84.0 87.0 66.0 64.0 80.0 275.0 210.0 485.0
31325 马伟根 104.0 124.0 124.0 88.0 86.0 84.0 352.0 258.0 610.0
31326 欧斐斐 104.0 102.0 134.0 79.0 72.0 74.0 340.0 225.0 565.0
31327 宋伊钿 105.0 75.0 123.0 86.0 60.0 68.0 303.0 214.0 517.0
31328 苏昉 107.0 74.0 123.0 86.0 75.0 69.0 304.0 230.0 534.0
31329 孙佳笙 99.0 102.0 125.0 71.0 74.0 62.0 326.0 207.0 533.0
31330 孙隽源 92.0 127.0 118.0 85.0 77.0 77.0 337.0 239.0 576.0
31331 吴国炀 80.0 82.0 110.0 76.0 62.0 66.0 272.0 204.0 476.0
31332 吴铭泓 98.0 120.0 121.0 83.0 75.0 80.0 339.0 238.0 577.0
31333 吴任诚 94.0 81.0 112.0 48.0 49.0 35.0 287.0 132.0 419.0
31334 吴之林 97.0 94.0 115.0 80.0 61.0 81.0 306.0 222.0 528.0
31335 肖林昕 108.0 44.0 114.0 26.0 38.0 71.0 266.0 135.0 401.0
31336 谢键焕 86.0 109.0 118.0 90.0 76.0 83.0 313.0 249.0 562.0
31338 徐略 100.0 68.0 102.0 50.0 32.0 55.0 270.0 137.0 407.0
31339 徐紫丹 95.0 90.0 108.0 60.0 57.0 58.0 293.0 175.0 468.0
31340 许锦涛 106.0 80.0 112.0 82.0 70.0 71.0 298.0 223.0 521.0
31341 许稚芝 99.0 81.0 114.0 59.0 53.0 79.0 294.0 191.0 485.0
31342 许宗蕾 96.0 81.0 102.0 44.0 40.0 62.0 279.0 146.0 425.0
31343 颜舒洁 91.0 69.0 122.0 51.0 43.0 68.0 282.0 162.0 444.0
31344 羊恩跃 101.0 106.0 97.0 76.0 72.0 70.0 304.0 218.0 522.0
31345 杨璐洁 109.0 102.0 132.0 87.0 63.0 73.0 343.0 223.0 566.0
31346 杨宓 112.0 114.0 127.0 79.0 64.0 84.0 353.0 227.0 580.0
31347 杨晓虹 100.0 66.0 104.0 86.0 63.0 73.0 270.0 222.0 492.0
31348 姚佳宜 112.0 96.0 117.0 65.0 68.0 83.0 325.0 216.0 541.0
31349 姚星宇 92.0 101.0 106.0 75.0 63.0 79.0 299.0 217.0 516.0
31350 姚映苗 107.0 91.0 126.0 82.0 69.0 76.0 324.0 227.0 551.0
31351 余嘉梓 97.0 92.0 117.0 74.0 72.0 77.0 306.0 223.0 529.0
31354 曾坚锐 102.0 97.0 106.0 70.0 49.0 81.0 305.0 200.0 505.0
31355 曾妍 98.0 93.0 114.0 79.0 52.0 71.0 305.0 202.0 507.0
31356 詹海鹏 115.0 119.0 127.0 98.0 71.0 83.0 361.0 252.0 613.0
31357 詹絮素 86.0 81.0 117.0 62.0 47.0 69.0 284.0 178.0 462.0
31358 张泽恩 87.0 76.0 118.0 69.0 73.0 68.0 281.0 210.0 491.0
31359 章智秋 89.0 130.0 116.0 98.0 66.0 85.0 335.0 249.0 584.0
31360 郑少锐 97.0 69.0 96.0 73.0 51.0 61.0 262.0 185.0 447.0
31361 郑泽明 116.0 96.0 111.0 77.0 75.0 86.0 323.0 238.0 561.0
31362 庄鸿鑫 113.0 104.0 129.0 82.0 78.0 81.0 346.0 241.0 587.0
31401 陈岱芃 113.0 94.0 143.0 95.0 70.0 82.0 350.0 247.0 597.0
31402 陈端华 112.0 72.0 132.0 68.0 56.0 65.0 316.0 189.0 505.0
31403 陈挥遒 106.0 70.0 113.0 49.0 52.0 78.0 289.0 179.0 468.0
31404 陈建诚 112.0 88.0 134.0 66.0 74.0 78.0 334.0 218.0 552.0
31405 陈沛峰 96.0 94.0 102.0 68.0 49.0 74.0 292.0 191.0 483.0
31406 陈芃 105.0 89.0 122.0 82.0 86.0 83.0 316.0 251.0 567.0
31407 陈铄霓 107.0 78.0 105.0 70.0 49.0 72.0 290.0 191.0 481.0
31408 陈奕希 104.0 76.0 131.0 75.0 66.0 71.0 311.0 212.0 523.0
31409 陈泽伟 104.0 97.0 123.0 76.0 83.0 72.0 324.0 231.0 555.0
31410 陈喆慧 94.0 91.0 100.0 74.0 68.0 80.0 285.0 222.0 507.0
31411 陈至渲 99.0 111.0 127.0 89.0 91.0 79.0 337.0 259.0 596.0
31413 邓昱聪 107.0 95.0 119.0 75.0 64.0 74.0 321.0 213.0 534.0
31414 邓泽淳 96.0 80.0 114.0 71.0 50.0 80.0 290.0 201.0 491.0
31415 冯嘉俊 105.0 69.0 113.0 58.0 78.0 84.0 287.0 220.0 507.0
31416 龚泽颖 113.0 102.0 119.0 81.0 68.0 83.0 334.0 232.0 566.0
31417 郭冰桦 107.0 98.0 129.0 79.0 69.0 72.0 334.0 220.0 554.0
31418 黄恩童 108.0 104.0 117.0 72.0 58.0 78.0 329.0 208.0 537.0
31419 黄桂凤 97.0 81.0 107.0 75.0 41.0 79.0 285.0 195.0 480.0
31420 江锦虹 95.0 89.0 118.0 77.0 60.0 76.0 302.0 213.0 515.0
31421 李佳晟 116.0 109.0 128.0 75.0 50.0 79.0 353.0 204.0 557.0
31422 李楠 110.0 84.0 114.0 84.0 81.0 85.0 308.0 250.0 558.0
31423 李舒婷 92.0 94.0 122.0 65.0 64.0 81.0 308.0 210.0 518.0
31424 李易熹 101.0 107.0 133.0 85.0 75.0 80.0 341.0 240.0 581.0
31425 林泓 103.0 99.0 117.0 74.0 72.0 67.0 319.0 213.0 532.0
31426 林可依 109.0 98.0 126.0 81.0 73.0 65.0 333.0 219.0 552.0
31427 林珮汝 109.0 95.0 124.0 81.0 56.0 62.0 328.0 199.0 527.0
31428 林心玥 112.0 75.0 129.0 52.0 50.0 60.0 316.0 162.0 478.0
31429 刘硕霓 112.0 125.0 126.0 94.0 74.0 76.0 363.0 244.0 607.0
31431 卢琳绵 117.0 83.0 118.0 79.0 59.0 69.0 318.0 207.0 525.0
31432 吕远东 103.0 106.0 112.0 75.0 61.0 81.0 321.0 217.0 538.0
31433 马旭民 110.0 125.0 112.0 81.0 76.0 81.0 347.0 238.0 585.0
31434 麦泽涵 114.0 99.0 131.0 70.0 73.0 83.0 344.0 226.0 570.0
31435 邱鸿鑫 102.0 101.0 128.0 77.0 69.0 80.0 331.0 226.0 557.0
31436 邱诗钿 101.0 76.0 98.0 45.0 28.0 53.0 275.0 126.0 401.0
31437 邱梓妍 96.0 62.0 125.0 87.0 60.0 81.0 283.0 228.0 511.0
31438 谭妍真 106.0 80.0 108.0 67.0 41.0 77.0 294.0 185.0 479.0
31439 王毓佳 106.0 74.0 99.0 77.0 64.0 79.0 279.0 220.0 499.0
31440 吴昊 103.0 73.0 130.0 62.0 28.0 73.0 306.0 163.0 469.0
31441 吴浩瀚 91.0 74.0 122.0 82.0 66.0 83.0 287.0 231.0 518.0
31442 吴彤君 95.0 74.0 119.0 72.0 45.0 74.0 288.0 191.0 479.0
31443 肖培亮 107.0 102.0 107.0 83.0 52.0 79.0 316.0 214.0 530.0
31444 谢碧瑶 102.0 93.0 122.0 79.0 89.0 78.0 317.0 246.0 563.0
31445 辛杨淳 107.0 101.0 119.0 75.0 64.0 84.0 327.0 223.0 550.0
31446 徐国玮 106.0 92.0 123.0 76.0 66.0 75.0 321.0 217.0 538.0
31447 徐铤 114.0 100.0 123.0 89.0 75.0 81.0 337.0 245.0 582.0
31448 许凯涵 87.0 100.0 120.0 78.0 61.0 85.0 307.0 224.0 531.0
31449 许正纲 96.0 88.0 96.0 64.0 59.0 62.0 280.0 185.0 465.0
31450 杨琳 100.0 80.0 114.0 56.0 72.0 74.0 294.0 202.0 496.0
31451 杨泽仪 103.0 104.0 124.0 67.0 59.0 75.0 331.0 201.0 532.0
31452 姚广濠 113.0 130.0 126.0 98.0 80.0 80.0 369.0 258.0 627.0
31453 叶济东 100.0 90.0 130.0 78.0 60.0 77.0 320.0 215.0 535.0
31454 叶洋 100.0 98.0 106.0 80.0 61.0 65.0 304.0 206.0 510.0
31455 余旭玮 102.0 82.0 113.0 57.0 58.0 68.0 297.0 183.0 480.0
31456 曾思沛 96.0 85.0 120.0 71.0 66.0 65.0 301.0 202.0 503.0
31457 张睿博 93.0 95.0 121.0 84.0 65.0 73.0 309.0 222.0 531.0
31458 章炫锐 120.0 109.0 121.0 77.0 73.0 84.0 350.0 234.0 584.0
31459 章梓烨 99.0 85.0 121.0 45.0 45.0 54.0 305.0 144.0 449.0
31460 郑康 110.0 100.0 122.0 73.0 63.0 65.0 332.0 201.0 533.0
31461 郑宇婷 107.0 83.0 136.0 54.0 59.0 72.0 326.0 185.0 511.0
31462 庄泽达 86.0 48.0 99.0 51.0 34.0 58.0 233.0 143.0 376.0
31501 蔡嘉煜 106.0 87.0 121.0 68.0 69.0 81.0 314.0 218.0 532.0
31502 陈力 97.0 94.0 108.0 74.0 69.0 78.0 299.0 221.0 520.0
31503 陈梦琪 115.0 119.0 136.0 83.0 75.0 82.0 370.0 240.0 610.0
31504 陈培铭 105.0 89.0 114.0 80.0 84.0 86.0 308.0 250.0 558.0
31505 陈佩恋 101.0 61.0 111.0 73.0 68.0 80.0 273.0 221.0 494.0
31506 陈斯哲 104.0 113.0 123.0 88.0 78.0 77.0 340.0 243.0 583.0
31507 陈文浩 104.0 108.0 130.0 90.0 84.0 80.0 342.0 254.0 596.0
31508 陈漪皓 98.0 115.0 126.0 87.0 82.0 79.0 339.0 248.0 587.0
31509 陈溢煌 99.0 92.0 108.0 74.0 67.0 71.0 299.0 212.0 511.0
31510 陈梓轩 92.0 96.0 111.0 75.0 49.0 81.0 299.0 205.0 504.0
31511 程晓婷 121.0 101.0 130.0 86.0 80.0 84.0 352.0 250.0 602.0
31512 杜浜弘 93.0 80.0 108.0 60.0 57.0 68.0 281.0 185.0 466.0
31513 杜佳锴 89.0 128.0 111.0 82.0 81.0 63.0 328.0 226.0 554.0
31514 方宇驰 94.0 92.0 108.0 71.0 57.0 78.0 294.0 206.0 500.0
31515 高越 110.0 112.0 119.0 87.0 79.0 82.0 341.0 248.0 589.0
31516 洪戈 100.0 108.0 114.0 79.0 85.0 77.0 322.0 241.0 563.0
31517 黄向鸿 103.0 106.0 122.0 85.0 62.0 80.0 331.0 227.0 558.0
31518 黄泽山 96.0 102.0 87.0 80.0 33.0 61.0 285.0 174.0 459.0
31519 黄梓彤 100.0 84.0 117.0 80.0 47.0 70.0 301.0 197.0 498.0
31520 柯金宏 101.0 120.0 126.0 84.0 61.0 75.0 347.0 220.0 567.0
31521 赖炜豪 101.0 84.0 124.0 54.0 61.0 73.0 309.0 188.0 497.0
31522 李涵 100.0 106.0 122.0 72.0 73.0 71.0 328.0 216.0 544.0
31523 李沐峻 105.0 83.0 98.0 58.0 66.0 76.0 286.0 200.0 486.0
31524 李润熹 104.0 100.0 121.0 93.0 82.0 84.0 325.0 259.0 584.0
31525 李舒婷 108.0 89.0 132.0 76.0 82.0 82.0 329.0 240.0 569.0
31526 李梓煌 95.0 87.0 122.0 86.0 59.0 81.0 304.0 226.0 530.0
31527 林钗 101.0 100.0 114.0 65.0 53.0 68.0 315.0 186.0 501.0
31528 林若欣 106.0 88.0 131.0 82.0 66.0 84.0 325.0 232.0 557.0
31529 林爽 83.0 101.0 113.0 74.0 55.0 74.0 297.0 203.0 500.0
31530 刘粉婷 107.0 117.0 125.0 95.0 93.0 86.0 349.0 274.0 623.0
31531 刘烨桦 106.0 91.0 124.0 70.0 48.0 73.0 321.0 191.0 512.0
31532 彭瀚锟 102.0 78.0 82.0 76.0 49.0 73.0 262.0 198.0 460.0
31533 邱霜晓 105.0 67.0 127.0 40.0 44.0 65.0 299.0 149.0 448.0
31534 沈晓琦 98.0 105.0 131.0 81.0 81.0 79.0 334.0 241.0 575.0
31535 王曙丹 114.0 96.0 117.0 70.0 61.0 74.0 327.0 205.0 532.0
31536 王泽翔 104.0 93.0 106.0 78.0 66.0 75.0 303.0 219.0 522.0
31537 翁梓洪 104.0 54.0 94.0 67.0 45.0 58.0 252.0 170.0 422.0
31538 吴林瀚 95.0 108.0 114.0 87.0 76.0 80.0 317.0 243.0 560.0
31539 夏梓斌 84.0 64.0 106.0 43.0 38.0 64.0 254.0 145.0 399.0
31540 谢梦霞 109.0 92.0 126.0 70.0 64.0 69.0 327.0 203.0 530.0
31541 谢泳凯 103.0 134.0 131.0 93.0 94.0 87.0 368.0 274.0 642.0
31542 谢植煌 101.0 79.0 114.0 83.0 39.0 73.0 294.0 195.0 489.0
31543 徐国瑞 114.0 91.0 110.0 75.0 66.0 80.0 315.0 221.0 536.0
31544 许欢 101.0 87.0 112.0 66.0 49.0 80.0 300.0 195.0 495.0
31545 许越 98.0 91.0 121.0 64.0 56.0 83.0 310.0 203.0 513.0
31546 杨小嬉 118.0 100.0 121.0 87.0 62.0 71.0 339.0 220.0 559.0
31547 杨铮楷 114.0 87.0 119.0 69.0 68.0 85.0 320.0 222.0 542.0
31548 姚喆仪 104.0 92.0 121.0 77.0 66.0 85.0 317.0 228.0 545.0
31549 袁若瑶 114.0 112.0 112.0 94.0 61.0 77.0 338.0 232.0 570.0
31550 曾少擎 97.0 84.0 128.0 76.0 71.0 73.0 309.0 220.0 529.0
31551 曾欣哲 109.0 87.0 128.0 80.0 53.0 84.0 324.0 217.0 541.0
31552 张志鹏 86.0 105.0 111.0 87.0 87.0 81.0 302.0 255.0 557.0
31553 赵晓冰 107.0 71.0 123.0 43.0 29.0 66.0 301.0 138.0 439.0
31554 郑帆 102.0 91.0 128.0 81.0 63.0 71.0 321.0 215.0 536.0
31556 郑婕 102.0 103.0 117.0 80.0 61.0 79.0 322.0 220.0 542.0
31557 郑钧璟 102.0 88.0 129.0 74.0 78.0 81.0 319.0 233.0 552.0
31558 郑丽璇 113.0 88.0 135.0 75.0 63.0 72.0 336.0 210.0 546.0
31559 郑婷芝 88.0 95.0 121.0 67.0 68.0 73.0 304.0 208.0 512.0
31560 郑鑫海 92.0 91.0 119.0 77.0 56.0 74.0 302.0 207.0 509.0
31561 周健驰 101.0 99.0 122.0 76.0 62.0 84.0 322.0 222.0 544.0
31562 邹丹纯 106.0 84.0 123.0 74.0 52.0 74.0 313.0 200.0 513.0
31601 蔡慈瀚 92.0 118.0 130.0 90.0 67.0 77.0 340.0 234.0 574.0
31602 蔡君悦 108.0 86.0 117.0 83.0 57.0 77.0 311.0 217.0 528.0
31603 陈东晗 111.0 108.0 123.0 83.0 89.0 82.0 342.0 254.0 596.0
31604 陈佳伶 106.0 98.0 109.0 87.0 74.0 66.0 313.0 227.0 540.0
31605 陈佳盈 101.0 111.0 117.0 77.0 73.0 71.0 329.0 221.0 550.0
31606 陈力 103.0 99.0 127.0 80.0 72.0 79.0 329.0 231.0 560.0
31607 陈敏儿 101.0 96.0 133.0 82.0 66.0 81.0 330.0 229.0 559.0
31608 陈派捷 92.0 104.0 101.0 87.0 67.0 61.0 297.0 215.0 512.0
31609 陈日 100.0 59.0 118.0 63.0 48.0 80.0 277.0 191.0 468.0
31610 陈逸镕 100.0 70.0 118.0 45.0 54.0 81.0 288.0 180.0 468.0
31611 陈莹 92.0 94.0 116.0 87.0 75.0 63.0 302.0 225.0 527.0
31612 陈滢 100.0 82.0 130.0 77.0 77.0 83.0 312.0 237.0 549.0
31613 陈梓鑫 103.0 70.0 121.0 62.0 56.0 67.0 294.0 185.0 479.0
31614 方浩锴 96.0 101.0 125.0 54.0 65.0 77.0 322.0 196.0 518.0
31615 黄谷 96.0 99.0 118.0 77.0 70.0 71.0 313.0 218.0 531.0
31617 黄锐敏 102.0 103.0 128.0 82.0 81.0 75.0 333.0 238.0 571.0
31618 黄少邑 100.0 88.0 118.0 72.0 63.0 73.0 306.0 208.0 514.0
31619 黄舒乐 95.0 64.0 107.0 62.0 43.0 52.0 266.0 157.0 423.0
31620 江佳仪 94.0 101.0 127.0 79.0 70.0 73.0 322.0 222.0 544.0
31621 李嘉鑫 97.0 80.0 109.0 85.0 64.0 75.0 286.0 224.0 510.0
31622 李琳丹 112.0 99.0 126.0 65.0 60.0 71.0 337.0 196.0 533.0
31623 李暄婷 100.0 92.0 125.0 73.0 51.0 66.0 317.0 190.0 507.0
31624 李奕 102.0 71.0 123.0 56.0 44.0 63.0 296.0 163.0 459.0
31625 廖骊涵 104.0 95.0 122.0 62.0 70.0 72.0 321.0 204.0 525.0
31626 廖澍镔 103.0 110.0 123.0 89.0 82.0 83.0 336.0 254.0 590.0
31627 林灿荣 57.0 91.0 54.0 22.0 19.0 53.0 202.0 94.0 296.0
31628 林冠之 96.0 101.0 124.0 74.0 65.0 81.0 321.0 220.0 541.0
31629 林楠 91.0 101.0 113.0 85.0 74.0 80.0 305.0 239.0 544.0
31630 林树红 95.0 85.0 123.0 66.0 61.0 70.0 303.0 197.0 500.0
31631 林仪 100.0 92.0 126.0 47.0 66.0 65.0 318.0 178.0 496.0
31632 林意 98.0 90.0 116.0 57.0 50.0 75.0 304.0 182.0 486.0
31634 刘奕 93.0 84.0 116.0 85.0 65.0 78.0 293.0 228.0 521.0
31635 刘泽 94.0 78.0 95.0 60.0 51.0 72.0 267.0 183.0 450.0
31637 卢开书 99.0 102.0 123.0 82.0 79.0 77.0 324.0 238.0 562.0
31638 马润青 109.0 106.0 135.0 88.0 67.0 78.0 350.0 233.0 583.0
31639 彭灏 104.0 105.0 130.0 72.0 73.0 67.0 339.0 212.0 551.0
31640 孙熹珣 100.0 86.0 117.0 70.0 55.0 77.0 303.0 202.0 505.0
31641 孙烨 100.0 78.0 133.0 87.0 55.0 73.0 311.0 215.0 526.0
31642 王海槟 99.0 88.0 125.0 76.0 72.0 82.0 312.0 230.0 542.0
31643 王晓钟 97.0 96.0 127.0 82.0 81.0 77.0 320.0 240.0 560.0
31644 王雨青 94.0 96.0 113.0 73.0 53.0 62.0 303.0 188.0 491.0
31645 吴毅聪 91.0 93.0 106.0 56.0 43.0 63.0 290.0 162.0 452.0
31646 吴梓帆 101.0 128.0 132.0 87.0 86.0 84.0 361.0 257.0 618.0
31647 谢尘沐 111.0 68.0 125.0 64.0 59.0 82.0 304.0 205.0 509.0
31648 谢锦珮 100.0 67.0 131.0 62.0 41.0 64.0 298.0 167.0 465.0
31649 谢小雪 104.0 119.0 123.0 88.0 76.0 82.0 346.0 246.0 592.0
31650 谢奕纯 91.0 73.0 116.0 65.0 52.0 65.0 280.0 182.0 462.0
31651 杨涵 92.0 84.0 96.0 74.0 68.0 78.0 272.0 220.0 492.0
31652 姚采妮 97.0 50.0 111.0 68.0 53.0 71.0 258.0 192.0 450.0
31653 余泽泰 101.0 98.0 130.0 86.0 87.0 79.0 329.0 252.0 581.0
31654 张泽琳 104.0 113.0 134.0 82.0 84.0 78.0 351.0 244.0 595.0
31655 张泽宇 97.0 119.0 122.0 93.0 73.0 79.0 338.0 245.0 583.0
31656 章婉仪 102.0 84.0 134.0 70.0 50.0 80.0 320.0 200.0 520.0
31657 赵先铎 105.0 125.0 131.0 98.0 71.0 81.0 361.0 250.0 611.0
31658 郑涵禧 98.0 92.0 110.0 78.0 47.0 79.0 300.0 204.0 504.0
31660 郑镇灏 101.0 87.0 114.0 69.0 54.0 65.0 302.0 188.0 490.0
31661 郑重 93.0 122.0 97.0 67.0 72.0 69.0 312.0 208.0 520.0
31662 朱俊宇 97.0 94.0 82.0 38.0 58.0 70.0 273.0 166.0 439.0
31663 庄声锐 76.0 67.0 96.0 62.0 52.0 60.0 239.0 174.0 413.0
31701 蔡金沛 95.0 76.0 104.0 73.0 79.0 80.0 275.0 232.0 507.0
31702 蔡俊峰 101.0 104.0 123.0 76.0 77.0 82.0 328.0 235.0 563.0
31703 曹宇韬 101.0 96.0 102.0 89.0 49.0 78.0 299.0 216.0 515.0
31704 陈大立 85.0 96.0 114.0 84.0 91.0 81.0 295.0 256.0 551.0
31705 陈浩杰 102.0 67.0 120.0 75.0 56.0 75.0 289.0 206.0 495.0
31706 陈沛润 94.0 108.0 121.0 89.0 61.0 76.0 323.0 226.0 549.0
31707 陈锐 104.0 117.0 129.0 78.0 90.0 84.0 350.0 252.0 602.0
31708 陈烁 82.0 108.0 103.0 72.0 55.0 68.0 293.0 195.0 488.0
31709 陈学诚 104.0 112.0 133.0 90.0 71.0 79.0 349.0 240.0 589.0
31710 陈韫颖 100.0 96.0 118.0 73.0 57.0 70.0 314.0 200.0 514.0
31712 陈中一 101.0 103.0 126.0 80.0 84.0 68.0 330.0 232.0 562.0
31713 何伊慧 109.0 88.0 122.0 65.0 62.0 69.0 319.0 196.0 515.0
31714 侯思涵 103.0 94.0 131.0 59.0 59.0 81.0 328.0 199.0 527.0
31715 黄彬霆 110.0 89.0 127.0 82.0 62.0 68.0 326.0 212.0 538.0
31717 黄光炳 91.0 59.0 106.0 51.0 38.0 55.0 256.0 144.0 400.0
31718 黄慧敏 96.0 100.0 128.0 82.0 71.0 79.0 324.0 232.0 556.0
31719 黄思翰 102.0 108.0 110.0 80.0 78.0 79.0 320.0 237.0 557.0
31720 黄伟纯 113.0 95.0 131.0 85.0 66.0 74.0 339.0 225.0 564.0
31721 黄莹 113.0 91.0 129.0 88.0 60.0 70.0 333.0 218.0 551.0
31722 黄梓芸 103.0 66.0 110.0 49.0 37.0 70.0 279.0 156.0 435.0
31723 江相渝 106.0 62.0 107.0 53.0 47.0 81.0 275.0 181.0 456.0
31724 李洁瀚 99.0 97.0 129.0 70.0 68.0 84.0 325.0 222.0 547.0
31725 林仰 106.0 89.0 113.0 82.0 75.0 76.0 308.0 233.0 541.0
31726 林雍权 87.0 108.0 116.0 84.0 63.0 67.0 311.0 214.0 525.0
31727 刘嘉鑫 92.0 69.0 106.0 83.0 54.0 69.0 267.0 206.0 473.0
31729 卢仪蕊 98.0 74.0 114.0 65.0 44.0 80.0 286.0 189.0 475.0
31730 马学盈 107.0 98.0 123.0 81.0 68.0 81.0 328.0 230.0 558.0
31731 马直先 100.0 113.0 116.0 64.0 85.0 65.0 329.0 214.0 543.0
31732 麦博 105.0 105.0 128.0 60.0 62.0 81.0 338.0 203.0 541.0
31733 欧阳生 100.0 100.0 117.0 90.0 73.0 79.0 317.0 242.0 559.0
31734 彭琪 98.0 61.0 87.0 62.0 50.0 60.0 246.0 172.0 418.0
31735 佘晓环 99.0 72.0 117.0 72.0 51.0 77.0 288.0 200.0 488.0
31736 王基鸿 117.0 108.0 114.0 83.0 86.0 77.0 339.0 246.0 585.0
31737 王俊澎 89.0 102.0 117.0 84.0 67.0 83.0 308.0 234.0 542.0
31738 王烔毅 89.0 102.0 107.0 73.0 64.0 81.0 298.0 218.0 516.0
31739 王钰 87.0 90.0 116.0 69.0 66.0 73.0 293.0 208.0 501.0
31740 王真子 106.0 66.0 123.0 83.0 59.0 76.0 295.0 218.0 513.0
31741 吴俊翰 104.0 92.0 116.0 95.0 75.0 67.0 312.0 237.0 549.0
31742 吴彤沛 98.0 82.0 115.0 46.0 75.0 77.0 295.0 198.0 493.0
31743 吴伟霞 109.0 91.0 124.0 78.0 74.0 83.0 324.0 235.0 559.0
31744 谢锶琦 86.0 103.0 117.0 93.0 56.0 82.0 306.0 231.0 537.0
31745 许锶妍 100.0 85.0 121.0 81.0 61.0 69.0 306.0 211.0 517.0
31746 许奕烁 102.0 78.0 96.0 60.0 52.0 53.0 276.0 165.0 441.0
31747 许哲浩 99.0 81.0 134.0 69.0 62.0 72.0 314.0 203.0 517.0
31748 杨铠翔 98.0 81.0 111.0 82.0 72.0 68.0 290.0 222.0 512.0
31749 杨腾 106.0 59.0 103.0 55.0 28.0 68.0 268.0 151.0 419.0
31750 姚佳妮 107.0 82.0 116.0 79.0 77.0 85.0 305.0 241.0 546.0
31751 张纯 101.0 88.0 121.0 80.0 57.0 67.0 310.0 204.0 514.0
31752 张锐翰 88.0 67.0 91.0 52.0 40.0 64.0 246.0 156.0 402.0
31754 张奕 102.0 75.0 122.0 62.0 45.0 64.0 299.0 171.0 470.0
31755 张翼 96.0 99.0 124.0 72.0 78.0 84.0 319.0 234.0 553.0
31756 章家竣 104.0 90.0 124.0 85.0 83.0 80.0 318.0 248.0 566.0
31757 郑慈香 103.0 79.0 122.0 85.0 57.0 75.0 304.0 217.0 521.0
31758 郑曼燕 98.0 81.0 115.0 58.0 54.0 69.0 294.0 181.0 475.0
31759 郑铭 109.0 76.0 115.0 57.0 49.0 72.0 300.0 178.0 478.0
31761 周锴捷 103.0 83.0 125.0 87.0 74.0 85.0 311.0 246.0 557.0
31762 庄本熙 91.0 99.0 106.0 87.0 57.0 76.0 296.0 220.0 516.0
31763 黄钰莹 102.0 97.0 120.0 64.0 77.0 71.0 319.0 212.0 531.0
31764 王宏 113.0 110.0 132.0 75.0 70.0 75.0 355.0 220.0 575.0
31801 陈鸿飞 98.0 109.0 112.0 70.0 67.0 77.0 319.0 214.0 533.0
31802 陈家思 81.0 83.0 110.0 84.0 75.0 61.0 274.0 220.0 494.0
31803 陈立芃 98.0 90.0 117.0 80.0 49.0 80.0 305.0 209.0 514.0
31804 陈齐骏 78.0 52.0 56.0 0 0 0 186.0 0 0
31805 陈润铎 102.0 95.0 108.0 81.0 67.0 66.0 305.0 214.0 519.0
31806 陈润楷 98.0 99.0 114.0 81.0 66.0 72.0 311.0 219.0 530.0
31807 陈鑫冰 104.0 104.0 116.0 77.0 65.0 78.0 324.0 220.0 544.0
31808 陈永佳 103.0 114.0 120.0 84.0 77.0 79.0 337.0 240.0 577.0
31809 陈元嘉 106.0 92.0 123.0 88.0 76.0 81.0 321.0 245.0 566.0
31810 冯钰冰 99.0 82.0 109.0 63.0 53.0 69.0 290.0 185.0 475.0
31811 何畅 95.0 55.0 108.0 45.0 39.0 66.0 258.0 150.0 408.0
31812 黄怀瑶 110.0 81.0 110.0 58.0 70.0 62.0 301.0 190.0 491.0
31813 黄凯鹏 87.0 60.0 118.0 59.0 39.0 63.0 265.0 161.0 426.0
31815 黄泽宇 93.0 70.0 116.0 73.0 55.0 76.0 279.0 204.0 483.0
31816 康思妹 104.0 71.0 107.0 48.0 50.0 73.0 282.0 171.0 453.0
31817 孔雪欣 103.0 81.0 122.0 69.0 64.0 77.0 306.0 210.0 516.0
31818 赖淑凌 91.0 83.0 123.0 59.0 61.0 75.0 297.0 195.0 492.0
31819 李俊 101.0 99.0 123.0 70.0 73.0 65.0 323.0 208.0 531.0
31820 李楠 99.0 104.0 120.0 89.0 74.0 82.0 323.0 245.0 568.0
31821 李蔚东 97.0 111.0 118.0 86.0 85.0 77.0 326.0 248.0 574.0
31822 李昕 91.0 133.0 117.0 90.0 83.0 79.0 341.0 252.0 593.0
31823 连泓杰 100.0 77.0 116.0 81.0 72.0 76.0 293.0 229.0 522.0
31824 林泓 102.0 88.0 112.0 73.0 68.0 70.0 302.0 211.0 513.0
31825 林培润 96.0 64.0 113.0 63.0 55.0 71.0 273.0 189.0 462.0
31826 林绮娜 104.0 98.0 137.0 90.0 71.0 69.0 339.0 230.0 569.0
31827 林昕 109.0 101.0 127.0 91.0 72.0 82.0 337.0 245.0 582.0
31828 林奕敏 99.0 96.0 108.0 81.0 81.0 79.0 303.0 241.0 544.0
31829 林泽辉 87.0 84.0 107.0 78.0 73.0 74.0 278.0 225.0 503.0
31830 林泽炜 99.0 110.0 121.0 94.0 90.0 78.0 330.0 262.0 592.0
31831 林增瑞 91.0 104.0 119.0 72.0 77.0 78.0 314.0 227.0 541.0
31832 刘丁玮 86.0 103.0 124.0 106.0 86.0 81.0 313.0 273.0 586.0
31833 卢呈焕 88.0 77.0 115.0 79.0 66.0 66.0 280.0 211.0 491.0
31834 卢智扬 99.0 67.0 122.0 43.0 42.0 51.0 288.0 136.0 424.0
31835 罗亿权 89.0 77.0 117.0 76.0 44.0 66.0 283.0 186.0 469.0
31836 邱乐思 97.0 87.0 119.0 77.0 59.0 77.0 303.0 213.0 516.0
31837 佘涵 101.0 101.0 114.0 76.0 72.0 76.0 316.0 224.0 540.0
31838 汤钰瑛 95.0 72.0 121.0 57.0 39.0 58.0 288.0 154.0 442.0
31839 王佩佩 101.0 101.0 120.0 90.0 66.0 81.0 322.0 237.0 559.0
31840 王思佳 95.0 84.0 117.0 81.0 82.0 80.0 296.0 243.0 539.0
31841 王晓泽 80.0 69.0 100.0 67.0 46.0 64.0 249.0 177.0 426.0
31843 王子瑜 104.0 105.0 121.0 82.0 54.0 81.0 330.0 217.0 547.0
31844 吴绍邦 105.0 111.0 126.0 81.0 74.0 73.0 342.0 228.0 570.0
31845 吴水滇 91.0 106.0 119.0 69.0 59.0 75.0 316.0 203.0 519.0
31846 吴晓琪 97.0 88.0 127.0 83.0 51.0 67.0 312.0 201.0 513.0
31847 吴昕 96.0 88.0 127.0 86.0 64.0 76.0 311.0 226.0 537.0
31848 谢昱康 102.0 101.0 127.0 87.0 65.0 71.0 330.0 223.0 553.0
31849 姚少云 98.0 66.0 101.0 68.0 55.0 71.0 265.0 194.0 459.0
31850 余博浩 80.0 74.0 98.0 56.0 51.0 57.0 252.0 164.0 416.0
31851 曾泓燊 93.0 106.0 124.0 91.0 76.0 76.0 323.0 243.0 566.0
31852 曾佳泓 106.0 97.0 116.0 71.0 64.0 82.0 319.0 217.0 536.0
31853 曾琳 97.0 89.0 130.0 79.0 68.0 78.0 316.0 225.0 541.0
31854 曾宪瀚 106.0 82.0 111.0 63.0 61.0 56.0 299.0 180.0 479.0
31855 曾伊琳 102.0 99.0 105.0 79.0 46.0 75.0 306.0 200.0 506.0
31856 张随娜 105.0 87.0 112.0 79.0 60.0 80.0 304.0 219.0 523.0
31857 张育铭 95.0 66.0 114.0 87.0 73.0 66.0 275.0 226.0 501.0
31858 章滢蓥 110.0 117.0 124.0 95.0 67.0 85.0 351.0 247.0 598.0
31859 郑任翔 94.0 101.0 119.0 59.0 67.0 72.0 314.0 198.0 512.0
31860 郑子昂 102.0 82.0 128.0 83.0 67.0 81.0 312.0 231.0 543.0
31861 钟浩川 115.0 124.0 121.0 80.0 89.0 84.0 360.0 253.0 613.0
31862 周苑婷 112.0 94.0 130.0 88.0 65.0 81.0 336.0 234.0 570.0
31863 庄妍 109.0 110.0 132.0 87.0 59.0 86.0 351.0 232.0 583.0
31902 蔡卓颖 99.0 80.0 119.0 72.0 78.0 78.0 298.0 228.0 526.0
31903 陈功超 102.0 71.0 117.0 43.0 41.0 60.0 290.0 144.0 434.0
31904 陈浩宇 108.0 107.0 117.0 89.0 75.0 82.0 332.0 246.0 578.0
31905 陈红 90.0 111.0 131.0 65.0 84.0 80.0 332.0 229.0 561.0
31906 陈嘉杭 100.0 93.0 118.0 49.0 54.0 72.0 311.0 175.0 486.0
31907 陈锴灏 114.0 118.0 120.0 72.0 58.0 70.0 352.0 200.0 552.0
31908 陈孟耀 91.0 79.0 94.0 54.0 49.0 62.0 264.0 165.0 429.0
31909 陈伟杰 96.0 116.0 123.0 85.0 79.0 82.0 335.0 246.0 581.0
31910 陈宇霏 97.0 92.0 115.0 66.0 48.0 84.0 304.0 198.0 502.0
31911 陈卓妮 103.0 65.0 127.0 69.0 63.0 74.0 295.0 206.0 501.0
31912 杜振超 104.0 111.0 117.0 91.0 93.0 86.0 332.0 270.0 602.0
31913 方家颖 90.0 76.0 113.0 55.0 29.0 67.0 279.0 151.0 430.0
31915 黄超铄 115.0 95.0 118.0 68.0 85.0 81.0 328.0 234.0 562.0
31916 黄海铭 95.0 90.0 118.0 83.0 66.0 65.0 303.0 214.0 517.0
31917 黄融杰 86.0 105.0 128.0 83.0 71.0 75.0 319.0 229.0 548.0
31918 黄晓琦 94.0 80.0 115.0 53.0 58.0 72.0 289.0 183.0 472.0
31920 黄泽锴 76.0 26.0 75.0 27.0 23.0 46.0 177.0 96.0 273.0
31921 纪沛桐 99.0 90.0 110.0 81.0 70.0 70.0 299.0 221.0 520.0
31923 李光泽 97.0 75.0 107.0 84.0 41.0 78.0 279.0 203.0 482.0
31924 李鸿 111.0 104.0 125.0 80.0 70.0 77.0 340.0 227.0 567.0
31925 李林昕 92.0 89.0 120.0 77.0 64.0 68.0 301.0 209.0 510.0
31926 李欣然 99.0 78.0 124.0 70.0 56.0 78.0 301.0 204.0 505.0
31927 李鑫 87.0 89.0 116.0 56.0 46.0 77.0 292.0 179.0 471.0
31928 李彦腾 95.0 87.0 112.0 79.0 73.0 81.0 294.0 233.0 527.0
31929 林坚生 106.0 114.0 115.0 59.0 64.0 78.0 335.0 201.0 536.0
31930 林乐贤 117.0 111.0 136.0 88.0 79.0 86.0 364.0 253.0 617.0
31931 林萌子 109.0 100.0 135.0 83.0 79.0 72.0 344.0 234.0 578.0
31932 林银虹 110.0 91.0 123.0 87.0 68.0 65.0 324.0 220.0 544.0
31933 林岳青 95.0 112.0 121.0 73.0 72.0 80.0 328.0 225.0 553.0
31934 卢晓杰 113.0 133.0 133.0 93.0 88.0 79.0 379.0 260.0 639.0
31935 马思昀 97.0 93.0 123.0 71.0 71.0 79.0 313.0 221.0 534.0
31936 彭丽妹 104.0 69.0 119.0 68.0 65.0 75.0 292.0 208.0 500.0
31937 彭扬帆 81.0 91.0 122.0 82.0 56.0 78.0 294.0 216.0 510.0
31938 沈桂菱 104.0 77.0 112.0 78.0 64.0 73.0 293.0 215.0 508.0
31939 沈益聪 102.0 140.0 128.0 72.0 70.0 82.0 370.0 224.0 594.0
31940 苏思澄 96.0 109.0 103.0 86.0 51.0 53.0 308.0 190.0 498.0
31941 苏泽坤 93.0 97.0 102.0 52.0 47.0 76.0 292.0 175.0 467.0
31942 王璐 103.0 116.0 125.0 90.0 85.0 76.0 344.0 251.0 595.0
31943 王梓琦 93.0 76.0 116.0 71.0 57.0 82.0 285.0 210.0 495.0
31944 文渲 99.0 97.0 106.0 77.0 54.0 79.0 302.0 210.0 512.0
31945 翁涵 111.0 97.0 123.0 88.0 66.0 80.0 331.0 234.0 565.0
31946 吴虹燕 101.0 79.0 106.0 52.0 28.0 64.0 286.0 144.0 430.0
31947 吴佳銮 118.0 100.0 134.0 60.0 79.0 73.0 352.0 212.0 564.0
31948 吴怡玫 92.0 75.0 115.0 72.0 42.0 77.0 282.0 191.0 473.0
31949 谢罗瀚 83.0 93.0 90.0 62.0 55.0 62.0 266.0 179.0 445.0
31950 谢泽钊 94.0 85.0 113.0 66.0 69.0 64.0 292.0 199.0 491.0
31951 徐润峰 93.0 80.0 98.0 72.0 55.0 66.0 271.0 193.0 464.0
31952 许滨楠 101.0 102.0 137.0 85.0 76.0 82.0 340.0 243.0 583.0
31953 许玫 98.0 102.0 127.0 69.0 56.0 82.0 327.0 207.0 534.0
31954 许子源 91.0 74.0 108.0 61.0 43.0 57.0 273.0 161.0 434.0
31955 杨利秋 108.0 91.0 124.0 88.0 68.0 85.0 323.0 241.0 564.0
31956 余子涵 96.0 85.0 128.0 79.0 63.0 72.0 309.0 214.0 523.0
31958 张超逸 89.0 66.0 114.0 66.0 64.0 85.0 269.0 215.0 484.0
31959 张曼琪 100.0 93.0 118.0 64.0 40.0 80.0 311.0 184.0 495.0
31960 赵彦纯 89.0 105.0 126.0 80.0 76.0 82.0 320.0 238.0 558.0
31961 郑钧漾 101.0 80.0 92.0 69.0 84.0 81.0 273.0 234.0 507.0
31962 郑玮涛 107.0 97.0 128.0 83.0 82.0 81.0 332.0 246.0 578.0
31963 郑锨淇 99.0 109.0 123.0 89.0 64.0 76.0 331.0 229.0 560.0
31964 庄开翔 101.0 95.0 117.0 86.0 75.0 78.0 313.0 239.0 552.0
32001 蔡佳琪 105.0 75.0 112.0 67.0 50.0 74.0 292.0 191.0 483.0
32002 蔡淑玲 107.0 77.0 125.0 76.0 52.0 81.0 309.0 209.0 518.0
32003 蔡伟龙 103.0 86.0 113.0 69.0 54.0 80.0 302.0 203.0 505.0
32004 陈博涵 95.0 111.0 117.0 78.0 85.0 77.0 323.0 240.0 563.0
32005 陈畅洪 96.0 71.0 103.0 73.0 57.0 56.0 270.0 186.0 456.0
32006 陈润洋 93.0 102.0 120.0 88.0 76.0 81.0 315.0 245.0 560.0
32007 陈思桦 108.0 89.0 125.0 75.0 62.0 83.0 322.0 220.0 542.0
32008 陈雪仪 107.0 90.0 115.0 89.0 70.0 81.0 312.0 240.0 552.0
32009 洪奕祥 107.0 103.0 111.0 85.0 67.0 79.0 321.0 231.0 552.0
32010 胡期升 90.0 107.0 128.0 81.0 65.0 69.0 325.0 215.0 540.0
32011 黄斌伟 93.0 75.0 116.0 90.0 64.0 80.0 284.0 234.0 518.0
32012 黄洪雯 105.0 69.0 109.0 68.0 64.0 70.0 283.0 202.0 485.0
32013 黄敏华 102.0 95.0 120.0 69.0 59.0 65.0 317.0 193.0 510.0
32014 黄舜娴 90.0 84.0 115.0 79.0 59.0 80.0 289.0 218.0 507.0
32015 黄于峻 91.0 68.0 96.0 54.0 46.0 68.0 255.0 168.0 423.0
32016 纪梓荣 100.0 102.0 116.0 64.0 57.0 74.0 318.0 195.0 513.0
32017 李东烁 93.0 104.0 122.0 67.0 68.0 67.0 319.0 202.0 521.0
32018 李洁 109.0 88.0 127.0 98.0 77.0 85.0 324.0 260.0 584.0
32019 李易霖 105.0 65.0 116.0 71.0 51.0 79.0 286.0 201.0 487.0
32020 李治 99.0 114.0 119.0 88.0 79.0 76.0 332.0 243.0 575.0
32021 李卓明 96.0 101.0 131.0 89.0 86.0 83.0 328.0 258.0 586.0
32022 林佳煌 112.0 100.0 116.0 79.0 78.0 82.0 328.0 239.0 567.0
32023 林钦鸿 100.0 133.0 123.0 96.0 66.0 71.0 356.0 233.0 589.0
32024 林小琪 100.0 107.0 111.0 71.0 76.0 72.0 318.0 219.0 537.0
32025 林烨 111.0 92.0 127.0 66.0 80.0 80.0 330.0 226.0 556.0
32027 刘旭东 95.0 109.0 116.0 89.0 80.0 74.0 320.0 243.0 563.0
32028 刘依菁 109.0 93.0 121.0 85.0 76.0 82.0 323.0 243.0 566.0
32029 刘悦韵 107.0 105.0 119.0 64.0 71.0 81.0 331.0 216.0 547.0
32030 马洪量 92.0 82.0 104.0 64.0 58.0 68.0 278.0 190.0 468.0
32031 马茵茵 88.0 64.0 111.0 57.0 50.0 53.0 263.0 160.0 423.0
32032 潘莹涵 96.0 80.0 107.0 54.0 35.0 61.0 283.0 150.0 433.0
32033 沈敏勇 102.0 119.0 127.0 73.0 86.0 83.0 348.0 242.0 590.0
32034 沈晓燕 108.0 115.0 116.0 88.0 76.0 83.0 339.0 247.0 586.0
32035 苏诚章 93.0 100.0 121.0 90.0 70.0 79.0 314.0 239.0 553.0
32036 唐梦洋 80.0 47.0 87.0 36.0 43.0 65.0 214.0 144.0 358.0
32037 王灿杜 100.0 90.0 118.0 79.0 73.0 74.0 308.0 226.0 534.0
32038 王鸿吉 95.0 84.0 106.0 78.0 46.0 62.0 285.0 186.0 471.0
32039 王杰鑫 120.0 108.0 131.0 86.0 67.0 80.0 359.0 233.0 592.0
32040 王泽锴 103.0 68.0 102.0 51.0 40.0 74.0 273.0 165.0 438.0
32041 王子铟 105.0 86.0 123.0 87.0 77.0 77.0 314.0 241.0 555.0
32042 吴斯彤 94.0 89.0 121.0 70.0 54.0 82.0 304.0 206.0 510.0
32044 谢锦珊 106.0 94.0 109.0 76.0 74.0 83.0 309.0 233.0 542.0
32045 谢铠羽 88.0 71.0 116.0 63.0 47.0 56.0 275.0 166.0 441.0
32046 谢婉婷 111.0 83.0 123.0 56.0 64.0 75.0 317.0 195.0 512.0
32047 谢懿锐 100.0 87.0 102.0 66.0 56.0 71.0 289.0 193.0 482.0
32048 徐英芸 101.0 89.0 125.0 66.0 64.0 73.0 315.0 203.0 518.0
32049 许晓刚 109.0 114.0 117.0 71.0 81.0 82.0 340.0 234.0 574.0
32050 许永泓 109.0 125.0 132.0 94.0 80.0 79.0 366.0 253.0 619.0
32051 颜莞尔 107.0 83.0 97.0 82.0 62.0 78.0 287.0 222.0 509.0
32052 姚树耿 100.0 94.0 118.0 76.0 81.0 81.0 312.0 238.0 550.0
32053 姚悦扬 97.0 84.0 121.0 67.0 48.0 75.0 302.0 190.0 492.0
32054 余钊 75.0 49.0 94.0 49.0 47.0 64.0 218.0 160.0 378.0
32055 詹金伟 100.0 91.0 106.0 80.0 68.0 71.0 297.0 219.0 516.0
32056 张皓洵 87.0 85.0 108.0 85.0 58.0 85.0 280.0 228.0 508.0
32057 张扬 101.0 83.0 113.0 49.0 79.0 86.0 297.0 214.0 511.0
32058 张奕欣 86.0 65.0 104.0 43.0 26.0 63.0 255.0 132.0 387.0
32059 郑铠 97.0 101.0 107.0 80.0 66.0 74.0 305.0 220.0 525.0
32060 郑哲然 105.0 115.0 116.0 98.0 84.0 77.0 336.0 259.0 595.0
32061 周泽妍 100.0 81.0 115.0 76.0 51.0 79.0 296.0 206.0 502.0
32062 周子毓 99.0 62.0 113.0 34.0 45.0 59.0 274.0 138.0 412.0
30430 沈丹琼 98 119 122 82 91 80 339 253 592
30433 韦昕澄 98 114 133 101 81 84 345 266 611
30444 许可淳 109 144 136 89 83 77 389 249 638
30447 许旭东 106 118 131 86 88 78 355 252 607
30451 杨芷涵 114 101 134 90 85 77 349 252 601
30457 郑沐林 117 120 130 90 72 82 367 244 611
30520 黄泓鉴 99 128 126 96 74 77 353 247 600
30650 杨金满 102 117 127 91 84 84 346 259 605
30654 余信荣 98 106 134 87 80 80 338 247 585
30714 陈晓雯 111 116 132 102 84 81 359 267 626
30805 陈丹仪 110 108 133 93 83 80 351 256 607
30828 林炳丽 104 109 132 97 61 83 345 241 586
30850 曾宇丹 100 126 126 87 90 84 352 261 613
30859 周弋钿 110 104 131 93 71 77 345 241 586
30955 张涵 111 101 129 85 74 75 341 234 575
31038 王新荣 115 102 134 99 81 84 351 264 615
31059 郑伟纯 107 125 130 85 77 85 362 247 609
31062 庄杰涛 115 123 132 77 92 83 370 252 622
31106 陈斯昂 107 132 135 108 87 83 374 278 652
31242 吴捷健 114 113 136 101 96 88 363 285 648
31260 周名弦 105 127 131 89 87 85 363 261 624
31307 陈文博 91 133 122 92 88 80 346 260 606
31312 黄宇阳 113 127 130 98 78 85 370 261 631
31352 曾博宇 101 103 128 70 90 77 332 237 569
31412 陈佐治 108 128 132 98 79 86 368 263 631
31430 刘易恺 100 124 129 99 83 72 353 254 607
31555 郑杰 106 134 119 102 83 79 359 264 623
31616 黄浩扬 108 122 130 94 74 77 360 245 605
31633 刘思煌 113 100 123 106 90 82 336 278 614
31636 柳婷 109 90 133 90 90 81 332 261 593
31659 郑林楷 71 101 95 99 59 79 267 237 504
31728 卢荣泰 116 127 132 91 84 79 375 254 629
31814 黄昕仪 111 147 132 84 88 84 390 256 646
31842 王振东 89 123 126 106 76 84 338 266 604
31901 蔡育铮 106 138 131 89 74 84 375 247 622
31914 郭佳鑫 104 130 128 91 72 68 362 231 593
31922 李岱谚 108 146 133 99 91 78 387 268 655
32026 刘艾莉 103 112 124 96 73 77 339 246 585
32043 吴泽锐 112 108 136 84 86 83 356 253 609
30415 李艺晴 112 88 125 88 82 84 325 254 579
30729 李沛熙 97 137 114 101 93 83 348 277 625

