30401 陈柏林 106.0 113.0 126.3 69.0 70.0 69.0 345.3 208.0 553.3
30402 陈东晓 105.0 99.0 111.1 71.0 78.0 63.0 315.1 212.0 527.1
30403 陈冬仪 106.0 108.0 120.0 51.0 72.0 75.0 334.0 198.0 532.0
30404 陈金洲 106.0 120.0 136.3 82.0 78.0 84.0 362.3 244.0 606.3
30405 陈淑妍 101.0 89.0 137.3 57.0 68.0 78.0 327.3 203.0 530.3
30406 胡楷宇 104.0 107.0 127.3 59.0 56.0 72.0 338.3 187.0 525.3
30407 胡昱 119.0 93.0 137.8 70.0 82.0 83.0 349.8 235.0 584.8
30408 黄艾琪 112.0 123.0 141.4 57.0 87.0 67.0 376.4 211.0 587.4
30409 黄狄林 113.0 109.0 133.9 65.0 75.0 73.0 355.9 213.0 568.9
30410 黄琳婷 114.0 98.0 140.1 50.0 57.0 75.0 352.1 182.0 534.1
30411 黄云进 108.0 103.0 134.2 60.0 82.0 74.0 345.2 216.0 561.2
30412 纪慧煊 112.0 121.0 133.1 68.0 57.0 77.0 366.1 202.0 568.1
30413 蓝玉奇 113.0 118.0 137.4 51.0 64.0 70.0 368.4 185.0 553.4
30414 李宏森 104.0 79.0 107.8 33.0 49.0 61.0 290.8 143.0 433.8
30416 李兆捷 105.0 124.0 134.1 73.0 80.0 67.0 363.1 220.0 583.1
30417 林达 109.0 89.0 134.2 68.0 67.0 71.0 332.2 206.0 538.2
30418 林镜辉 96.0 108.0 123.1 54.0 61.0 74.0 327.1 189.0 516.1
30419 林永佳 106.0 94.0 125.6 55.0 59.0 61.0 325.6 175.0 500.6
30420 林昱霖 97.0 112.0 101.0 79.0 79.0 79.0 310.0 237.0 547.0
30421 林泽楷 114.0 123.0 129.1 67.0 87.0 76.0 366.1 230.0 596.1
30422 刘琳菲 108.0 104.0 132.4 61.0 63.0 72.0 344.4 196.0 540.4
30424 卢涵 117.0 95.0 139.0 73.0 62.0 74.0 351.0 209.0 560.0
30425 卢昕玥 115.0 119.0 139.1 48.0 71.0 77.0 373.1 196.0 569.1
30426 卢彦宇 109.0 104.0 131.4 67.0 56.0 71.0 344.4 194.0 538.4
30427 罗亦宋 102.0 75.0 136.8 68.0 70.0 78.0 313.8 216.0 529.8
30428 麦扬 102.0 127.0 115.1 52.0 76.0 73.0 344.1 201.0 545.1
30429 邵彦程 98.0 90.0 121.1 41.0 66.0 70.0 309.1 177.0 486.1
30431 王磊 115.0 120.0 140.0 82.0 71.0 80.0 375.0 233.0 608.0
30432 王震霆 90.0 107.0 97.8 54.0 49.0 47.0 294.8 150.0 444.8
30434 魏桐曦 103.0 116.0 136.9 78.0 68.0 69.0 355.9 215.0 570.9
30435 翁铭捷 108.0 101.0 131.9 66.0 72.0 72.0 340.9 210.0 550.9
30437 吴婕洵 122.0 106.0 135.2 51.0 64.0 74.0 363.2 189.0 552.2
30438 吴郁楠 105.0 89.0 129.6 55.0 71.0 70.0 323.6 196.0 519.6
30439 吴泽峰 111.0 116.0 133.5 70.0 56.0 75.0 360.5 201.0 561.5
30440 吴植慧 94.0 94.0 114.4 49.0 46.0 65.0 302.4 160.0 462.4
30441 谢庆欣 100.0 87.0 138.0 62.0 53.0 74.0 325.0 189.0 514.0
30442 辛孜玫 125.0 93.0 125.6 65.0 71.0 55.0 343.6 191.0 534.6
30443 徐浩锴 117.0 107.0 137.7 73.0 61.0 58.0 361.7 192.0 553.7
30445 许林菁 111.0 104.0 131.9 71.0 69.0 79.0 346.9 219.0 565.9
30446 许统辉 101.0 113.0 119.7 56.0 77.0 63.0 333.7 196.0 529.7
30448 杨博锐 108.0 66.0 122.9 53.0 50.0 73.0 296.9 176.0 472.9
30449 杨乔 114.0 87.0 124.6 42.0 53.0 78.0 325.6 173.0 498.6
30450 杨宇镔 101.0 91.0 121.7 46.0 57.0 57.0 313.7 160.0 473.7
30452 姚楷炫 121.0 123.0 135.3 79.0 80.0 76.0 379.3 235.0 614.3
30453 张若涵 114.0 110.0 138.9 52.0 55.0 69.0 362.9 176.0 538.9
30454 张雪妍 107.0 85.0 133.9 45.0 76.0 59.0 325.9 180.0 505.9
30455 赵明明 120.0 101.0 131.1 62.0 61.0 72.0 352.1 195.0 547.1
30456 赵晓明 108.0 100.0 133.5 55.0 64.0 61.0 341.5 180.0 521.5
30459 钟献彪 107.0 95.0 133.5 64.0 78.0 65.0 335.5 207.0 542.5
30460 周梓勃 96.0 91.0 141.8 65.0 76.0 63.0 328.8 204.0 532.8
30461 朱丹琪 104.0 123.0 143.4 91.0 69.0 80.0 370.4 240.0 610.4
30462 庄漪婷 106.0 92.0 127.3 61.0 41.0 67.0 325.3 169.0 494.3
30501 蔡苑虹 114.0 121.0 141.4 76.0 92.0 65.0 376.4 233.0 609.4
30502 陈福溢 102.0 90.0 136.2 63.0 60.0 63.0 328.2 186.0 514.2
30503 陈泓 106.0 81.0 134.1 50.0 50.0 69.0 321.1 169.0 490.1
30504 陈佳泓 111.0 105.0 133.4 67.0 66.0 68.0 349.4 201.0 550.4
30505 陈嘉胜 110.0 77.0 121.7 48.0 58.0 70.0 308.7 176.0 484.7
30506 陈丽娜 109.0 115.0 126.2 69.0 73.0 60.0 350.2 202.0 552.2
30507 陈沛震 104.0 92.0 114.8 52.0 72.0 59.0 310.8 183.0 493.8
30508 陈乔林 113.0 109.0 133.1 66.0 77.0 73.0 355.1 216.0 571.1
30509 陈疏桐 119.0 124.0 141.3 84.0 86.0 76.0 384.3 246.0 630.3
30510 陈欣洋 107.0 105.0 120.4 59.0 32.0 69.0 332.4 160.0 492.4
30511 陈雅琪 115.0 105.0 132.3 76.0 77.0 82.0 352.3 235.0 587.3
30512 陈一凡 111.0 130.0 133.9 75.0 80.0 81.0 374.9 236.0 610.9
30514 陈煜琳 111.0 105.0 132.9 61.0 76.0 73.0 348.9 210.0 558.9
30515 陈梓瀚 114.0 108.0 123.5 61.0 74.0 74.0 345.5 209.0 554.5
30516 陈梓霓 105.0 105.0 134.5 59.0 67.0 69.0 344.5 195.0 539.5
30517 陈梓宇 102.0 113.0 139.7 63.0 76.0 76.0 354.7 215.0 569.7
30518 方灿鸿 100.0 107.0 124.1 59.0 68.0 79.0 331.1 206.0 537.1
30519 郭梓淇 104.0 91.0 130.1 51.0 55.0 52.0 325.1 158.0 483.1
30521 黄金涛 94.0 91.0 126.9 57.0 69.0 65.0 311.9 191.0 502.9
30522 黄式铨 109.0 123.0 136.2 64.0 77.0 72.0 368.2 213.0 581.2
30523 黄孜睿 94.0 89.0 136.2 48.0 89.0 66.0 319.2 203.0 522.2
30524 江卓聪 109.0 117.0 131.8 76.0 70.0 68.0 357.8 214.0 571.8
30525 李依璘 103.0 88.0 141.8 64.0 70.0 69.0 332.8 203.0 535.8
30526 李子聪 108.0 119.0 135.8 78.0 62.0 81.0 362.8 221.0 583.8
30527 林钡钡 107.0 114.0 135.3 81.0 84.0 82.0 356.3 247.0 603.3
30528 林洁萍 112.0 99.0 124.5 74.0 72.0 70.0 335.5 216.0 551.5
30529 林煜涛 95.0 110.0 123.6 66.0 75.0 76.0 328.6 217.0 545.6
30530 林泽滢 111.0 115.0 127.3 53.0 64.0 71.0 353.3 188.0 541.3
30531 刘榕飒 108.0 104.0 130.3 70.0 73.0 72.0 342.3 215.0 557.3
30532 陆凡冰 105.0 131.0 134.5 74.0 79.0 70.0 370.5 223.0 593.5
30533 马万里 107.0 79.0 121.3 57.0 70.0 74.0 307.3 201.0 508.3
30535 潘俞霏 116.0 104.0 130.0 72.0 61.0 71.0 350.0 204.0 554.0
30536 沈哲沛 96.0 81.0 115.8 52.0 61.0 73.0 292.8 186.0 478.8
30537 孙玮 104.0 98.0 127.2 52.0 68.0 70.0 329.2 190.0 519.2
30539 王天乐 112.0 101.0 112.0 48.0 64.0 60.0 325.0 172.0 497.0
30540 吴博 103.0 109.0 137.3 82.0 74.0 61.0 349.3 217.0 566.3
30541 吴佳芸 110.0 96.0 130.7 55.0 66.0 78.0 336.7 199.0 535.7
30542 吴淇升 113.0 100.0 131.3 48.0 75.0 67.0 344.3 190.0 534.3
30543 吴易达 96.0 115.0 130.7 65.0 76.0 69.0 341.7 210.0 551.7
30544 肖泽楷 120.0 114.0 134.6 69.0 65.0 66.0 368.6 200.0 568.6
30545 谢函瀚 111.0 86.0 126.9 54.0 67.0 75.0 323.9 196.0 519.9
30547 谢思婷 109.0 102.0 134.5 66.0 69.0 76.0 345.5 211.0 556.5
30548 谢育锋 111.0 85.0 118.7 61.0 76.0 82.0 314.7 219.0 533.7
30549 徐芷欣 104.0 94.0 139.0 54.0 62.0 61.0 337.0 177.0 514.0
30550 杨昕 117.0 108.0 136.2 73.0 71.0 74.0 361.2 218.0 579.2
30551 姚雪萍 92.0 100.0 128.0 43.0 57.0 54.0 320.0 154.0 474.0
30552 姚逸峰 103.0 104.0 134.6 73.0 61.0 58.0 341.6 192.0 533.6
30553 余泓涛 107.0 86.0 116.9 62.0 60.0 65.0 309.9 187.0 496.9
30554 余珮镕 108.0 94.0 134.6 50.0 58.0 76.0 336.6 184.0 520.6
30555 曾烁 100.0 91.0 115.6 57.0 44.0 65.0 306.6 166.0 472.6
30556 张基烨 117.0 117.0 133.5 83.0 78.0 76.0 367.5 237.0 604.5
30557 张锦河 104.0 84.0 132.1 60.0 86.0 69.0 320.1 215.0 535.1
30558 张子斌 108.0 119.0 122.9 72.0 88.0 78.0 349.9 238.0 587.9
30559 张宗泽 105.0 106.0 131.3 55.0 80.0 71.0 342.3 206.0 548.3
30560 郑涵 110.0 129.0 138.4 74.0 81.0 69.0 377.4 224.0 601.4
30561 郑主加 93.0 92.0 125.8 35.0 57.0 69.0 310.8 161.0 471.8
30562 钟婉灵 109.0 116.0 132.3 54.0 55.0 53.0 357.3 162.0 519.3
30563 周哲 103.0 121.0 129.6 68.0 70.0 78.0 353.6 216.0 569.6
30601 蔡楚怡 104.0 73.0 131.1 73.0 81.0 68.0 308.1 222.0 530.1
30602 蔡瀚锋 104.0 106.0 135.6 67.0 67.0 69.0 345.6 203.0 548.6
30603 蔡弋炀 102.0 110.0 135.3 60.0 84.0 65.0 347.3 209.0 556.3
30604 陈金涛 117.0 90.0 126.4 74.0 85.0 64.0 333.4 223.0 556.4
30605 陈谨 106.0 89.0 122.1 45.0 56.0 59.0 317.1 160.0 477.1
30606 陈庆 81.0 97.0 129.1 57.0 43.0 70.0 307.1 170.0 477.1
30607 陈帅琦 104.0 109.0 133.9 63.0 77.0 65.0 346.9 205.0 551.9
30608 陈锶涛 99.0 79.0 114.5 58.0 51.0 61.0 292.5 170.0 462.5
30609 陈雅文 112.0 107.0 142.4 74.0 71.0 61.0 361.4 206.0 567.4
30610 陈妍 105.0 117.0 140.8 60.0 71.0 71.0 362.8 202.0 564.8
30611 陈振霖 101.0 94.0 111.7 61.0 66.0 80.0 306.7 207.0 513.7
30612 陈震寅 96.0 124.0 110.3 51.0 84.0 57.0 330.3 192.0 522.3
30613 陈梓泓 107.0 105.0 127.3 78.0 75.0 60.0 339.3 213.0 552.3
30614 陈梓演 94.0 70.0 0 48.0 56.0 66.0 0 170.0 0
30615 戴德燊 108.0 119.0 131.3 70.0 80.0 79.0 358.3 229.0 587.3
30616 方家浩 107.0 100.0 135.6 79.0 83.0 76.0 342.6 238.0 580.6
30617 方玮绚 122.0 117.0 131.3 63.0 63.0 73.0 370.3 199.0 569.3
30618 方小涵 113.0 98.0 140.7 53.0 65.0 68.0 351.7 186.0 537.7
30619 方梓昊 105.0 102.0 137.9 51.0 39.0 78.0 344.9 168.0 512.9
30620 郭悦宁 102.0 91.0 124.5 41.0 72.0 77.0 317.5 190.0 507.5
30621 郭滋涵 84.0 38.0 66.5 21.0 22.0 34.0 188.5 77.0 265.5
30622 洪斯沛 112.0 114.0 137.9 55.0 65.0 69.0 363.9 189.0 552.9
30623 黄蔓蔓 108.0 103.0 130.3 55.0 61.0 72.0 341.3 188.0 529.3
30624 黄树炫 109.0 130.0 136.3 75.0 76.0 78.0 375.3 229.0 604.3
30625 黄晚至 113.0 99.0 131.9 55.0 68.0 75.0 343.9 198.0 541.9
30626 黄粤奇 100.0 66.0 123.4 71.0 79.0 73.0 289.4 223.0 512.4
30627 李传璞 103.0 69.0 140.8 78.0 72.0 74.0 312.8 224.0 536.8
30628 李科谋 109.0 119.0 140.1 77.0 68.0 82.0 368.1 227.0 595.1
30629 李婉宜 115.0 113.0 131.3 79.0 65.0 75.0 359.3 219.0 578.3
30630 李心彤 97.0 83.0 120.0 54.0 65.0 72.0 300.0 191.0 491.0
30631 梁婧 107.0 110.0 116.5 50.0 65.0 72.0 333.5 187.0 520.5
30632 林琦 108.0 131.0 126.8 52.0 83.0 80.0 365.8 215.0 580.8
30633 林润峰 104.0 83.0 127.3 41.0 68.0 72.0 314.3 181.0 495.3
30634 林烁 104.0 108.0 118.3 51.0 64.0 69.0 330.3 184.0 514.3
30635 林钰祺 104.0 120.0 137.4 64.0 76.0 70.0 361.4 210.0 571.4
30636 林泽聪 113.0 106.0 134.6 75.0 88.0 79.0 353.6 242.0 595.6
30637 林泽娜 105.0 104.0 127.3 60.0 56.0 69.0 336.3 185.0 521.3
30638 刘学智 109.0 101.0 125.8 77.0 73.0 77.0 335.8 227.0 562.8
30639 马思奇 115.0 103.0 128.4 70.0 81.0 82.0 346.4 233.0 579.4
30640 佘卓键 109.0 89.0 111.1 55.0 70.0 61.0 309.1 186.0 495.1
30641 沈畅泳 114.0 91.0 129.7 77.0 79.0 85.0 334.7 241.0 575.7
30642 汤庆琳 103.0 88.0 131.1 35.0 40.0 56.0 322.1 131.0 453.1
30643 王嘉如 111.0 76.0 127.8 63.0 75.0 78.0 314.8 216.0 530.8
30644 王琳 112.0 90.0 131.8 53.0 73.0 76.0 333.8 202.0 535.8
30645 王梓渲 112.0 100.0 131.8 85.0 65.0 70.0 343.8 220.0 563.8
30646 吴文澜 106.0 101.0 129.6 52.0 78.0 61.0 336.6 191.0 527.6
30647 吴妍 112.0 107.0 128.4 66.0 69.0 74.0 347.4 209.0 556.4
30648 许夏帆 117.0 119.0 135.1 70.0 83.0 76.0 371.1 229.0 600.1
30649 许烨琪 107.0 94.0 122.8 64.0 65.0 71.0 323.8 200.0 523.8
30652 杨依云 110.0 115.0 139.6 69.0 73.0 79.0 364.6 221.0 585.6
30653 蚁维聪 108.0 102.0 122.4 70.0 67.0 76.0 332.4 213.0 545.4
30655 喻子韬 108.0 99.0 136.3 69.0 83.0 79.0 343.3 231.0 574.3
30656 詹育东 104.0 123.0 110.0 86.0 70.0 69.0 337.0 225.0 562.0
30657 张棣炫 109.0 106.0 136.9 63.0 52.0 65.0 351.9 180.0 531.9
30658 张欣悦 124.0 102.0 137.3 72.0 85.0 67.0 363.3 224.0 587.3
30659 郑东能 114.0 142.0 130.1 101.0 83.0 81.0 386.1 265.0 651.1
30660 郑凯元 107.0 118.0 132.8 70.0 83.0 72.0 357.8 225.0 582.8
30661 郑泽楠 105.0 96.0 131.3 70.0 58.0 75.0 332.3 203.0 535.3
30662 钟贝琪 101.0 110.0 136.1 65.0 71.0 67.0 347.1 203.0 550.1
30663 周盈贝 95.0 87.0 131.3 46.0 72.0 67.0 313.3 185.0 498.3
30701 蔡博涵 106.0 93.0 115.6 68.0 77.0 63.0 314.6 208.0 522.6
30702 蔡琪 101.0 99.0 111.6 59.0 48.0 56.0 311.6 163.0 474.6
30703 蔡淑熙 114.0 99.0 134.1 62.0 56.0 64.0 347.1 182.0 529.1
30704 蔡晓仪 120.0 95.0 136.2 82.0 72.0 69.0 351.2 223.0 574.2
30705 蔡泽莹 112.0 109.0 135.8 44.0 52.0 74.0 356.8 170.0 526.8
30708 陈畅 102.0 116.0 133.1 68.0 60.0 74.0 351.1 202.0 553.1
30709 陈铎仑 115.0 114.0 135.8 84.0 92.0 77.0 364.8 253.0 617.8
30710 陈俊成 111.0 134.0 136.4 96.0 91.0 76.0 381.4 263.0 644.4
30711 陈思冰 100.0 62.0 131.1 64.0 61.0 58.0 293.1 183.0 476.1
30712 陈思桦 112.0 109.0 116.6 52.0 56.0 70.0 337.6 178.0 515.6
30713 陈武杰 103.0 107.0 123.4 59.0 75.0 56.0 333.4 190.0 523.4
30715 陈奕纯 112.0 101.0 132.4 49.0 77.0 64.0 345.4 190.0 535.4
30716 陈钟之 106.0 113.0 133.5 71.0 82.0 79.0 352.5 232.0 584.5
30717 陈梓博 117.0 99.0 135.9 71.0 71.0 77.0 351.9 219.0 570.9
30719 丁烜 94.0 84.0 95.9 50.0 49.0 63.0 273.9 162.0 435.9
30720 杜昕 105.0 113.0 123.4 62.0 73.0 72.0 341.4 207.0 548.4
30721 杜展 113.0 125.0 129.0 79.0 74.0 72.0 367.0 225.0 592.0
30722 郭枫阳 119.0 115.0 135.6 82.0 83.0 70.0 369.6 235.0 604.6
30723 洪欣苑 104.0 101.0 120.6 54.0 64.0 65.0 325.6 183.0 508.6
30724 洪梓昂 108.0 103.0 135.1 75.0 57.0 71.0 346.1 203.0 549.1
30725 黄心婷 105.0 114.0 142.4 64.0 73.0 79.0 361.4 216.0 577.4
30726 黄芷琳 112.0 110.0 137.9 50.0 70.0 66.0 359.9 186.0 545.9
30727 李博恩 115.0 102.0 132.4 79.0 77.0 74.0 349.4 230.0 579.4
30728 李恺寰 105.0 111.0 136.8 68.0 72.0 79.0 352.8 219.0 571.8
30730 李翊亨 115.0 92.0 129.4 64.0 64.0 80.0 336.4 208.0 544.4
30731 林宏杰 102.0 121.0 121.3 62.0 67.0 70.0 344.3 199.0 543.3
30732 林熙 107.0 101.0 123.9 65.0 56.0 55.0 331.9 176.0 507.9
30733 林映含 116.0 108.0 137.8 73.0 89.0 66.0 361.8 228.0 589.8
30734 林芸 112.0 107.0 133.4 80.0 77.0 83.0 352.4 240.0 592.4
30735 刘乐欣 114.0 111.0 137.3 76.0 81.0 67.0 362.3 224.0 586.3
30736 刘依雯 111.0 65.0 133.6 46.0 35.0 67.0 309.6 148.0 457.6
30737 刘雨奇 116.0 133.0 138.4 76.0 90.0 74.0 387.4 240.0 627.4
30738 刘子烁 111.0 87.0 137.7 68.0 70.0 77.0 335.7 215.0 550.7
30739 陆伟坤 106.0 110.0 113.9 54.0 67.0 65.0 329.9 186.0 515.9
30740 马学宽 99.0 111.0 132.8 62.0 84.0 73.0 342.8 219.0 561.8
30741 彭博澄 111.0 105.0 137.3 79.0 86.0 77.0 353.3 242.0 595.3
30742 邱可盈 100.0 119.0 130.6 70.0 66.0 80.0 349.6 216.0 565.6
30743 佘晓仪 97.0 67.0 110.6 30.0 53.0 60.0 274.6 143.0 417.6
30745 苏烁航 108.0 88.0 124.8 67.0 63.0 63.0 320.8 193.0 513.8
30746 苏斯楠 105.0 94.0 117.3 64.0 73.0 70.0 316.3 207.0 523.3
30747 孙润楷 110.0 96.0 136.2 56.0 78.0 77.0 342.2 211.0 553.2
30748 吴佳生 103.0 110.0 129.7 67.0 76.0 77.0 342.7 220.0 562.7
30749 吴昕 98.0 60.0 120.7 46.0 61.0 59.0 278.7 166.0 444.7
30750 谢伟坤 100.0 87.0 130.8 68.0 65.0 75.0 317.8 208.0 525.8
30751 谢宗泰 111.0 102.0 121.9 66.0 67.0 72.0 334.9 205.0 539.9
30752 徐子媛 113.0 94.0 133.9 59.0 63.0 66.0 340.9 188.0 528.9
30753 许楷扬 105.0 99.0 130.3 55.0 58.0 74.0 334.3 187.0 521.3
30754 许艺瀛 102.0 92.0 130.1 70.0 71.0 74.0 324.1 215.0 539.1
30755 杨深林 121.0 118.0 133.8 60.0 70.0 80.0 372.8 210.0 582.8
30756 杨烨爽 110.0 129.0 131.3 69.0 79.0 74.0 370.3 222.0 592.3
30757 叶乐萱 119.0 122.0 142.3 83.0 89.0 81.0 383.3 253.0 636.3
30758 张睿 105.0 109.0 130.3 77.0 60.0 69.0 344.3 206.0 550.3
30759 张少伟 98.0 109.0 126.6 76.0 61.0 59.0 333.6 196.0 529.6
30760 张煜坚 105.0 105.0 138.6 61.0 63.0 69.0 348.6 193.0 541.6
30761 郑逸晖 117.0 114.0 141.8 94.0 71.0 66.0 372.8 231.0 603.8
30762 钟耿钦 95.0 108.0 122.6 69.0 77.0 71.0 325.6 217.0 542.6
30801 蔡筱蕊 110.0 82.0 131.3 49.0 65.0 59.0 323.3 173.0 496.3
30802 蔡奕桐 99.0 97.0 114.9 61.0 68.0 66.0 310.9 195.0 505.9
30803 蔡泽泓 106.0 98.0 128.6 54.0 68.0 70.0 332.6 192.0 524.6
30804 陈达可 112.0 106.0 137.9 84.0 87.0 79.0 355.9 250.0 605.9
30806 陈锴榆 107.0 107.0 123.9 76.0 83.0 78.0 337.9 237.0 574.9
30807 陈润慷 101.0 105.0 112.4 66.0 75.0 75.0 318.4 216.0 534.4
30808 陈淑芳 109.0 93.0 121.3 48.0 42.0 47.0 323.3 137.0 460.3
30809 陈彦宇 101.0 102.0 122.9 56.0 59.0 54.0 325.9 169.0 494.9
30810 陈钰琦 94.0 78.0 131.8 34.0 28.0 53.0 303.8 115.0 418.8
30811 陈志航 99.0 86.0 114.5 47.0 27.0 59.0 299.5 133.0 432.5
30812 单浩铭 103.0 96.0 124.6 55.0 66.0 70.0 323.6 191.0 514.6
30813 董煜然 94.0 93.0 121.9 82.0 76.0 68.0 308.9 226.0 534.9
30814 杜庚育 110.0 108.0 139.7 75.0 87.0 84.0 357.7 246.0 603.7
30816 方殷锴 117.0 111.0 138.0 73.0 84.0 75.0 366.0 232.0 598.0
30817 葛颖 104.0 99.0 130.1 72.0 69.0 55.0 333.1 196.0 529.1
30818 郭粉红 107.0 84.0 129.6 48.0 55.0 72.0 320.6 175.0 495.6
30819 郭景瀚 102.0 111.0 119.6 59.0 61.0 63.0 332.6 183.0 515.6
30820 洪立强 113.0 91.0 130.1 56.0 42.0 62.0 334.1 160.0 494.1
30821 洪少锐 108.0 101.0 124.6 77.0 73.0 67.0 333.6 217.0 550.6
30822 黄端 101.0 119.0 132.4 90.0 69.0 72.0 352.4 231.0 583.4
30823 黄丰 110.0 108.0 125.6 68.0 69.0 79.0 343.6 216.0 559.6
30824 黄俊斐 113.0 111.0 120.6 77.0 85.0 83.0 344.6 245.0 589.6
30825 黄可欣 107.0 127.0 142.8 77.0 80.0 78.0 376.8 235.0 611.8
30826 金泽薰 115.0 101.0 134.1 69.0 76.0 85.0 350.1 230.0 580.1
30827 蓝旸 94.0 81.0 126.8 43.0 61.0 71.0 301.8 175.0 476.8
30829 林栾荀 110.0 106.0 127.2 68.0 83.0 63.0 343.2 214.0 557.2
30830 林若彤 109.0 106.0 135.8 70.0 86.0 74.0 350.8 230.0 580.8
30831 林晓纯 111.0 122.0 141.4 65.0 74.0 76.0 374.4 215.0 589.4
30832 林钇 98.0 110.0 136.3 68.0 84.0 81.0 344.3 233.0 577.3
30833 林毓莹 110.0 77.0 133.9 41.0 76.0 65.0 320.9 182.0 502.9
30834 林泽凯 107.0 83.0 118.6 56.0 68.0 64.0 308.6 188.0 496.6
30835 刘尔嘉 109.0 108.0 131.7 70.0 65.0 70.0 348.7 205.0 553.7
30836 马旭宁 102.0 114.0 131.3 78.0 70.0 74.0 347.3 222.0 569.3
30837 彭诗妍 100.0 71.0 114.4 54.0 76.0 78.0 285.4 208.0 493.4
30838 宋洁榕 107.0 90.0 137.4 50.0 72.0 74.0 334.4 196.0 530.4
30839 王绿蔚 105.0 105.0 126.1 73.0 66.0 69.0 336.1 208.0 544.1
30840 王维佳 106.0 88.0 118.8 61.0 61.0 62.0 312.8 184.0 496.8
30841 王知往 105.0 88.0 129.0 56.0 57.0 72.0 322.0 185.0 507.0
30842 王志扬 106.0 110.0 115.5 70.0 76.0 61.0 331.5 207.0 538.5
30843 温一海 107.0 81.0 131.6 59.0 64.0 74.0 319.6 197.0 516.6
30844 吴丹妮 107.0 104.0 134.5 59.0 54.0 56.0 345.5 169.0 514.5
30845 吴赋 107.0 117.0 121.1 86.0 83.0 85.0 345.1 254.0 599.1
30846 吴润铭 114.0 94.0 122.9 59.0 53.0 59.0 330.9 171.0 501.9
30847 吴夏韵 113.0 113.0 118.4 70.0 67.0 66.0 344.4 203.0 547.4
30848 辛铄浩 104.0 105.0 121.1 78.0 84.0 64.0 330.1 226.0 556.1
30849 杨婷婷 119.0 99.0 129.4 52.0 51.0 55.0 347.4 158.0 505.4
30851 曾宇煌 104.0 95.0 128.9 50.0 63.0 58.0 327.9 171.0 498.9
30852 张晓斐 110.0 109.0 136.2 69.0 82.0 75.0 355.2 226.0 581.2
30853 张梓涵 101.0 94.0 135.8 72.0 64.0 80.0 330.8 216.0 546.8
30854 郑聪 102.0 89.0 140.1 62.0 57.0 77.0 331.1 196.0 527.1
30855 郑岱锋 92.0 70.0 107.9 58.0 36.0 58.0 269.9 152.0 421.9
30856 郑楷融 102.0 75.0 135.2 79.0 48.0 67.0 312.2 194.0 506.2
30857 郑欣琳 115.0 86.0 135.2 64.0 55.0 75.0 336.2 194.0 530.2
30858 郑宇平 106.0 115.0 131.8 58.0 62.0 73.0 352.8 193.0 545.8
30861 庄先正 102.0 85.0 111.3 55.0 42.0 62.0 298.3 159.0 457.3
30862 邹彤彤 111.0 94.0 132.9 55.0 53.0 75.0 337.9 183.0 520.9
30901 蔡仰涵 114.0 112.0 135.3 76.0 68.0 67.0 361.3 211.0 572.3
30902 陈玳翊 102.0 117.0 121.5 55.0 70.0 76.0 340.5 201.0 541.5
30903 陈方梓淳 115.0 101.0 129.0 47.0 61.0 63.0 345.0 171.0 516.0
30904 陈俊锴 107.0 92.0 131.7 62.0 63.0 66.0 330.7 191.0 521.7
30905 陈铿 111.0 93.0 108.3 58.0 75.0 72.0 312.3 205.0 517.3
30906 陈琳 105.0 118.0 114.9 64.0 72.0 61.0 337.9 197.0 534.9
30907 陈淼泓 104.0 89.0 119.0 44.0 50.0 66.0 312.0 160.0 472.0
30908 陈诺 122.0 103.0 125.5 71.0 70.0 70.0 350.5 211.0 561.5
30909 陈申 115.0 117.0 127.9 75.0 74.0 80.0 359.9 229.0 588.9
30910 陈曦芃 106.0 98.0 131.3 51.0 50.0 80.0 335.3 181.0 516.3
30911 陈逸挺 97.0 84.0 114.9 50.0 45.0 57.0 295.9 152.0 447.9
30912 陈钰媛 109.0 112.0 127.3 57.0 68.0 73.0 348.3 198.0 546.3
30913 陈裕 88.0 86.0 113.5 34.0 53.0 72.0 287.5 159.0 446.5
30914 陈钊燚 115.0 118.0 130.1 81.0 79.0 72.0 363.1 232.0 595.1
30915 丁琪瑄 107.0 107.0 128.4 48.0 82.0 78.0 342.4 208.0 550.4
30916 丁泽晟 107.0 121.0 122.9 88.0 87.0 81.0 350.9 256.0 606.9
30917 董信步 112.0 93.0 126.2 69.0 77.0 78.0 331.2 224.0 555.2
30918 郭婉祺 110.0 120.0 135.6 80.0 67.0 74.0 365.6 221.0 586.6
30919 郭潇凯 107.0 106.0 126.1 69.0 74.0 65.0 339.1 208.0 547.1
30920 洪愿足 99.0 118.0 132.9 66.0 79.0 76.0 349.9 221.0 570.9
30921 黄川 117.0 130.0 131.8 78.0 77.0 72.0 378.8 227.0 605.8
30923 黄晓彤 104.0 65.0 135.9 42.0 37.0 70.0 304.9 149.0 453.9
30924 黄泽钦 109.0 122.0 128.7 75.0 89.0 82.0 359.7 246.0 605.7
30925 黄梓媛 121.0 117.0 138.6 62.0 72.0 71.0 376.6 205.0 581.6
30926 蓝菁 101.0 114.0 130.1 49.0 72.0 78.0 345.1 199.0 544.1
30927 李金洺 102.0 70.0 125.1 45.0 28.0 46.0 297.1 119.0 416.1
30928 李乐浩 104.0 89.0 128.4 61.0 66.0 60.0 321.4 187.0 508.4
30929 李泽銮 116.0 90.0 135.8 75.0 46.0 68.0 341.8 189.0 530.8
30930 林翰 107.0 106.0 129.0 53.0 66.0 76.0 342.0 195.0 537.0
30931 林洁娜 101.0 100.0 127.9 55.0 67.0 54.0 328.9 176.0 504.9
30932 林锦燕 114.0 106.0 134.5 67.0 80.0 69.0 354.5 216.0 570.5
30933 林仕居 111.0 131.0 137.4 90.0 80.0 76.0 379.4 246.0 625.4
30934 林铄浩 120.0 90.0 134.1 60.0 82.0 65.0 344.1 207.0 551.1
30935 林晓琪 116.0 106.0 140.1 53.0 69.0 74.0 362.1 196.0 558.1
30936 林依洁 104.0 80.0 133.2 50.0 60.0 53.0 317.2 163.0 480.2
30937 刘泳钊 101.0 70.0 120.7 54.0 39.0 65.0 291.7 158.0 449.7
30938 罗泽鑫 114.0 102.0 126.8 76.0 68.0 74.0 342.8 218.0 560.8
30939 欧阳苇航 113.0 107.0 138.4 94.0 80.0 76.0 358.4 250.0 608.4
30940 潘沛 106.0 116.0 131.9 66.0 53.0 68.0 353.9 187.0 540.9
30941 邱子涵 104.0 103.0 137.6 65.0 76.0 72.0 344.6 213.0 557.6
30942 芮滢 112.0 120.0 131.1 73.0 64.0 69.0 363.1 206.0 569.1
30943 沈子钦 108.0 92.0 125.1 51.0 54.0 79.0 325.1 184.0 509.1
30944 王逸楠 110.0 93.0 127.3 64.0 62.0 73.0 330.3 199.0 529.3
30945 王梓宜 96.0 95.0 110.7 70.0 84.0 77.0 301.7 231.0 532.7
30946 吴佳锡 98.0 114.0 140.4 78.0 86.0 72.0 352.4 236.0 588.4
30947 吴奕艾 101.0 103.0 118.7 65.0 68.0 75.0 322.7 208.0 530.7
30948 吴逸慈 83.0 77.0 127.6 68.0 52.0 76.0 287.6 196.0 483.6
30949 徐仰男 111.0 89.0 137.9 67.0 77.0 76.0 337.9 220.0 557.9
30950 杨亦茜 116.0 117.0 132.3 77.0 63.0 72.0 365.3 212.0 577.3
30951 姚炜琳 97.0 97.0 126.2 39.0 55.0 70.0 320.2 164.0 484.2
30952 余烁 113.0 113.0 123.9 59.0 76.0 55.0 349.9 190.0 539.9
30953 袁一欣 101.0 106.0 135.2 62.0 67.0 59.0 342.2 188.0 530.2
30954 曾慧宾 112.0 85.0 123.9 56.0 75.0 62.0 320.9 193.0 513.9
30956 张禾 113.0 94.0 121.1 52.0 63.0 58.0 328.1 173.0 501.1
30957 郑瑞锐 121.0 129.0 139.0 88.0 82.0 85.0 389.0 255.0 644.0
30958 郑闻铎 112.0 78.0 124.1 56.0 56.0 71.0 314.1 183.0 497.1
30959 郑勋 100.0 103.0 131.1 47.0 58.0 71.0 334.1 176.0 510.1
30960 郑哲 97.0 60.0 119.6 50.0 49.0 56.0 276.6 155.0 431.6
30961 朱海平 97.0 72.0 123.4 60.0 58.0 74.0 292.4 192.0 484.4
30962 庄瑞临 117.0 93.0 133.5 67.0 76.0 64.0 343.5 207.0 550.5
31001 蔡凡 102.0 93.0 134.8 51.0 74.0 66.0 329.8 191.0 520.8
31002 蔡若珂 105.0 95.0 130.7 81.0 64.0 65.0 330.7 210.0 540.7
31004 蔡周峰 106.0 103.0 138.6 77.0 71.0 69.0 347.6 217.0 564.6
31005 陈蓓蓓 109.0 103.0 129.3 61.0 68.0 74.0 341.3 203.0 544.3
31006 陈钧哲 111.0 115.0 137.4 85.0 83.0 73.0 363.4 241.0 604.4
31007 陈树煜 104.0 119.0 118.6 88.0 66.0 73.0 341.6 227.0 568.6
31008 陈泰霖 107.0 110.0 137.6 71.0 86.0 76.0 354.6 233.0 587.6
31009 陈童菲 114.0 114.0 133.1 65.0 77.0 80.0 361.1 222.0 583.1
31010 陈泽锋 102.0 88.0 123.5 45.0 85.0 71.0 313.5 201.0 514.5
31011 陈泽锐 99.0 85.0 122.9 59.0 61.0 65.0 306.9 185.0 491.9
31012 池逸和 114.0 124.0 139.0 77.0 58.0 60.0 377.0 195.0 572.0
31013 杜鑫 115.0 115.0 132.3 85.0 65.0 72.0 362.3 222.0 584.3
31014 范冬倪 102.0 98.0 132.4 51.0 56.0 63.0 332.4 170.0 502.4
31015 房瑜仪 109.0 133.0 128.7 83.0 78.0 74.0 370.7 235.0 605.7
31016 高帅博 94.0 92.0 118.4 81.0 77.0 55.0 304.4 213.0 517.4
31017 黄钿津 103.0 120.0 105.9 31.0 28.0 53.0 328.9 112.0 440.9
31018 黄兰馨 109.0 103.0 131.9 60.0 78.0 77.0 343.9 215.0 558.9
31019 黄立涵 101.0 133.0 130.8 84.0 77.0 67.0 364.8 228.0 592.8
31020 黄泽瀚 109.0 114.0 135.1 70.0 79.0 77.0 358.1 226.0 584.1
31021 纪南帆 103.0 91.0 113.4 57.0 41.0 64.0 307.4 162.0 469.4
31022 纪欣格 100.0 114.0 126.2 65.0 54.0 69.0 340.2 188.0 528.2
31023 金敏桦 119.0 98.0 136.2 60.0 76.0 72.0 353.2 208.0 561.2
31024 李嘉桦 105.0 120.0 120.8 65.0 62.0 67.0 345.8 194.0 539.8
31025 李芷佳 106.0 91.0 138.4 58.0 67.0 65.0 335.4 190.0 525.4
31026 林翠环 106.0 111.0 131.8 70.0 63.0 65.0 348.8 198.0 546.8
31027 林丹娜 108.0 100.0 127.9 75.0 74.0 77.0 335.9 226.0 561.9
31028 林婷婷 98.0 105.0 132.5 71.0 60.0 69.0 335.5 200.0 535.5
31029 林钰 111.0 102.0 140.1 48.0 63.0 68.0 353.1 179.0 532.1
31030 林展锋 117.0 86.0 136.4 59.0 77.0 65.0 339.4 201.0 540.4
31031 林子潼 109.0 122.0 131.1 79.0 76.0 77.0 362.1 232.0 594.1
31033 陆天宇 110.0 101.0 132.4 61.0 64.0 66.0 343.4 191.0 534.4
31034 马殊 116.0 112.0 137.9 57.0 63.0 68.0 365.9 188.0 553.9
31036 邱煜群 110.0 109.0 134.3 82.0 70.0 80.0 353.3 232.0 585.3
31037 王昊东 93.0 127.0 124.8 72.0 75.0 84.0 344.8 231.0 575.8
31039 王岳 97.0 77.0 128.6 53.0 52.0 74.0 302.6 179.0 481.6
31040 王芸 98.0 95.0 123.4 50.0 70.0 80.0 316.4 200.0 516.4
31041 翁培锴 108.0 105.0 133.4 65.0 78.0 75.0 346.4 218.0 564.4
31043 吴楠 104.0 128.0 133.3 74.0 82.0 73.0 365.3 229.0 594.3
31044 吴新仪 108.0 99.0 131.3 63.0 71.0 74.0 338.3 208.0 546.3
31045 夏立嘉 111.0 119.0 135.8 62.0 74.0 70.0 365.8 206.0 571.8
31046 辛焜媛 115.0 97.0 136.4 65.0 57.0 74.0 348.4 196.0 544.4
31048 许思琪 97.0 84.0 132.8 70.0 60.0 66.0 313.8 196.0 509.8
31049 羊雪琪 114.0 104.0 136.4 77.0 85.0 76.0 354.4 238.0 592.4
31050 杨基石 112.0 116.0 130.3 72.0 79.0 76.0 358.3 227.0 585.3
31051 杨璐羽 101.0 102.0 117.6 65.0 80.0 78.0 320.6 223.0 543.6
31052 曾炀铃 100.0 97.0 131.1 53.0 58.0 71.0 328.1 182.0 510.1
31053 曾钰辉 101.0 108.0 118.9 78.0 35.0 73.0 327.9 186.0 513.9
31054 张森烔 112.0 96.0 132.8 49.0 76.0 81.0 340.8 206.0 546.8
31055 赵博瑄 108.0 94.0 123.9 48.0 51.0 52.0 325.9 151.0 476.9
31056 郑乐镔 95.0 92.0 120.7 78.0 57.0 47.0 307.7 182.0 489.7
31057 郑若晗 107.0 104.0 125.1 69.0 71.0 73.0 336.1 213.0 549.1
31061 周之祺 112.0 115.0 134.1 85.0 79.0 82.0 361.1 246.0 607.1
31101 蔡滨 109.0 117.0 137.3 86.0 76.0 78.0 363.3 240.0 603.3
31102 曹耿槟 109.0 85.0 132.4 43.0 50.0 57.0 326.4 150.0 476.4
31103 陈浩钦 114.0 117.0 132.6 89.0 72.0 75.0 363.6 236.0 599.6
31104 陈洪昱 111.0 107.0 123.6 79.0 85.0 82.0 341.6 246.0 587.6
31105 陈令烨 112.0 104.0 139.0 67.0 69.0 76.0 355.0 212.0 567.0
31107 陈逸南 102.0 123.0 135.8 72.0 81.0 79.0 360.8 232.0 592.8
31108 陈逸天 115.0 133.0 137.9 68.0 75.0 80.0 385.9 223.0 608.9
31109 陈詠萩 117.0 101.0 136.8 72.0 78.0 72.0 354.8 222.0 576.8
31110 代桂敏 101.0 68.0 131.4 39.0 56.0 70.0 300.4 165.0 465.4
31111 方江鑫 112.0 121.0 129.7 85.0 68.0 75.0 362.7 228.0 590.7
31112 方武智 111.0 74.0 125.1 55.0 47.0 64.0 310.1 166.0 476.1
31113 高亦婷 111.0 95.0 142.3 63.0 58.0 72.0 348.3 193.0 541.3
31114 郭林凯 99.0 58.0 109.6 0 0 0 266.6 0 0
31115 黄航 112.0 121.0 140.1 54.0 75.0 75.0 373.1 204.0 577.1
31116 黄腾 103.0 102.0 127.9 54.0 64.0 61.0 332.9 179.0 511.9
31117 黄钰涵 114.0 85.0 123.9 68.0 43.0 69.0 322.9 180.0 502.9
31118 黄仲铖 93.0 85.0 118.3 58.0 62.0 65.0 296.3 185.0 481.3
31120 李琳纯 108.0 80.0 139.6 57.0 56.0 59.0 327.6 172.0 499.6
31121 李世濠 114.0 100.0 129.6 68.0 75.0 82.0 343.6 225.0 568.6
31122 李晓琳 115.0 91.0 138.7 49.0 61.0 61.0 344.7 171.0 515.7
31123 李旭纯 109.0 101.0 137.3 62.0 80.0 68.0 347.3 210.0 557.3
31124 林德明 91.0 122.0 121.3 88.0 78.0 73.0 334.3 239.0 573.3
31125 林介山 104.0 107.0 127.4 77.0 64.0 74.0 338.4 215.0 553.4
31126 林琳 98.0 88.0 132.5 67.0 65.0 59.0 318.5 191.0 509.5
31127 林南裕 99.0 105.0 124.5 61.0 82.0 74.0 328.5 217.0 545.5
31128 林烁 92.0 112.0 127.9 46.0 50.0 72.0 331.9 168.0 499.9
31129 林媛 111.0 109.0 117.9 64.0 62.0 69.0 337.9 195.0 532.9
31130 林泽豪 102.0 101.0 121.9 60.0 75.0 70.0 324.9 205.0 529.9
31131 林曾越 111.0 103.0 127.4 81.0 85.0 79.0 341.4 245.0 586.4
31132 卢楠 99.0 101.0 120.6 51.0 58.0 48.0 320.6 157.0 477.6
31133 罗世跃 99.0 87.0 121.8 61.0 64.0 69.0 307.8 194.0 501.8
31134 佘晓洁 107.0 79.0 141.5 60.0 57.0 63.0 327.5 180.0 507.5
31135 宋畅 111.0 111.0 136.2 66.0 66.0 60.0 358.2 192.0 550.2
31136 苏梓禄 95.0 54.0 100.3 43.0 42.0 59.0 249.3 144.0 393.3
31137 孙可欣 118.0 119.0 141.4 88.0 81.0 76.0 378.4 245.0 623.4
31138 王冬梅 121.0 115.0 133.1 78.0 85.0 72.0 369.1 235.0 604.1
31139 王睿琪 106.0 101.0 125.1 65.0 73.0 79.0 332.1 217.0 549.1
31140 王松波 115.0 97.0 135.3 66.0 85.0 81.0 347.3 232.0 579.3
31141 王宇涵 112.0 122.0 136.9 74.0 78.0 74.0 370.9 226.0 596.9
31142 翁锐鹏 103.0 91.0 115.6 48.0 36.0 51.0 309.6 135.0 444.6
31143 翁慎喆 106.0 96.0 131.8 73.0 62.0 65.0 333.8 200.0 533.8
31144 吴吉莉 102.0 76.0 135.2 54.0 66.0 77.0 313.2 197.0 510.2
31145 吴锦涛 93.0 94.0 95.4 65.0 30.0 51.0 282.4 146.0 428.4
31146 吴泽钟 112.0 101.0 125.8 58.0 64.0 71.0 338.8 193.0 531.8
31148 肖芷雅 99.0 103.0 136.3 49.0 61.0 72.0 338.3 182.0 520.3
31149 谢冬纯 113.0 105.0 136.3 75.0 82.0 73.0 354.3 230.0 584.3
31150 谢晴 116.0 101.0 140.3 56.0 53.0 64.0 357.3 173.0 530.3
31151 徐子东 104.0 117.0 130.7 72.0 84.0 57.0 351.7 213.0 564.7
31152 杨薇 109.0 112.0 130.3 74.0 78.0 72.0 351.3 224.0 575.3
31153 杨艺霞 126.0 125.0 145.2 94.0 80.0 79.0 396.2 253.0 649.2
31154 姚曙凯 102.0 119.0 126.3 59.0 84.0 74.0 347.3 217.0 564.3
31155 曾扬航 97.0 96.0 134.9 58.0 77.0 76.0 327.9 211.0 538.9
31156 张新阳 104.0 124.0 127.9 91.0 73.0 62.0 355.9 226.0 581.9
31157 郑长河 97.0 108.0 130.0 58.0 59.0 72.0 335.0 189.0 524.0
31158 郑力中 109.0 107.0 135.6 71.0 75.0 62.0 351.6 208.0 559.6
31159 郑润华 109.0 118.0 136.2 74.0 71.0 73.0 363.2 218.0 581.2
31160 郑逸锋 114.0 126.0 135.1 82.0 79.0 78.0 375.1 239.0 614.1
31161 周锦煜 108.0 95.0 131.1 51.0 62.0 70.0 334.1 183.0 517.1
31201 陈健颖 112.0 111.0 135.9 72.0 82.0 79.0 358.9 233.0 591.9
31202 陈楠弘 102.0 117.0 131.7 63.0 65.0 69.0 350.7 197.0 547.7
31203 陈祈丹 95.0 86.0 131.1 32.0 50.0 68.0 312.1 150.0 462.1
31204 陈舒颖 111.0 107.0 140.3 70.0 81.0 70.0 358.3 221.0 579.3
31205 陈晓婷 102.0 82.0 139.0 51.0 53.0 78.0 323.0 182.0 505.0
31206 陈雅昕 110.0 128.0 130.0 94.0 89.0 84.0 368.0 267.0 635.0
31208 陈裕渊 99.0 115.0 135.6 80.0 78.0 75.0 349.6 233.0 582.6
31209 程梓 101.0 91.0 129.4 61.0 49.0 64.0 321.4 174.0 495.4
31210 池霖锋 118.0 122.0 124.1 47.0 61.0 61.0 364.1 169.0 533.1
31211 高丹敏 99.0 90.0 132.4 85.0 61.0 66.0 321.4 212.0 533.4
31212 洪耿鑫 97.0 105.0 111.7 71.0 67.0 80.0 313.7 218.0 531.7
31213 洪泳琪 104.0 123.0 136.2 82.0 74.0 60.0 363.2 216.0 579.2
31214 黄骏涵 102.0 90.0 102.4 63.0 53.0 49.0 294.4 165.0 459.4
31215 黄丽楠 105.0 88.0 119.4 43.0 51.0 62.0 312.4 156.0 468.4
31216 黄绵煌 112.0 99.0 126.8 55.0 67.0 68.0 337.8 190.0 527.8
31217 黄曦宇 102.0 86.0 118.3 64.0 45.0 53.0 306.3 162.0 468.3
31218 李洁淳 107.0 98.0 127.4 57.0 62.0 58.0 332.4 177.0 509.4
31219 李晓波 106.0 91.0 122.5 68.0 67.0 75.0 319.5 210.0 529.5
31220 李育纯 114.0 79.0 127.8 65.0 76.0 67.0 320.8 208.0 528.8
31221 李云山 103.0 110.0 127.9 0 0 0 340.9 0 0
31222 林翰韬 95.0 87.0 123.9 57.0 67.0 71.0 305.9 195.0 500.9
31223 林靖 110.0 116.0 128.0 96.0 79.0 55.0 354.0 230.0 584.0
31224 林敏英 111.0 103.0 136.8 70.0 81.0 69.0 350.8 220.0 570.8
31225 林汪灏 97.0 62.0 120.7 49.0 51.0 61.0 279.7 161.0 440.7
31226 林晓仰 113.0 106.0 134.1 69.0 70.0 76.0 353.1 215.0 568.1
31227 刘陈婷 104.0 100.0 133.4 62.0 73.0 77.0 337.4 212.0 549.4
31228 刘淇文 99.0 82.0 123.4 42.0 51.0 70.0 304.4 163.0 467.4
31229 刘逸璋 101.0 113.0 131.8 54.0 54.0 70.0 345.8 178.0 523.8
31230 罗立扬 111.0 117.0 134.6 77.0 84.0 78.0 362.6 239.0 601.6
31231 马尚霖 97.0 94.0 118.9 48.0 55.0 71.0 309.9 174.0 483.9
31232 沈楠 109.0 84.0 135.1 57.0 68.0 80.0 328.1 205.0 533.1
31233 孙奇 115.0 128.0 141.3 76.0 83.0 85.0 384.3 244.0 628.3
31234 孙泽鑫 103.0 95.0 117.9 59.0 65.0 62.0 315.9 186.0 501.9
31235 王锴 117.0 109.0 133.9 63.0 87.0 80.0 359.9 230.0 589.9
31236 王婉仪 110.0 81.0 132.9 36.0 62.0 58.0 323.9 156.0 479.9
31237 王炜 101.0 123.0 135.8 78.0 74.0 72.0 359.8 224.0 583.8
31238 王志鹏 107.0 105.0 134.1 59.0 70.0 80.0 346.1 209.0 555.1
31239 王梓菁 101.0 88.0 118.4 75.0 84.0 64.0 307.4 223.0 530.4
31240 翁子腾 107.0 124.0 128.6 67.0 61.0 64.0 359.6 192.0 551.6
31241 吴宏振 108.0 95.0 119.9 55.0 44.0 68.0 322.9 167.0 489.9
31243 吴晓杰 96.0 124.0 133.5 85.0 68.0 82.0 353.5 235.0 588.5
31244 肖扬秀 101.0 106.0 142.9 65.0 89.0 68.0 349.9 222.0 571.9
31245 谢艾津 100.0 80.0 126.8 66.0 53.0 62.0 306.8 181.0 487.8
31246 谢泽杰 115.0 106.0 131.3 75.0 79.0 71.0 352.3 225.0 577.3
31247 许涵英 104.0 100.0 128.9 48.0 79.0 69.0 332.9 196.0 528.9
31248 许佳森 111.0 95.0 98.0 51.0 66.0 65.0 304.0 182.0 486.0
31249 许桐辉 110.0 94.0 130.8 62.0 55.0 70.0 334.8 187.0 521.8
31250 杨时骅 97.0 83.0 111.1 29.0 45.0 60.0 291.1 134.0 425.1
31251 杨时颖 103.0 107.0 135.8 58.0 76.0 66.0 345.8 200.0 545.8
31252 余洢彤 105.0 97.0 126.6 49.0 57.0 70.0 328.6 176.0 504.6
31253 曾婵娟 104.0 106.0 135.8 75.0 84.0 75.0 345.8 234.0 579.8
31254 张漫卿 110.0 57.0 109.6 22.0 54.0 59.0 276.6 135.0 411.6
31255 张睿莹 106.0 121.0 131.1 66.0 81.0 71.0 358.1 218.0 576.1
31256 张艺涵 103.0 113.0 139.6 60.0 91.0 83.0 355.6 234.0 589.6
31257 郑思思 101.0 85.0 120.1 60.0 67.0 67.0 306.1 194.0 500.1
31258 郑希彦 100.0 99.0 123.8 56.0 63.0 62.0 322.8 181.0 503.8
31259 郑以豪 103.0 118.0 127.9 62.0 68.0 79.0 348.9 209.0 557.9
31261 朱源腾 95.0 102.0 130.1 73.0 59.0 80.0 327.1 212.0 539.1
31262 朱越 120.0 99.0 140.1 75.0 81.0 78.0 359.1 234.0 593.1
31301 蔡祎晖 101.0 110.0 123.4 46.0 74.0 73.0 334.4 193.0 527.4
31302 蔡永杰 104.0 77.0 111.0 52.0 75.0 80.0 292.0 207.0 499.0
31303 蔡泽莎 110.0 104.0 136.8 62.0 77.0 71.0 350.8 210.0 560.8
31304 蔡芝恬 113.0 111.0 133.9 67.0 77.0 63.0 357.9 207.0 564.9
31305 陈璐 98.0 92.0 125.5 70.0 55.0 80.0 315.5 205.0 520.5
31306 陈冉 115.0 102.0 140.6 59.0 62.0 78.0 357.6 199.0 556.6
31308 陈宇铭 102.0 112.0 134.6 61.0 78.0 75.0 348.6 214.0 562.6
31309 陈岳彬 110.0 99.0 130.1 50.0 57.0 66.0 339.1 173.0 512.1
31310 郭剑豪 100.0 98.0 129.8 57.0 74.0 71.0 327.8 202.0 529.8
31311 黄凯丽 96.0 101.0 117.9 62.0 54.0 76.0 314.9 192.0 506.9
31313 黄桢栩 109.0 85.0 127.3 59.0 53.0 71.0 321.3 183.0 504.3
31314 黄柱铭 101.0 106.0 115.3 71.0 61.0 73.0 322.3 205.0 527.3
31315 赖浩锋 108.0 116.0 134.8 59.0 84.0 75.0 358.8 218.0 576.8
31316 李斯涵 93.0 78.0 0 47.0 28.0 49.0 0 124.0 0
31317 林耿烨 105.0 111.0 131.7 55.0 76.0 70.0 347.7 201.0 548.7
31318 林炜钿 113.0 110.0 116.9 44.0 74.0 78.0 339.9 196.0 535.9
31319 林业渺 108.0 113.0 125.2 79.0 63.0 72.0 346.2 214.0 560.2
31320 林子棉 107.0 121.0 122.9 92.0 70.0 77.0 350.9 239.0 589.9
31321 刘佳彤 107.0 96.0 123.8 34.0 60.0 72.0 326.8 166.0 492.8
31322 刘珊 118.0 83.0 135.1 58.0 70.0 70.0 336.1 198.0 534.1
31323 陆齐 100.0 97.0 132.3 50.0 61.0 75.0 329.3 186.0 515.3
31324 马丹泓 106.0 90.0 99.0 58.0 82.0 79.0 295.0 219.0 514.0
31325 马伟根 116.0 123.0 136.9 72.0 86.0 79.0 375.9 237.0 612.9
31326 欧斐斐 110.0 105.0 139.0 68.0 77.0 74.0 354.0 219.0 573.0
31327 宋伊钿 104.0 89.0 139.0 53.0 69.0 83.0 332.0 205.0 537.0
31328 苏昉 112.0 101.0 133.5 56.0 77.0 76.0 346.5 209.0 555.5
31329 孙佳笙 104.0 109.0 128.3 58.0 72.0 75.0 341.3 205.0 546.3
31330 孙隽源 116.0 128.0 139.6 79.0 73.0 76.0 383.6 228.0 611.6
31331 吴国炀 108.0 88.0 129.0 49.0 63.0 76.0 325.0 188.0 513.0
31332 吴铭泓 104.0 108.0 135.2 66.0 76.0 79.0 347.2 221.0 568.2
31333 吴任诚 111.0 102.0 127.8 37.0 60.0 58.0 340.8 155.0 495.8
31334 吴之林 105.0 104.0 122.4 71.0 80.0 68.0 331.4 219.0 550.4
31335 肖林昕 99.0 35.0 101.6 33.0 38.0 71.0 235.6 142.0 377.6
31336 谢键焕 104.0 125.0 132.5 79.0 83.0 81.0 361.5 243.0 604.5
31338 徐略 107.0 86.0 115.1 38.0 36.0 56.0 308.1 130.0 438.1
31339 徐紫丹 108.0 101.0 119.4 43.0 65.0 69.0 328.4 177.0 505.4
31340 许锦涛 103.0 111.0 132.1 76.0 80.0 67.0 346.1 223.0 569.1
31341 许稚芝 112.0 110.0 126.2 59.0 66.0 56.0 348.2 181.0 529.2
31342 许宗蕾 90.0 89.0 117.9 32.0 36.0 50.0 296.9 118.0 414.9
31343 颜舒洁 109.0 100.0 129.0 43.0 37.0 68.0 338.0 148.0 486.0
31344 羊恩跃 96.0 113.0 104.6 73.0 78.0 76.0 313.6 227.0 540.6
31345 杨璐洁 104.0 89.0 140.3 66.0 63.0 78.0 333.3 207.0 540.3
31346 杨宓 115.0 111.0 137.3 70.0 68.0 80.0 363.3 218.0 581.3
31347 杨晓虹 106.0 83.0 123.9 47.0 51.0 73.0 312.9 171.0 483.9
31348 姚佳宜 112.0 103.0 132.8 62.0 75.0 76.0 347.8 213.0 560.8
31349 姚星宇 106.0 113.0 132.3 63.0 71.0 65.0 351.3 199.0 550.3
31350 姚映苗 122.0 109.0 130.1 65.0 71.0 62.0 361.1 198.0 559.1
31351 余嘉梓 106.0 129.0 128.0 62.0 78.0 77.0 363.0 217.0 580.0
31354 曾坚锐 117.0 100.0 129.1 86.0 56.0 71.0 346.1 213.0 559.1
31355 曾妍 105.0 108.0 116.1 67.0 63.0 65.0 329.1 195.0 524.1
31356 詹海鹏 111.0 130.0 124.2 90.0 85.0 78.0 365.2 253.0 618.2
31357 詹絮素 112.0 79.0 125.1 43.0 56.0 63.0 316.1 162.0 478.1
31358 张泽恩 103.0 107.0 126.4 45.0 70.0 76.0 336.4 191.0 527.4
31359 章智秋 100.0 130.0 131.8 72.0 79.0 70.0 361.8 221.0 582.8
31360 郑少锐 112.0 99.0 110.7 42.0 55.0 65.0 321.7 162.0 483.7
31361 郑泽明 105.0 108.0 125.2 67.0 64.0 73.0 338.2 204.0 542.2
31362 庄鸿鑫 113.0 114.0 139.0 76.0 92.0 74.0 366.0 242.0 608.0
31401 陈岱芃 122.0 101.0 144.5 60.0 65.0 78.0 367.5 203.0 570.5
31402 陈端华 115.0 100.0 142.4 68.0 69.0 74.0 357.4 211.0 568.4
31403 陈挥遒 103.0 85.0 123.9 35.0 51.0 71.0 311.9 157.0 468.9
31404 陈建诚 98.0 100.0 139.0 83.0 85.0 77.0 337.0 245.0 582.0
31405 陈沛峰 105.0 115.0 98.4 48.0 54.0 57.0 318.4 159.0 477.4
31406 陈芃 105.0 113.0 131.8 80.0 82.0 70.0 349.8 232.0 581.8
31407 陈铄霓 109.0 91.0 124.5 59.0 45.0 78.0 324.5 182.0 506.5
31408 陈奕希 120.0 81.0 123.8 66.0 71.0 66.0 324.8 203.0 527.8
31409 陈泽伟 113.0 91.0 126.9 67.0 77.0 79.0 330.9 223.0 553.9
31410 陈喆慧 118.0 112.0 126.2 66.0 71.0 77.0 356.2 214.0 570.2
31411 陈至渲 119.0 121.0 140.7 69.0 83.0 81.0 380.7 233.0 613.7
31413 邓昱聪 112.0 105.0 130.6 48.0 71.0 73.0 347.6 192.0 539.6
31414 邓泽淳 120.0 93.0 107.2 54.0 64.0 70.0 320.2 188.0 508.2
31415 冯嘉俊 119.0 95.0 127.4 53.0 83.0 79.0 341.4 215.0 556.4
31416 龚泽颖 117.0 115.0 138.6 58.0 71.0 66.0 370.6 195.0 565.6
31417 郭冰桦 99.0 107.0 139.6 53.0 66.0 71.0 345.6 190.0 535.6
31418 黄恩童 103.0 101.0 122.8 71.0 76.0 73.0 326.8 220.0 546.8
31419 黄桂凤 108.0 111.0 116.8 66.0 52.0 59.0 335.8 177.0 512.8
31420 江锦虹 109.0 105.0 135.2 75.0 71.0 78.0 349.2 224.0 573.2
31421 李佳晟 113.0 111.0 139.0 48.0 75.0 69.0 363.0 192.0 555.0
31422 李楠 124.0 118.0 121.8 56.0 78.0 79.0 363.8 213.0 576.8
31423 李舒婷 113.0 103.0 129.1 69.0 56.0 73.0 345.1 198.0 543.1
31424 李易熹 101.0 107.0 135.6 69.0 83.0 77.0 343.6 229.0 572.6
31425 林泓 103.0 90.0 133.2 72.0 69.0 68.0 326.2 209.0 535.2
31426 林可依 105.0 108.0 127.2 50.0 70.0 64.0 340.2 184.0 524.2
31427 林珮汝 109.0 112.0 134.1 60.0 65.0 69.0 355.1 194.0 549.1
31428 林心玥 114.0 89.0 140.0 40.0 43.0 53.0 343.0 136.0 479.0
31429 刘硕霓 113.0 107.0 135.1 78.0 78.0 80.0 355.1 236.0 591.1
31431 卢琳绵 112.0 99.0 138.7 70.0 74.0 72.0 349.7 216.0 565.7
31432 吕远东 112.0 116.0 134.2 67.0 69.0 82.0 362.2 218.0 580.2
31433 马旭民 111.0 133.0 131.4 67.0 80.0 75.0 375.4 222.0 597.4
31434 麦泽涵 123.0 98.0 138.6 80.0 78.0 78.0 359.6 236.0 595.6
31435 邱鸿鑫 112.0 121.0 125.5 56.0 73.0 81.0 358.5 210.0 568.5
31436 邱诗钿 109.0 73.0 96.5 53.0 39.0 62.0 278.5 154.0 432.5
31437 邱梓妍 113.0 98.0 127.2 76.0 76.0 78.0 338.2 230.0 568.2
31438 谭妍真 106.0 95.0 129.8 67.0 51.0 79.0 330.8 197.0 527.8
31439 王毓佳 110.0 104.0 107.9 51.0 62.0 75.0 321.9 188.0 509.9
31440 吴昊 110.0 60.0 133.4 34.0 31.0 78.0 303.4 143.0 446.4
31441 吴浩瀚 95.0 92.0 127.4 85.0 75.0 76.0 314.4 236.0 550.4
31442 吴彤君 107.0 105.0 120.8 54.0 51.0 67.0 332.8 172.0 504.8
31443 肖培亮 117.0 108.0 130.7 83.0 70.0 82.0 355.7 235.0 590.7
31444 谢碧瑶 106.0 103.0 136.8 58.0 86.0 82.0 345.8 226.0 571.8
31445 辛杨淳 104.0 106.0 136.3 69.0 69.0 78.0 346.3 216.0 562.3
31446 徐国玮 110.0 94.0 130.7 64.0 67.0 73.0 334.7 204.0 538.7
31447 徐铤 121.0 104.0 141.1 80.0 91.0 79.0 366.1 250.0 616.1
31448 许凯涵 100.0 108.0 136.2 55.0 52.0 75.0 344.2 182.0 526.2
31449 许正纲 112.0 98.0 102.9 65.0 60.0 73.0 312.9 198.0 510.9
31450 杨琳 109.0 95.0 132.8 52.0 74.0 73.0 336.8 199.0 535.8
31451 杨泽仪 110.0 99.0 129.9 49.0 84.0 66.0 338.9 199.0 537.9
31452 姚广濠 116.0 114.0 137.3 83.0 79.0 78.0 367.3 240.0 607.3
31453 叶济东 101.0 108.0 137.3 66.0 72.0 72.0 346.3 210.0 556.3
31454 叶洋 117.0 99.0 118.1 71.0 72.0 74.0 334.1 217.0 551.1
31455 余旭玮 106.0 87.0 132.3 43.0 60.0 71.0 325.3 174.0 499.3
31456 曾思沛 110.0 93.0 134.6 66.0 73.0 77.0 337.6 216.0 553.6
31457 张睿博 0 100.0 128.3 65.0 62.0 78.0 0 205.0 0
31458 章炫锐 120.0 110.0 132.4 67.0 82.0 82.0 362.4 231.0 593.4
31459 章梓烨 105.0 89.0 131.7 43.0 49.0 75.0 325.7 167.0 492.7
31460 郑康 99.0 100.0 131.1 53.0 75.0 75.0 330.1 203.0 533.1
31461 郑宇婷 112.0 104.0 132.8 60.0 70.0 66.0 348.8 196.0 544.8
31462 庄泽达 98.0 63.0 105.8 47.0 29.0 50.0 266.8 126.0 392.8
31501 蔡嘉煜 107.0 95.0 116.1 55.0 66.0 69.0 318.1 190.0 508.1
31502 陈力 105.0 95.0 125.1 58.0 76.0 80.0 325.1 214.0 539.1
31503 陈梦琪 118.0 111.0 0 0 0 0 0 0 0
31504 陈培铭 113.0 118.0 129.0 54.0 87.0 82.0 360.0 223.0 583.0
31505 陈佩恋 115.0 106.0 125.8 64.0 52.0 75.0 346.8 191.0 537.8
31506 陈斯哲 107.0 113.0 109.4 73.0 78.0 82.0 329.4 233.0 562.4
31507 陈文浩 109.0 122.0 130.8 76.0 80.0 74.0 361.8 230.0 591.8
31508 陈漪皓 110.0 107.0 133.4 66.0 58.0 65.0 350.4 189.0 539.4
31509 陈溢煌 104.0 98.0 126.0 58.0 67.0 75.0 328.0 200.0 528.0
31510 陈梓轩 104.0 93.0 112.9 54.0 52.0 71.0 309.9 177.0 486.9
31511 程晓婷 111.0 117.0 132.4 79.0 77.0 70.0 360.4 226.0 586.4
31512 杜浜弘 98.0 80.0 104.3 49.0 59.0 57.0 282.3 165.0 447.3
31513 杜佳锴 99.0 125.0 124.1 71.0 83.0 60.0 348.1 214.0 562.1
31514 方宇驰 111.0 103.0 120.1 51.0 62.0 74.0 334.1 187.0 521.1
31515 高越 110.0 117.0 128.6 72.0 83.0 75.0 355.6 230.0 585.6
31516 洪戈 114.0 117.0 137.9 80.0 81.0 68.0 368.9 229.0 597.9
31517 黄向鸿 113.0 116.0 130.7 56.0 75.0 82.0 359.7 213.0 572.7
31518 黄泽山 94.0 85.0 89.3 57.0 49.0 68.0 268.3 174.0 442.3
31519 黄梓彤 116.0 94.0 129.4 61.0 72.0 64.0 339.4 197.0 536.4
31520 柯金宏 113.0 105.0 134.1 89.0 74.0 72.0 352.1 235.0 587.1
31521 赖炜豪 116.0 94.0 127.9 64.0 74.0 74.0 337.9 212.0 549.9
31522 李涵 107.0 118.0 132.9 65.0 60.0 73.0 357.9 198.0 555.9
31523 李沐峻 109.0 96.0 122.9 57.0 62.0 56.0 327.9 175.0 502.9
31524 李润熹 99.0 101.0 130.7 69.0 80.0 76.0 330.7 225.0 555.7
31525 李舒婷 115.0 101.0 135.8 68.0 73.0 63.0 351.8 204.0 555.8
31526 李梓煌 102.0 82.0 132.1 64.0 76.0 59.0 316.1 199.0 515.1
31527 林钗 110.0 96.0 122.9 61.0 70.0 68.0 328.9 199.0 527.9
31528 林若欣 121.0 108.0 140.1 74.0 85.0 77.0 369.1 236.0 605.1
31529 林爽 102.0 104.0 125.6 51.0 64.0 69.0 331.6 184.0 515.6
31530 刘粉婷 123.0 113.0 136.3 75.0 84.0 68.0 372.3 227.0 599.3
31531 刘烨桦 104.0 100.0 134.5 41.0 64.0 79.0 338.5 184.0 522.5
31532 彭瀚锟 101.0 89.0 123.5 48.0 58.0 69.0 313.5 175.0 488.5
31533 邱霜晓 111.0 72.0 134.6 44.0 65.0 66.0 317.6 175.0 492.6
31534 沈晓琦 113.0 95.0 128.0 63.0 72.0 70.0 336.0 205.0 541.0
31535 王曙丹 119.0 103.0 127.9 58.0 62.0 82.0 349.9 202.0 551.9
31536 王泽翔 98.0 122.0 125.2 69.0 62.0 77.0 345.2 208.0 553.2
31537 翁梓洪 92.0 67.0 111.6 43.0 33.0 44.0 270.6 120.0 390.6
31538 吴林瀚 98.0 101.0 124.1 68.0 88.0 75.0 323.1 231.0 554.1
31539 夏梓斌 104.0 86.0 121.7 18.0 47.0 45.0 311.7 110.0 421.7
31540 谢梦霞 122.0 90.0 132.4 59.0 60.0 63.0 344.4 182.0 526.4
31541 谢泳凯 121.0 141.0 130.1 98.0 92.0 87.0 392.1 277.0 669.1
31542 谢植煌 109.0 119.0 113.1 68.0 62.0 62.0 341.1 192.0 533.1
31543 徐国瑞 103.0 77.0 128.0 68.0 79.0 70.0 308.0 217.0 525.0
31544 许欢 103.0 90.0 129.0 55.0 54.0 63.0 322.0 172.0 494.0
31545 许越 108.0 96.0 130.0 72.0 70.0 84.0 334.0 226.0 560.0
31546 杨小嬉 109.0 88.0 135.8 62.0 76.0 68.0 332.8 206.0 538.8
31547 杨铮楷 116.0 107.0 132.5 66.0 70.0 72.0 355.5 208.0 563.5
31548 姚喆仪 112.0 102.0 139.6 74.0 73.0 65.0 353.6 212.0 565.6
31549 袁若瑶 117.0 106.0 136.9 61.0 67.0 74.0 359.9 202.0 561.9
31550 曾少擎 114.0 98.0 132.3 64.0 75.0 66.0 344.3 205.0 549.3
31551 曾欣哲 106.0 103.0 141.3 75.0 81.0 79.0 350.3 235.0 585.3
31552 张志鹏 106.0 117.0 130.6 89.0 85.0 77.0 353.6 251.0 604.6
31553 赵晓冰 96.0 78.0 135.2 51.0 64.0 61.0 309.2 176.0 485.2
31554 郑帆 112.0 115.0 138.0 68.0 78.0 70.0 365.0 216.0 581.0
31556 郑婕 104.0 119.0 142.9 78.0 71.0 75.0 365.9 224.0 589.9
31557 郑钧璟 103.0 107.0 141.8 82.0 78.0 69.0 351.8 229.0 580.8
31558 郑丽璇 112.0 94.0 133.8 77.0 67.0 72.0 339.8 216.0 555.8
31559 郑婷芝 95.0 112.0 132.8 74.0 66.0 66.0 339.8 206.0 545.8
31560 郑鑫海 114.0 106.0 134.5 62.0 64.0 75.0 354.5 201.0 555.5
31561 周健驰 98.0 119.0 122.8 52.0 66.0 69.0 339.8 187.0 526.8
31562 邹丹纯 113.0 99.0 137.9 44.0 55.0 74.0 349.9 173.0 522.9
31601 蔡慈瀚 107.0 123.0 132.5 64.0 75.0 83.0 362.5 222.0 584.5
31602 蔡君悦 107.0 101.0 128.0 50.0 70.0 69.0 336.0 189.0 525.0
31603 陈东晗 110.0 104.0 130.7 78.0 82.0 75.0 344.7 235.0 579.7
31604 陈佳伶 115.0 105.0 131.5 74.0 78.0 74.0 351.5 226.0 577.5
31605 陈佳盈 108.0 118.0 133.6 49.0 73.0 70.0 359.6 192.0 551.6
31606 陈力 105.0 92.0 133.1 72.0 79.0 77.0 330.1 228.0 558.1
31607 陈敏儿 111.0 110.0 145.8 73.0 80.0 71.0 366.8 224.0 590.8
31608 陈派捷 109.0 123.0 127.1 64.0 51.0 61.0 359.1 176.0 535.1
31609 陈日 99.0 90.0 132.4 55.0 63.0 60.0 321.4 178.0 499.4
31610 陈逸镕 109.0 93.0 131.5 56.0 66.0 63.0 333.5 185.0 518.5
31611 陈莹 109.0 102.0 130.8 54.0 79.0 67.0 341.8 200.0 541.8
31612 陈滢 115.0 87.0 133.5 64.0 82.0 74.0 335.5 220.0 555.5
31613 陈梓鑫 107.0 71.0 131.4 45.0 72.0 67.0 309.4 184.0 493.4
31614 方浩锴 108.0 92.0 135.1 53.0 65.0 72.0 335.1 190.0 525.1
31615 黄谷 104.0 97.0 138.0 61.0 82.0 76.0 339.0 219.0 558.0
31617 黄锐敏 121.0 105.0 143.6 71.0 75.0 76.0 369.6 222.0 591.6
31618 黄少邑 111.0 100.0 131.9 48.0 61.0 60.0 342.9 169.0 511.9
31619 黄舒乐 109.0 98.0 126.1 56.0 64.0 65.0 333.1 185.0 518.1
31620 江佳仪 107.0 88.0 131.8 94.0 82.0 74.0 326.8 250.0 576.8
31621 李嘉鑫 107.0 104.0 112.4 59.0 65.0 69.0 323.4 193.0 516.4
31622 李琳丹 112.0 106.0 133.1 60.0 86.0 77.0 351.1 223.0 574.1
31623 李暄婷 110.0 91.0 128.3 43.0 43.0 56.0 329.3 142.0 471.3
31624 李奕 112.0 69.0 132.4 52.0 57.0 66.0 313.4 175.0 488.4
31625 廖骊涵 107.0 101.0 132.5 49.0 53.0 57.0 340.5 159.0 499.5
31626 廖澍镔 98.0 76.0 131.3 73.0 83.0 73.0 305.3 229.0 534.3
31627 林灿荣 48.0 85.0 94.9 10.0 46.0 53.0 227.9 109.0 336.9
31628 林冠之 100.0 113.0 128.7 82.0 58.0 77.0 341.7 217.0 558.7
31629 林楠 108.0 97.0 123.8 66.0 79.0 73.0 328.8 218.0 546.8
31630 林树红 116.0 96.0 141.4 50.0 67.0 64.0 353.4 181.0 534.4
31631 林仪 102.0 109.0 131.7 53.0 66.0 56.0 342.7 175.0 517.7
31632 林意 102.0 88.0 122.3 48.0 54.0 66.0 312.3 168.0 480.3
31634 刘奕 104.0 116.0 128.4 59.0 58.0 74.0 348.4 191.0 539.4
31635 刘泽 108.0 89.0 72.7 56.0 61.0 69.0 269.7 186.0 455.7
31637 卢开书 108.0 128.0 130.6 74.0 76.0 75.0 366.6 225.0 591.6
31638 马润青 105.0 96.0 137.9 73.0 85.0 64.0 338.9 222.0 560.9
31639 彭灏 113.0 107.0 127.8 56.0 62.0 69.0 347.8 187.0 534.8
31640 孙熹珣 104.0 110.0 125.6 51.0 64.0 62.0 339.6 177.0 516.6
31641 孙烨 108.0 115.0 137.3 54.0 73.0 69.0 360.3 196.0 556.3
31642 王海槟 101.0 107.0 128.6 67.0 76.0 81.0 336.6 224.0 560.6
31643 王晓钟 114.0 114.0 134.2 60.0 75.0 74.0 362.2 209.0 571.2
31644 王雨青 96.0 107.0 111.3 82.0 56.0 67.0 314.3 205.0 519.3
31645 吴毅聪 101.0 102.0 126.9 49.0 52.0 59.0 329.9 160.0 489.9
31646 吴梓帆 108.0 119.0 133.9 77.0 70.0 83.0 360.9 230.0 590.9
31647 谢尘沐 111.0 86.0 131.9 51.0 70.0 72.0 328.9 193.0 521.9
31648 谢锦珮 112.0 95.0 133.5 43.0 45.0 74.0 340.5 162.0 502.5
31649 谢小雪 114.0 134.0 140.8 93.0 85.0 83.0 388.8 261.0 649.8
31650 谢奕纯 0 76.0 109.9 52.0 31.0 69.0 0 152.0 0
31651 杨涵 99.0 86.0 118.9 64.0 73.0 76.0 303.9 213.0 516.9
31652 姚采妮 107.0 85.0 114.4 49.0 50.0 66.0 306.4 165.0 471.4
31653 余泽泰 118.0 90.0 132.4 79.0 75.0 77.0 340.4 231.0 571.4
31654 张泽琳 118.0 113.0 138.9 75.0 80.0 76.0 369.9 231.0 600.9
31655 张泽宇 117.0 123.0 127.4 68.0 84.0 78.0 367.4 230.0 597.4
31656 章婉仪 82.0 82.0 131.7 43.0 64.0 47.0 295.7 154.0 449.7
31657 赵先铎 109.0 120.0 131.8 83.0 85.0 81.0 360.8 249.0 609.8
31658 郑涵禧 89.0 92.0 131.3 53.0 71.0 72.0 312.3 196.0 508.3
31660 郑镇灏 115.0 105.0 115.6 55.0 78.0 61.0 335.6 194.0 529.6
31661 郑重 105.0 119.0 120.7 54.0 76.0 70.0 344.7 200.0 544.7
31662 朱俊宇 90.0 96.0 93.4 30.0 59.0 71.0 279.4 160.0 439.4
31663 庄声锐 99.0 80.0 113.2 44.0 45.0 62.0 292.2 151.0 443.2
31701 蔡金沛 104.0 107.0 121.7 68.0 87.0 73.0 332.7 228.0 560.7
31702 蔡俊峰 111.0 104.0 131.1 63.0 75.0 80.0 346.1 218.0 564.1
31703 曹宇韬 116.0 99.0 121.9 60.0 47.0 69.0 336.9 176.0 512.9
31704 陈大立 102.0 109.0 120.3 81.0 80.0 71.0 331.3 232.0 563.3
31705 陈浩杰 102.0 111.0 134.2 69.0 74.0 67.0 347.2 210.0 557.2
31706 陈沛润 113.0 119.0 136.3 74.0 81.0 78.0 368.3 233.0 601.3
31707 陈锐 107.0 126.0 127.4 69.0 83.0 69.0 360.4 221.0 581.4
31708 陈烁 90.0 113.0 121.8 60.0 62.0 57.0 324.8 179.0 503.8
31709 陈学诚 104.0 111.0 144.8 75.0 83.0 64.0 359.8 222.0 581.8
31710 陈韫颖 113.0 100.0 132.3 63.0 68.0 71.0 345.3 202.0 547.3
31712 陈中一 112.0 121.0 138.0 67.0 79.0 73.0 371.0 219.0 590.0
31713 何伊慧 112.0 96.0 133.4 68.0 61.0 60.0 341.4 189.0 530.4
31714 侯思涵 115.0 81.0 144.5 57.0 51.0 71.0 340.5 179.0 519.5
31715 黄彬霆 104.0 100.0 138.6 60.0 64.0 77.0 342.6 201.0 543.6
31717 黄光炳 80.0 89.0 111.8 45.0 47.0 61.0 280.8 153.0 433.8
31718 黄慧敏 113.0 93.0 139.0 71.0 70.0 81.0 345.0 222.0 567.0
31719 黄思翰 110.0 115.0 133.5 66.0 82.0 74.0 358.5 222.0 580.5
31720 黄伟纯 114.0 98.0 131.7 47.0 75.0 57.0 343.7 179.0 522.7
31721 黄莹 116.0 132.0 130.8 67.0 49.0 70.0 378.8 186.0 564.8
31722 黄梓芸 102.0 76.0 121.3 38.0 36.0 48.0 299.3 122.0 421.3
31723 江相渝 97.0 81.0 121.3 33.0 63.0 73.0 299.3 169.0 468.3
31724 李洁瀚 104.0 126.0 135.8 71.0 81.0 80.0 365.8 232.0 597.8
31725 林仰 103.0 113.0 139.1 72.0 76.0 62.0 355.1 210.0 565.1
31726 林雍权 101.0 112.0 126.8 58.0 71.0 80.0 339.8 209.0 548.8
31727 刘嘉鑫 86.0 81.0 115.6 35.0 63.0 59.0 282.6 157.0 439.6
31729 卢仪蕊 114.0 73.0 126.6 52.0 69.0 66.0 313.6 187.0 500.6
31730 马学盈 113.0 87.0 135.2 66.0 71.0 69.0 335.2 206.0 541.2
31731 马直先 105.0 96.0 128.0 69.0 81.0 74.0 329.0 224.0 553.0
31732 麦博 113.0 123.0 133.4 82.0 71.0 83.0 369.4 236.0 605.4
31733 欧阳生 105.0 119.0 130.8 75.0 85.0 74.0 354.8 234.0 588.8
31734 彭琪 98.0 88.0 103.1 61.0 56.0 65.0 289.1 182.0 471.1
31735 佘晓环 101.0 100.0 139.0 64.0 74.0 67.0 340.0 205.0 545.0
31736 王基鸿 113.0 103.0 136.3 61.0 82.0 76.0 352.3 219.0 571.3
31737 王俊澎 103.0 108.0 132.9 59.0 63.0 71.0 343.9 193.0 536.9
31738 王烔毅 109.0 116.0 129.1 74.0 74.0 78.0 354.1 226.0 580.1
31739 王钰 109.0 96.0 127.2 50.0 84.0 70.0 332.2 204.0 536.2
31740 王真子 114.0 116.0 130.8 73.0 57.0 72.0 360.8 202.0 562.8
31741 吴俊翰 99.0 101.0 134.1 63.0 83.0 75.0 334.1 221.0 555.1
31742 吴彤沛 113.0 56.0 123.5 34.0 83.0 79.0 292.5 196.0 488.5
31743 吴伟霞 111.0 102.0 132.5 56.0 77.0 74.0 345.5 207.0 552.5
31744 谢锶琦 108.0 108.0 131.4 68.0 63.0 61.0 347.4 192.0 539.4
31745 许锶妍 119.0 92.0 132.3 59.0 52.0 69.0 343.3 180.0 523.3
31746 许奕烁 96.0 95.0 100.0 48.0 60.0 62.0 291.0 170.0 461.0
31747 许哲浩 111.0 113.0 131.8 64.0 72.0 68.0 355.8 204.0 559.8
31748 杨铠翔 101.0 105.0 114.5 62.0 78.0 61.0 320.5 201.0 521.5
31749 杨腾 104.0 63.0 102.7 41.0 17.0 56.0 269.7 114.0 383.7
31750 姚佳妮 108.0 111.0 129.4 56.0 90.0 76.0 348.4 222.0 570.4
31751 张纯 104.0 93.0 133.5 51.0 68.0 62.0 330.5 181.0 511.5
31752 张锐翰 105.0 85.0 120.9 38.0 46.0 62.0 310.9 146.0 456.9
31754 张奕 87.0 75.0 126.1 41.0 53.0 70.0 288.1 164.0 452.1
31755 张翼 114.0 111.0 130.1 62.0 78.0 71.0 355.1 211.0 566.1
31756 章家竣 112.0 105.0 137.9 74.0 75.0 80.0 354.9 229.0 583.9
31757 郑慈香 111.0 95.0 134.6 74.0 67.0 57.0 340.6 198.0 538.6
31758 郑曼燕 102.0 77.0 127.3 49.0 66.0 55.0 306.3 170.0 476.3
31759 郑铭 101.0 94.0 137.9 70.0 53.0 62.0 332.9 185.0 517.9
31761 周锴捷 98.0 102.0 135.9 58.0 85.0 69.0 335.9 212.0 547.9
31762 庄本熙 96.0 95.0 121.8 76.0 56.0 63.0 312.8 195.0 507.8
31763 黄钰莹 102.0 107.0 132.3 43.0 65.0 63.0 341.3 171.0 512.3
31764 王宏 106.0 114.0 139.0 86.0 77.0 84.0 359.0 247.0 606.0
31801 陈鸿飞 106.0 122.0 132.4 59.0 60.0 70.0 360.4 189.0 549.4
31802 陈家思 107.0 93.0 100.6 71.0 63.0 66.0 300.6 200.0 500.6
31803 陈立芃 96.0 96.0 120.6 48.0 56.0 76.0 312.6 180.0 492.6
31804 陈齐骏 85.0 60.0 72.8 0 0 0 217.8 0 0
31805 陈润铎 106.0 104.0 134.1 55.0 54.0 76.0 344.1 185.0 529.1
31806 陈润楷 109.0 102.0 134.5 65.0 73.0 76.0 345.5 214.0 559.5
31807 陈鑫冰 121.0 118.0 132.6 67.0 46.0 67.0 371.6 180.0 551.6
31808 陈永佳 103.0 118.0 128.4 78.0 89.0 72.0 349.4 239.0 588.4
31809 陈元嘉 112.0 116.0 139.7 70.0 79.0 78.0 367.7 227.0 594.7
31810 冯钰冰 99.0 91.0 123.9 46.0 55.0 68.0 313.9 169.0 482.9
31811 何畅 102.0 45.0 108.8 35.0 31.0 57.0 255.8 123.0 378.8
31812 黄怀瑶 111.0 99.0 125.1 48.0 46.0 68.0 335.1 162.0 497.1
31813 黄凯鹏 103.0 90.0 125.3 31.0 61.0 63.0 318.3 155.0 473.3
31815 黄泽宇 112.0 86.0 121.3 51.0 68.0 63.0 319.3 182.0 501.3
31816 康思妹 117.0 96.0 136.0 57.0 70.0 58.0 349.0 185.0 534.0
31817 孔雪欣 101.0 90.0 135.3 44.0 63.0 59.0 326.3 166.0 492.3
31818 赖淑凌 108.0 87.0 111.8 58.0 60.0 72.0 306.8 190.0 496.8
31819 李俊 107.0 105.0 127.0 47.0 66.0 74.0 339.0 187.0 526.0
31820 李楠 119.0 99.0 129.0 69.0 71.0 60.0 347.0 200.0 547.0
31821 李蔚东 107.0 133.0 123.9 76.0 80.0 78.0 363.9 234.0 597.9
31822 李昕 98.0 117.0 129.7 81.0 83.0 69.0 344.7 233.0 577.7
31823 连泓杰 104.0 107.0 122.4 71.0 73.0 74.0 333.4 218.0 551.4
31824 林泓 92.0 96.0 110.7 58.0 53.0 63.0 298.7 174.0 472.7
31825 林培润 100.0 97.0 125.2 54.0 38.0 63.0 322.2 155.0 477.2
31826 林绮娜 114.0 113.0 134.5 71.0 79.0 76.0 361.5 226.0 587.5
31827 林昕 109.0 109.0 131.7 70.0 65.0 71.0 349.7 206.0 555.7
31828 林奕敏 106.0 112.0 133.5 75.0 74.0 76.0 351.5 225.0 576.5
31829 林泽辉 95.0 110.0 110.6 65.0 76.0 75.0 315.6 216.0 531.6
31830 林泽炜 110.0 113.0 121.1 81.0 85.0 81.0 344.1 247.0 591.1
31831 林增瑞 97.0 100.0 128.9 71.0 69.0 62.0 325.9 202.0 527.9
31832 刘丁玮 113.0 130.0 136.9 81.0 81.0 78.0 379.9 240.0 619.9
31833 卢呈焕 100.0 105.0 111.6 52.0 64.0 58.0 316.6 174.0 490.6
31834 卢智扬 104.0 95.0 137.9 35.0 63.0 66.0 336.9 164.0 500.9
31835 罗亿权 101.0 90.0 129.6 52.0 60.0 70.0 320.6 182.0 502.6
31836 邱乐思 112.0 110.0 133.5 74.0 73.0 64.0 355.5 211.0 566.5
31837 佘涵 108.0 117.0 130.0 67.0 70.0 51.0 355.0 188.0 543.0
31838 汤钰瑛 104.0 105.0 122.8 38.0 49.0 69.0 331.8 156.0 487.8
31839 王佩佩 103.0 115.0 129.7 73.0 57.0 75.0 347.7 205.0 552.7
31840 王思佳 104.0 107.0 133.1 84.0 80.0 57.0 344.1 221.0 565.1
31841 王晓泽 110.0 96.0 124.1 49.0 52.0 67.0 330.1 168.0 498.1
31843 王子瑜 111.0 115.0 131.8 89.0 71.0 69.0 357.8 229.0 586.8
31844 吴绍邦 111.0 119.0 135.6 68.0 64.0 75.0 365.6 207.0 572.6
31845 吴水滇 93.0 112.0 140.3 62.0 64.0 72.0 345.3 198.0 543.3
31846 吴晓琪 106.0 88.0 128.3 67.0 65.0 60.0 322.3 192.0 514.3
31847 吴昕 111.0 92.0 133.4 61.0 63.0 53.0 336.4 177.0 513.4
31848 谢昱康 97.0 90.0 133.4 84.0 76.0 65.0 320.4 225.0 545.4
31849 姚少云 110.0 69.0 99.6 40.0 37.0 63.0 278.6 140.0 418.6
31850 余博浩 91.0 67.0 0 0 0 0 0 0 0
31851 曾泓燊 100.0 113.0 131.3 76.0 82.0 75.0 344.3 233.0 577.3
31852 曾佳泓 119.0 97.0 122.4 74.0 72.0 77.0 338.4 223.0 561.4
31853 曾琳 104.0 98.0 136.2 71.0 60.0 65.0 338.2 196.0 534.2
31854 曾宪瀚 106.0 99.0 115.2 48.0 63.0 73.0 320.2 184.0 504.2
31855 曾伊琳 108.0 95.0 124.6 63.0 53.0 66.0 327.6 182.0 509.6
31856 张随娜 98.0 99.0 125.6 52.0 68.0 72.0 322.6 192.0 514.6
31857 张育铭 101.0 109.0 132.9 63.0 74.0 68.0 342.9 205.0 547.9
31858 章滢蓥 117.0 123.0 136.9 85.0 84.0 73.0 376.9 242.0 618.9
31859 郑任翔 105.0 94.0 135.6 53.0 62.0 82.0 334.6 197.0 531.6
31860 郑子昂 97.0 100.0 137.4 73.0 66.0 72.0 334.4 211.0 545.4
31861 钟浩川 115.0 130.0 131.9 59.0 87.0 78.0 376.9 224.0 600.9
31862 周苑婷 112.0 123.0 136.9 71.0 71.0 82.0 371.9 224.0 595.9
31863 庄妍 112.0 114.0 139.0 56.0 77.0 67.0 365.0 200.0 565.0
31902 蔡卓颖 109.0 109.0 129.4 65.0 85.0 67.0 347.4 217.0 564.4
31903 陈功超 92.0 85.0 128.4 32.0 63.0 68.0 305.4 163.0 468.4
31904 陈浩宇 117.0 119.0 121.4 80.0 84.0 76.0 357.4 240.0 597.4
31905 陈红 101.0 119.0 139.0 65.0 75.0 68.0 359.0 208.0 567.0
31906 陈嘉杭 105.0 89.0 122.1 45.0 45.0 67.0 316.1 157.0 473.1
31907 陈锴灏 122.0 112.0 120.9 69.0 83.0 68.0 354.9 220.0 574.9
31908 陈孟耀 100.0 83.0 110.0 38.0 46.0 68.0 293.0 152.0 445.0
31909 陈伟杰 123.0 125.0 142.9 83.0 83.0 85.0 390.9 251.0 641.9
31910 陈宇霏 98.0 114.0 138.1 52.0 55.0 66.0 350.1 173.0 523.1
31911 陈卓妮 111.0 101.0 140.7 39.0 61.0 72.0 352.7 172.0 524.7
31912 杜振超 114.0 120.0 135.8 84.0 90.0 78.0 369.8 252.0 621.8
31913 方家颖 100.0 113.0 128.8 52.0 59.0 71.0 341.8 182.0 523.8
31915 黄超铄 112.0 83.0 134.8 46.0 71.0 65.0 329.8 182.0 511.8
31916 黄海铭 92.0 111.0 123.5 50.0 63.0 77.0 326.5 190.0 516.5
31917 黄融杰 110.0 125.0 141.8 72.0 81.0 76.0 376.8 229.0 605.8
31918 黄晓琦 111.0 75.0 130.0 57.0 78.0 62.0 316.0 197.0 513.0
31920 黄泽锴 93.0 55.0 103.4 44.0 39.0 63.0 251.4 146.0 397.4
31921 纪沛桐 97.0 95.0 135.6 66.0 77.0 76.0 327.6 219.0 546.6
31923 李光泽 110.0 84.0 115.5 57.0 51.0 73.0 309.5 181.0 490.5
31924 李鸿 115.0 119.0 136.3 87.0 79.0 77.0 370.3 243.0 613.3
31925 李林昕 105.0 101.0 136.9 78.0 76.0 70.0 342.9 224.0 566.9
31926 李欣然 124.0 88.0 136.8 59.0 61.0 72.0 348.8 192.0 540.8
31927 李鑫 106.0 98.0 120.6 34.0 46.0 72.0 324.6 152.0 476.6
31928 李彦腾 104.0 106.0 123.8 64.0 75.0 65.0 333.8 204.0 537.8
31929 林坚生 115.0 85.0 137.0 59.0 67.0 73.0 337.0 199.0 536.0
31930 林乐贤 115.0 121.0 139.3 71.0 70.0 79.0 375.3 220.0 595.3
31931 林萌子 102.0 108.0 145.9 70.0 93.0 82.0 355.9 245.0 600.9
31932 林银虹 113.0 114.0 127.3 71.0 71.0 61.0 354.3 203.0 557.3
31933 林岳青 100.0 111.0 135.5 52.0 71.0 76.0 346.5 199.0 545.5
31934 卢晓杰 111.0 131.0 134.6 85.0 94.0 79.0 376.6 258.0 634.6
31935 马思昀 120.0 95.0 134.5 69.0 77.0 73.0 349.5 219.0 568.5
31936 彭丽妹 115.0 104.0 130.3 47.0 59.0 68.0 349.3 174.0 523.3
31937 彭扬帆 111.0 91.0 133.5 64.0 70.0 68.0 335.5 202.0 537.5
31938 沈桂菱 106.0 97.0 122.9 68.0 65.0 75.0 325.9 208.0 533.9
31939 沈益聪 114.0 114.0 140.1 76.0 77.0 78.0 368.1 231.0 599.1
31940 苏思澄 100.0 106.0 120.5 72.0 70.0 67.0 326.5 209.0 535.5
31941 苏泽坤 92.0 109.0 102.1 53.0 58.0 69.0 303.1 180.0 483.1
31942 王璐 120.0 118.0 137.4 79.0 86.0 79.0 375.4 244.0 619.4
31943 王梓琦 94.0 113.0 121.9 60.0 49.0 74.0 328.9 183.0 511.9
31944 文渲 112.0 104.0 110.4 66.0 71.0 60.0 326.4 197.0 523.4
31945 翁涵 109.0 120.0 133.2 72.0 71.0 76.0 362.2 219.0 581.2
31946 吴虹燕 94.0 101.0 121.8 41.0 65.0 53.0 316.8 159.0 475.8
31947 吴佳銮 118.0 105.0 145.6 74.0 80.0 67.0 368.6 221.0 589.6
31948 吴怡玫 97.0 92.0 129.0 60.0 70.0 69.0 318.0 199.0 517.0
31949 谢罗瀚 101.0 97.0 98.8 48.0 62.0 50.0 296.8 160.0 456.8
31950 谢泽钊 91.0 104.0 126.3 57.0 73.0 74.0 321.3 204.0 525.3
31951 徐润峰 102.0 90.0 107.9 34.0 11.0 38.0 299.9 83.0 382.9
31952 许滨楠 104.0 108.0 133.8 75.0 87.0 79.0 345.8 241.0 586.8
31953 许玫 106.0 109.0 143.5 61.0 69.0 78.0 358.5 208.0 566.5
31954 许子源 110.0 102.0 121.9 29.0 60.0 54.0 333.9 143.0 476.9
31955 杨利秋 115.0 114.0 131.8 64.0 85.0 77.0 360.8 226.0 586.8
31956 余子涵 109.0 107.0 119.9 67.0 62.0 70.0 335.9 199.0 534.9
31958 张超逸 101.0 88.0 127.3 60.0 81.0 55.0 316.3 196.0 512.3
31959 张曼琪 110.0 95.0 134.5 52.0 47.0 65.0 339.5 164.0 503.5
31960 赵彦纯 108.0 113.0 115.6 57.0 81.0 75.0 336.6 213.0 549.6
31961 郑钧漾 93.0 90.0 120.1 53.0 67.0 79.0 303.1 199.0 502.1
31962 郑玮涛 119.0 114.0 127.3 75.0 81.0 79.0 360.3 235.0 595.3
31963 郑锨淇 109.0 121.0 129.4 66.0 74.0 71.0 359.4 211.0 570.4
31964 庄开翔 108.0 119.0 129.6 72.0 80.0 65.0 356.6 217.0 573.6
32001 蔡佳琪 104.0 83.0 130.7 51.0 45.0 62.0 317.7 158.0 475.7
32003 蔡伟龙 106.0 101.0 129.6 52.0 73.0 76.0 336.6 201.0 537.6
32004 陈博涵 109.0 118.0 124.6 70.0 81.0 71.0 351.6 222.0 573.6
32005 陈畅洪 96.0 127.0 110.1 51.0 54.0 75.0 333.1 180.0 513.1
32006 陈润洋 107.0 120.0 132.9 71.0 74.0 75.0 359.9 220.0 579.9
32007 陈思桦 103.0 87.0 136.3 54.0 54.0 65.0 326.3 173.0 499.3
32008 陈雪仪 106.0 107.0 130.1 57.0 83.0 85.0 343.1 225.0 568.1
32009 洪奕祥 93.0 104.0 130.3 81.0 66.0 76.0 327.3 223.0 550.3
32010 胡期升 114.0 121.0 139.0 68.0 73.0 65.0 374.0 206.0 580.0
32011 黄斌伟 111.0 114.0 135.2 76.0 67.0 72.0 360.2 215.0 575.2
32012 黄洪雯 101.0 82.0 123.4 47.0 57.0 71.0 306.4 175.0 481.4
32013 黄敏华 99.0 114.0 135.3 49.0 66.0 63.0 348.3 178.0 526.3
32014 黄舜娴 106.0 100.0 130.8 61.0 62.0 68.0 336.8 191.0 527.8
32015 黄于峻 99.0 76.0 95.3 50.0 54.0 60.0 270.3 164.0 434.3
32016 纪梓荣 96.0 99.0 114.1 42.0 40.0 76.0 309.1 158.0 467.1
32017 李东烁 109.0 95.0 129.6 50.0 74.0 72.0 333.6 196.0 529.6
32018 李洁 112.0 111.0 140.7 87.0 77.0 66.0 363.7 230.0 593.7
32019 李易霖 94.0 83.0 129.7 45.0 67.0 68.0 306.7 180.0 486.7
32020 李治 101.0 115.0 125.2 76.0 91.0 74.0 341.2 241.0 582.2
32021 李卓明 104.0 105.0 133.5 79.0 80.0 73.0 342.5 232.0 574.5
32022 林佳煌 109.0 110.0 122.3 74.0 70.0 76.0 341.3 220.0 561.3
32023 林钦鸿 99.0 115.0 137.9 68.0 72.0 72.0 351.9 212.0 563.9
32024 林小琪 108.0 91.0 125.1 68.0 74.0 76.0 324.1 218.0 542.1
32025 林烨 108.0 95.0 133.9 72.0 70.0 72.0 336.9 214.0 550.9
32027 刘旭东 117.0 120.0 127.6 75.0 88.0 76.0 364.6 239.0 603.6
32028 刘依菁 102.0 117.0 138.6 72.0 74.0 74.0 357.6 220.0 577.6
32029 刘悦韵 114.0 101.0 140.0 73.0 80.0 72.0 355.0 225.0 580.0
32030 马洪量 101.0 102.0 127.8 74.0 65.0 59.0 330.8 198.0 528.8
32031 马茵茵 90.0 96.0 122.9 56.0 52.0 72.0 308.9 180.0 488.9
32032 潘莹涵 108.0 109.0 113.3 34.0 53.0 59.0 330.3 146.0 476.3
32033 沈敏勇 120.0 127.0 133.6 79.0 86.0 70.0 380.6 235.0 615.6
32034 沈晓燕 109.0 119.0 139.7 85.0 62.0 66.0 367.7 213.0 580.7
32035 苏诚章 109.0 90.0 123.3 86.0 71.0 71.0 322.3 228.0 550.3
32036 唐梦洋 105.0 59.0 103.5 32.0 45.0 59.0 267.5 136.0 403.5
32037 王灿杜 105.0 114.0 137.7 70.0 90.0 78.0 356.7 238.0 594.7
32038 王鸿吉 104.0 92.0 129.6 54.0 62.0 64.0 325.6 180.0 505.6
32039 王杰鑫 121.0 123.0 143.6 87.0 82.0 77.0 387.6 246.0 633.6
32040 王泽锴 108.0 98.0 107.2 51.0 63.0 52.0 313.2 166.0 479.2
32041 王子铟 108.0 103.0 141.3 65.0 73.0 63.0 352.3 201.0 553.3
32042 吴斯彤 110.0 107.0 127.3 76.0 67.0 76.0 344.3 219.0 563.3
32044 谢锦珊 113.0 113.0 128.4 49.0 81.0 68.0 354.4 198.0 552.4
32045 谢铠羽 102.0 79.0 133.4 66.0 58.0 72.0 314.4 196.0 510.4
32046 谢婉婷 111.0 91.0 127.3 28.0 52.0 66.0 329.3 146.0 475.3
32047 谢懿锐 113.0 114.0 130.0 56.0 55.0 73.0 357.0 184.0 541.0
32048 徐英芸 108.0 100.0 118.3 46.0 55.0 50.0 326.3 151.0 477.3
32049 许晓刚 112.0 123.0 131.4 72.0 74.0 77.0 366.4 223.0 589.4
32050 许永泓 122.0 130.0 140.7 81.0 85.0 81.0 392.7 247.0 639.7
32051 颜莞尔 103.0 107.0 127.9 54.0 62.0 79.0 337.9 195.0 532.9
32052 姚树耿 104.0 110.0 134.1 73.0 79.0 73.0 348.1 225.0 573.1
32053 姚悦扬 111.0 89.0 122.5 55.0 66.0 66.0 322.5 187.0 509.5
32054 余钊 105.0 72.0 115.1 40.0 65.0 59.0 292.1 164.0 456.1
32055 詹金伟 94.0 92.0 119.1 60.0 51.0 53.0 305.1 164.0 469.1
32056 张皓洵 106.0 102.0 134.5 54.0 67.0 76.0 342.5 197.0 539.5
32057 张扬 94.0 84.0 123.4 44.0 81.0 84.0 301.4 209.0 510.4
32058 张奕欣 91.0 77.0 122.8 53.0 35.0 64.0 290.8 152.0 442.8
32059 郑铠 107.0 96.0 123.5 62.0 66.0 84.0 326.5 212.0 538.5
32060 郑哲然 94.0 107.0 130.1 73.0 82.0 62.0 331.1 217.0 548.1
32061 周泽妍 102.0 96.0 133.6 62.0 68.0 73.0 331.6 203.0 534.6
32062 周子毓 103.0 85.0 137.3 40.0 58.0 63.0 325.3 161.0 486.3
30430 沈丹琼 106 116 138.4 77 75 80 360.4 232 592.4
30433 韦昕澄 117 115 142.8 88 89 80 374.8 257 631.8
30444 许可淳 110 142 141.1 95 85 78 393.1 258 651.1
30447 许旭东 125 125 139.6 75 83 75 389.6 233 622.6
30451 杨芷涵 112 111 134.4 86 79 75 357.4 240 597.4
30457 郑沐林 115 121 142.9 72 91 83 378.9 246 624.9
30520 黄泓鉴 105 134 124.4 79 83 81 363.4 243 606.4
30650 杨金满 110 124 140.7 84 93 76 374.7 253 627.7
30654 余信荣 105 99 136.2 68 79 73 340.2 220 560.2
30714 陈晓雯 124 114 144.5 92 87 81 382.5 260 642.5
30805 陈丹仪 121 124 135.4 83 86 82 380.4 251 631.4
30828 林炳丽 106 131 141.3 91 50 57 378.3 198 576.3
30850 曾宇丹 112 129 145.2 90 83 78 386.2 251 637.2
30859 周弋钿 109 107 143.4 77 84 79 359.4 240 599.4
30955 张涵 115 118 141.3 79 64 82 374.3 225 599.3
31038 王新荣 113 140 135.8 83 83 81 388.8 247 635.8
31059 郑伟纯 113 122 136.3 70 79 83 371.3 232 603.3
31062 庄杰涛 118 117 140.6 64 88 74 375.6 226 601.6
31106 陈斯昂 117 140 143.4 95 90 84 400.4 269 669.4
31242 吴捷健 114 127 145.8 92 93 81 386.8 266 652.8
31260 周名弦 114 141 138 75 80 79 393 234 627
31307 陈文博 110 129 135.9 90 85 72 374.9 247 621.9
31312 黄宇阳 120 129 138.6 86 90 79 387.6 255 642.6
31352 曾博宇 110 125 134.5 70 83 78 369.5 231 600.5
31412 陈佐治 117 112 139.7 74 83 72 368.7 229 597.7
31430 刘易恺 116 127 133.9 85 82 67 376.9 234 610.9
31555 郑杰 111 123 0 82 83 81 0 246 0
31616 黄浩扬 111 123 134.5 81 83 75 368.5 239 607.5
31633 刘思煌 125 117 135.2 101 89 76 377.2 266 643.2
31636 柳婷 120 115 142.9 90 80 78 377.9 248 625.9
31659 郑林楷 100 122 115.2 69 68 79 337.2 216 553.2
31728 卢荣泰 103 130 134.5 74 85 82 367.5 241 608.5
31814 黄昕仪 110 133 139.6 95 83 83 382.6 261 643.6
31842 王振东 102 111 135.2 102 85 78 348.2 265 613.2
31901 蔡育铮 117 116 138.3 80 89 80 371.3 249 620.3
31914 郭佳鑫 121 128 132.9 80 81 81 381.9 242 623.9
31922 李岱谚 122 136 139 84 90 86 397 260 657
32026 刘艾莉 115 135 136.2 72 88 77 386.2 237 623.2
32043 吴泽锐 122 124 142.4 92 79 72 388.4 243 631.4
30415 李艺晴 113 103 139.6 83 78 80 355.6 241 596.6
30729 李沛熙 105 127 127.1 80 88 75 359.1 243 602.1

